tourney_id,tourney_name,surface,draw_size,tourney_level,indoor,tourney_date,match_num,winner_id,winner_seed,winner_entry,winner_name,winner_hand,winner_ht,winner_ioc,winner_age,winner_rank,winner_rank_points,loser_id,loser_seed,loser_entry,loser_name,loser_hand,loser_ht,loser_ioc,loser_age,loser_rank,loser_rank_points,score,best_of,round,minutes,w_ace,w_df,w_svpt,w_1stIn,w_1stWon,w_2ndWon,w_SvGms,w_bpSaved,w_bpFaced,l_ace,l_df,l_svpt,l_1stIn,l_1stWon,l_2ndWon,l_SvGms,l_bpSaved,l_bpFaced
2025-2205,Noumea,Hard,32,C,O,20241230,1,TF58,,,Yusuke Takahashi,R,170,JPN,27.203,530,71,ME82,1,,Adrian Mannarino,L,180,FRA,36.504,70,810,6-3 6-0,3,R32,68,2,1,48,32,23,11,8,1,1,0,4,53,35,17,8,7,7,11
2025-2205,Noumea,Hard,32,C,O,20241230,2,F724,2,,Marton Fucsovics,R,188,HUN,32.893,50,1009,CL84,,,Francisco Cabral,R,191,POR,27.975,1472,2,6-2 6-3,3,R32,65,3,2,46,24,21,14,8,3,3,2,4,55,30,19,10,9,4,8
2025-2205,Noumea,Hard,32,C,O,20241230,3,I0B0,,,Andre Ilagan,L,173,USA,24.12,346,142,D0C1,3,,Jesper de Jong,R,180,NED,24.583,88,673,6-4 7-6(5),3,R32,98,4,0,76,57,42,11,11,5,6,10,3,61,32,25,17,11,0,2
2025-2205,Noumea,Hard,32,C,O,20241230,4,VA25,4,,Valentin Vacherot,R,193,MON,26.122,27,1611,H0BA,,,Shinji Hazawa,R,175,JPN,25.719,1079,11,6-3 6-4,3,R32,81,11,2,64,43,32,12,10,3,4,2,2,51,36,24,5,9,1,4
2025-2205,Noumea,Hard,32,C,O,20241230,5,B0EK,,,Moerani Bouzige,R,180,AUS,25.467,464,95,M0K4,5,,Elmer Moller,R,183,DEN,21.478,120,509,4-6 6-3 6-3,3,R32,123,2,4,88,61,39,13,14,5,9,6,7,103,63,39,17,14,10,16
2025-2205,Noumea,Hard,32,C,O,20241230,6,R09X,6,,Jurij Rodionov,L,191,AUT,25.626,170,350,B0NU,,,Blake Bayldon,L,183,AUS,26.064,1613,2,6-4 6-2,3,R32,68,7,2,51,33,27,11,9,1,1,3,2,57,33,22,9,9,2,5
2025-2205,Noumea,Hard,32,C,O,20241230,7,BO10,7,,Gijs Brouwer,L,191,NED,28.797,176,326,TA46,,,Bernard Tomic,R,196,AUS,32.192,194,313,6-4 6-1,3,R32,62,7,1,56,47,33,4,9,4,5,3,2,50,26,19,7,8,3,7
2025-2205,Noumea,Hard,32,C,O,20241230,8,LB66,8,,Constant Lestienne,R,180,FRA,32.605,188,307,DC38,,,Jake Delaney,R,185,AUS,27.63,469,93,6-3 6-3,3,R32,76,3,1,65,41,28,11,9,5,7,4,3,51,28,15,11,9,3,8
2025-2205,Noumea,Hard,32,C,O,20241230,9,C0LM,,,Charlie Camus,L,175,FRA,18.207,1036,13,O09T,,,Kosuke Ogura,R,170,JPN,28.89,736,35,6-2 6-1,3,R32,59,4,0,40,23,17,6,7,1,3,4,3,55,31,13,6,8,4,11
2025-2205,Noumea,Hard,32,C,O,20241230,10,CG94,,,Enzo Couacaud,R,183,FRA,29.834,206,277,P0ED,,,Kiranpal Pannu,R,185,NZL,27.978,491,80,4-6 6-4 6-1,3,R32,127,20,4,85,48,38,17,13,7,9,6,3,89,53,33,17,14,6,11
2025-2205,Noumea,Hard,32,C,O,20241230,11,H09N,,,August Holmgren,R,188,DEN,26.691,199,303,H0LS,,,Courte Heremana,R,,FRA,17.996,,,6-1 6-2,3,R32,69,5,0,39,27,23,9,8,0,0,2,4,68,44,26,6,7,13,17
2025-2205,Noumea,Hard,32,C,O,20241230,12,I0A6,,,Taisei Ichikawa,L,180,JPN,24.025,718,37,B0M0,,,Liam Branger,R,,FRA,23.932,1406,4,6-4 2-6 6-2,3,R32,110,1,1,74,40,28,19,13,1,4,9,9,80,44,32,15,13,4,8
2025-2205,Noumea,Hard,32,C,O,20241230,13,J620,,,Maxime Janvier,R,196,FRA,28.2,305,168,M0G0,,,Ryuki Matsuda,R,157,JPN,25.008,545,68,6-3 6-3,3,R32,77,7,4,57,34,28,11,9,4,5,1,0,61,34,22,12,9,6,10
2025-2205,Noumea,Hard,32,C,O,20241230,14,M0HU,,,Shintaro Mochizuki,R,175,JPN,21.58,108,551,S0LD,,,Keisuke Saitoh,L,163,JPN,23.671,583,59,6-4 6-4,3,R32,73,4,3,50,33,27,11,10,1,2,1,4,70,40,26,13,10,3,6
2025-2205,Noumea,Hard,32,C,O,20241230,15,PD31,,,Benoit Paire,R,196,FRA,35.647,415,109,SQ79,,,Colin Sinclair,R,188,NMI,30.031,688,42,6-7(4) 6-1 7-5,3,R32,117,17,3,115,59,48,28,16,4,5,9,0,88,56,40,15,15,5,9
2025-2205,Noumea,Hard,32,C,O,20241230,16,T0IA,,,Ryotaro Taguchi,R,173,JPN,24.501,563,62,V0DP,,,Adolfo Daniel Vallejo,R,183,PAR,20.674,104,580,6-3 6-4,3,R32,90,3,3,74,44,27,17,10,5,7,3,5,60,35,20,13,9,6,10
2025-2205,Noumea,Hard,32,C,O,20241230,17,F724,2,,Marton Fucsovics,R,188,HUN,32.893,50,1009,J620,,,Maxime Janvier,R,196,FRA,28.2,305,168,6-4 3-6 6-3,3,R16,108,2,3,89,53,35,25,14,1,2,2,10,75,44,37,16,14,2,4
2025-2205,Noumea,Hard,32,C,O,20241230,18,VA25,4,,Valentin Vacherot,R,193,MON,26.122,27,1611,T0IA,,,Ryotaro Taguchi,R,173,JPN,24.501,563,62,6-1 6-2,3,R16,53,8,1,39,29,24,8,8,0,0,2,3,44,30,15,4,7,2,6
2025-2205,Noumea,Hard,32,C,O,20241230,19,R09X,6,,Jurij Rodionov,L,191,AUT,25.626,170,350,PD31,,,Benoit Paire,R,196,FRA,35.647,415,109,6-4 5-7 6-2,3,R16,115,7,3,94,62,48,14,15,3,5,8,9,101,54,42,19,15,7,11
2025-2205,Noumea,Hard,32,C,O,20241230,20,I0A6,,,Taisei Ichikawa,L,180,JPN,24.025,718,37,BO10,7,,Gijs Brouwer,L,191,NED,28.797,176,326,6-1 6-4,3,R16,67,0,2,59,31,22,15,8,6,7,4,2,55,42,24,3,9,5,10
2025-2205,Noumea,Hard,32,C,O,20241230,21,LB66,8,,Constant Lestienne,R,180,FRA,32.605,188,307,H09N,,,August Holmgren,R,188,DEN,26.691,199,303,5-7 6-2 7-6(1),3,R16,152,3,1,92,60,45,23,16,5,7,4,3,104,57,36,29,16,4,7
2025-2205,Noumea,Hard,32,C,O,20241230,22,B0EK,,,Moerani Bouzige,R,180,AUS,25.467,464,95,C0LM,,,Charlie Camus,L,175,FRA,18.207,1036,13,7-5 6-3,3,R16,101,7,3,70,38,29,16,11,3,5,5,7,75,44,27,12,10,5,9
2025-2205,Noumea,Hard,32,C,O,20241230,23,CG94,,,Enzo Couacaud,R,183,FRA,29.834,206,277,TF58,,,Yusuke Takahashi,R,170,JPN,27.203,530,71,6-3 6-4,3,R16,63,10,1,57,35,29,14,10,2,2,1,3,48,32,22,9,9,1,3
2025-2205,Noumea,Hard,32,C,O,20241230,24,M0HU,,,Shintaro Mochizuki,R,175,JPN,21.58,108,551,I0B0,,,Andre Ilagan,L,173,USA,24.12,346,142,6-7(5) 6-4 6-2,3,R16,147,12,7,94,48,31,25,15,6,10,2,5,109,78,42,13,15,9,16
2025-2205,Noumea,Hard,32,C,O,20241230,25,B0EK,,,Moerani Bouzige,R,180,AUS,25.467,464,95,F724,2,,Marton Fucsovics,R,188,HUN,32.893,50,1009,6-3 6-3,3,QF,92,1,1,61,34,20,20,9,4,5,4,1,57,39,23,10,9,3,7
2025-2205,Noumea,Hard,32,C,O,20241230,26,LB66,8,,Constant Lestienne,R,180,FRA,32.605,188,307,VA25,4,,Valentin Vacherot,R,193,MON,26.122,27,1611,6-2 4-6 7-5,3,QF,153,3,3,104,68,40,16,15,8,14,4,6,101,64,39,10,15,12,20
2025-2205,Noumea,Hard,32,C,O,20241230,27,R09X,6,,Jurij Rodionov,L,191,AUT,25.626,170,350,CG94,,,Enzo Couacaud,R,183,FRA,29.834,206,277,4-6 6-4 6-2,3,QF,107,6,1,77,45,36,16,14,1,4,13,8,92,51,39,13,14,5,10
2025-2205,Noumea,Hard,32,C,O,20241230,28,M0HU,,,Shintaro Mochizuki,R,175,JPN,21.58,108,551,I0A6,,,Taisei Ichikawa,L,180,JPN,24.025,718,37,6-3 6-3,3,QF,87,6,4,80,43,30,18,9,4,5,0,4,58,38,20,10,9,3,7
2025-2205,Noumea,Hard,32,C,O,20241230,29,M0HU,,,Shintaro Mochizuki,R,175,JPN,21.58,108,551,R09X,6,,Jurij Rodionov,L,191,AUT,25.626,170,350,6-3 6-3,3,SF,76,3,1,54,38,29,7,9,2,3,2,3,67,45,25,9,9,1,5
2025-2205,Noumea,Hard,32,C,O,20241230,30,B0EK,,,Moerani Bouzige,R,180,AUS,25.467,464,95,LB66,8,,Constant Lestienne,R,180,FRA,32.605,188,307,6-7(3) 6-3 6-4,3,SF,164,5,7,130,79,52,19,16,13,17,2,5,99,53,36,18,15,3,9
2025-2205,Noumea,Hard,32,C,O,20241230,31,M0HU,,,Shintaro Mochizuki,R,175,JPN,21.58,108,551,B0EK,,,Moerani Bouzige,R,180,AUS,25.467,464,95,6-1 6-3,3,F,75,7,3,59,33,25,10,8,5,7,1,3,50,28,14,5,8,4,10
2025-2791,Nonthaburi 1,Hard,32,C,O,20241230,1,TA29,1,,Marco Trungelliti,R,178,ARG,34.913,134,472,J0D2,,,Maximus Jones,R,185,THA,20.318,304,172,7-5 7-6(4),3,R32,134,5,1,78,48,38,16,12,6,7,6,1,97,56,40,21,12,6,8
2025-2791,Nonthaburi 1,Hard,32,C,O,20241230,2,BK24,2,,Gregoire Barrere,R,183,FRA,30.869,162,371,A0BA,,,Federico Arnaboldi,R,185,ITA,24.534,394,120,6-4 7-6(3),3,R32,94,4,1,76,43,27,17,11,3,6,8,7,73,44,30,10,11,3,7
2025-2791,Nonthaburi 1,Hard,32,C,O,20241230,3,DF92,,,Corentin Denolly,L,188,FRA,27.567,397,119,S0AK,3,,Henri Squire,R,196,GER,24.257,287,183,6-7(4) 6-4 7-6(1),3,R32,125,16,10,122,80,62,20,17,10,11,11,5,100,59,44,25,17,0,2
2025-2791,Nonthaburi 1,Hard,32,C,O,20241230,4,D0DW,4,,Titouan Droguet,R,191,FRA,23.543,150,403,TB70,,,Wishaya Trongcharoenchaikul,R,,THA,29.73,671,45,7-6(3) 6-2,3,R32,82,4,2,62,33,27,17,10,2,3,3,0,64,36,28,11,10,2,5
2025-2791,Nonthaburi 1,Hard,32,C,O,20241230,5,C0BH,5,,Clement Chidekh,R,180,FRA,23.548,202,298,PL64,,,Oleg Prihodko,R,180,UKR,27.242,472,92,6-3 6-2,3,R32,82,3,5,54,33,26,9,8,3,4,9,4,71,45,25,11,9,8,13
2025-2791,Nonthaburi 1,Hard,32,C,O,20241230,6,SR81,,,Khumoyun Sultanov,R,180,UZB,26.177,223,256,S0GR,6,,Timofey Skatov,R,173,KAZ,23.94,190,324,7-6(4) 7-6(6),3,R32,125,16,2,83,57,39,17,12,4,6,6,1,84,57,34,19,12,3,5
2025-2791,Nonthaburi 1,Hard,32,C,O,20241230,7,CG33,,,Kimmer Coppejans,R,178,BEL,30.894,250,221,J09X,7,,Filip Cristian Jianu,R,180,ROU,23.283,252,218,7-6(1) 4-6 6-2,3,R32,140,11,0,98,62,43,20,15,0,3,4,3,82,44,32,19,15,0,4
2025-2791,Nonthaburi 1,Hard,32,C,O,20241230,8,HG94,8,,Benjamin Hassan,R,183,LBN,29.903,259,208,SO20,,,Jelle Sels,R,188,NED,29.391,342,143,6-3 7-5,3,R32,79,8,6,58,36,31,9,11,2,4,3,4,66,44,28,7,10,9,13
2025-2791,Nonthaburi 1,Hard,32,C,O,20241230,9,DG80,,,Enrico Dalla Valle,R,196,ITA,26.779,283,184,C0DS,,,Thanapet Chanta,R,168,THA,25.309,675,44,6-4 7-6(8),3,R32,117,6,1,74,43,30,19,11,2,4,0,2,71,46,30,15,11,0,3
2025-2791,Nonthaburi 1,Hard,32,C,O,20241230,10,KC56,,,Aslan Karatsev,R,185,RUS,31.321,287,179,O482,,,Gonzalo Oliveira,L,185,VEN,29.867,245,235,6-4 6-3,3,R32,90,7,3,57,29,21,17,10,2,4,1,3,63,38,19,14,9,3,7
2025-2791,Nonthaburi 1,Hard,32,C,O,20241230,11,ML57,,,Gianluca Mager,R,188,ITA,30.081,230,251,C0HT,,,Murphy Cassone,R,188,USA,22.374,244,227,7-6(6) 2-6 6-3,3,R32,123,9,3,101,56,42,24,15,7,10,12,3,91,53,41,19,14,5,7
2025-2791,Nonthaburi 1,Hard,32,C,O,20241230,12,MI01,,,Hiroki Moriya,R,168,JPN,34.207,398,119,BU54,,,Geoffrey Blancaneaux,R,180,FRA,26.396,256,211,7-5 7-5,3,R32,143,1,3,93,47,29,21,12,11,16,5,12,87,47,31,10,12,12,19
2025-2791,Nonthaburi 1,Hard,32,C,O,20241230,13,N0CS,,,Lukas Neumayer,R,183,AUT,22.316,223,255,N09U,,,Rio Noguchi,R,168,JPN,26.007,241,234,6-2 6-3,3,R32,73,5,3,49,28,24,13,9,2,2,0,1,54,31,17,13,8,2,5
2025-2791,Nonthaburi 1,Hard,32,C,O,20241230,14,S0UV,,,Rei Sakamoto,R,193,JPN,18.519,184,332,S0MN,,,Marat Sharipov,R,188,RUS,22.226,303,174,7-6(3) 2-6 6-4,3,R32,135,13,2,89,57,43,15,15,5,9,21,2,91,61,45,15,15,4,7
2025-2791,Nonthaburi 1,Hard,32,C,O,20241230,15,S0GD,,,Dalibor Svrcina,R,178,CZE,22.245,96,643,W857,,,Tung-Lin Wu,R,188,TPE,26.637,373,127,2-6 6-4 6-3,3,R32,142,4,9,82,44,28,19,13,8,13,1,3,96,65,36,14,14,5,11
2025-2791,Nonthaburi 1,Hard,32,C,O,20241230,16,T09X,,,Clement Tabur,R,173,FRA,24.934,215,266,S0HR,,,Kasidit Samrej,R,191,THA,23.943,395,120,6-4 7-6(3),3,R32,126,6,5,74,42,31,19,11,5,6,6,5,83,47,33,16,11,4,6
2025-2791,Nonthaburi 1,Hard,32,C,O,20241230,17,DG80,,,Enrico Dalla Valle,R,196,ITA,26.779,283,184,TA29,1,,Marco Trungelliti,R,178,ARG,34.913,134,472,7-6(4) 6-3,3,R16,98,6,4,63,35,30,18,11,2,3,2,5,64,37,28,13,10,1,3
2025-2791,Nonthaburi 1,Hard,32,C,O,20241230,18,BK24,2,,Gregoire Barrere,R,183,FRA,30.869,162,371,S0GD,,,Dalibor Svrcina,R,178,CZE,22.245,96,643,7-5 7-6(5),3,R16,130,3,0,80,55,38,16,12,5,7,2,11,102,55,41,19,12,6,9
2025-2791,Nonthaburi 1,Hard,32,C,O,20241230,19,ML57,,,Gianluca Mager,R,188,ITA,30.081,230,251,D0DW,4,,Titouan Droguet,R,191,FRA,23.543,150,403,6-4 3-6 6-3,3,R16,129,7,4,98,62,43,21,14,9,10,12,3,77,45,38,18,14,4,6
2025-2791,Nonthaburi 1,Hard,32,C,O,20241230,20,S0UV,,,Rei Sakamoto,R,193,JPN,18.519,184,332,C0BH,5,,Clement Chidekh,R,180,FRA,23.548,202,298,6-3 6-0,3,R16,64,7,0,50,26,21,15,8,2,2,1,5,35,17,11,4,7,0,4
2025-2791,Nonthaburi 1,Hard,32,C,O,20241230,21,KC56,,,Aslan Karatsev,R,185,RUS,31.321,287,179,HG94,8,,Benjamin Hassan,R,183,LBN,29.903,259,208,6-3 6-2,3,R16,60,4,2,46,27,25,12,9,0,0,5,2,46,25,18,6,8,1,4
2025-2791,Nonthaburi 1,Hard,32,C,O,20241230,22,CG33,,,Kimmer Coppejans,R,178,BEL,30.894,250,221,T09X,,,Clement Tabur,R,173,FRA,24.934,215,266,6-3 6-3,3,R16,76,4,0,46,29,25,11,9,0,0,5,2,55,37,22,8,9,1,4
2025-2791,Nonthaburi 1,Hard,32,C,O,20241230,23,N0CS,,,Lukas Neumayer,R,183,AUT,22.316,223,255,DF92,,,Corentin Denolly,L,188,FRA,27.567,397,119,6-2 6-4,3,R16,69,2,1,51,33,23,12,9,2,3,1,2,48,35,21,6,9,3,7
2025-2791,Nonthaburi 1,Hard,32,C,O,20241230,24,SR81,,,Khumoyun Sultanov,R,180,UZB,26.177,223,256,MI01,,,Hiroki Moriya,R,168,JPN,34.207,398,119,6-4 6-2,3,R16,71,13,0,49,33,25,14,9,5,5,1,4,56,33,18,11,9,2,5
2025-2791,Nonthaburi 1,Hard,32,C,O,20241230,25,BK24,2,,Gregoire Barrere,R,183,FRA,30.869,162,371,SR81,,,Khumoyun Sultanov,R,180,UZB,26.177,223,256,7-6(5) 6-1,3,QF,87,9,1,69,45,30,15,10,2,3,5,3,65,39,29,7,9,7,10
2025-2791,Nonthaburi 1,Hard,32,C,O,20241230,26,CG33,,,Kimmer Coppejans,R,178,BEL,30.894,250,221,N0CS,,,Lukas Neumayer,R,183,AUT,22.316,223,255,6-3 6-2,3,QF,76,10,4,62,43,31,7,9,3,4,2,5,53,28,18,7,8,3,7
2025-2791,Nonthaburi 1,Hard,32,C,O,20241230,27,KC56,,,Aslan Karatsev,R,185,RUS,31.321,287,179,DG80,,,Enrico Dalla Valle,R,196,ITA,26.779,283,184,6-1 6-1,3,QF,79,2,0,45,28,22,9,7,0,0,2,1,55,34,15,8,7,3,8
2025-2791,Nonthaburi 1,Hard,32,C,O,20241230,28,S0UV,,,Rei Sakamoto,R,193,JPN,18.519,184,332,ML57,,,Gianluca Mager,R,188,ITA,30.081,230,251,4-1 RET,3,QF,19,4,1,15,8,7,5,3,0,0,0,1,15,7,6,2,2,0,1
2025-2791,Nonthaburi 1,Hard,32,C,O,20241230,29,BK24,2,,Gregoire Barrere,R,183,FRA,30.869,162,371,S0UV,,,Rei Sakamoto,R,193,JPN,18.519,184,332,6-4 3-6 7-6(6),3,SF,144,4,3,87,51,38,24,15,2,3,17,5,110,66,49,25,16,9,10
2025-2791,Nonthaburi 1,Hard,32,C,O,20241230,30,KC56,,,Aslan Karatsev,R,185,RUS,31.321,287,179,CG33,,,Kimmer Coppejans,R,178,BEL,30.894,250,221,6-3 6-1,3,SF,73,4,1,41,25,23,10,8,0,0,7,4,65,37,23,13,8,9,13
2025-2791,Nonthaburi 1,Hard,32,C,O,20241230,31,KC56,,,Aslan Karatsev,R,185,RUS,31.321,287,179,BK24,2,,Gregoire Barrere,R,183,FRA,30.869,162,371,7-6(5) 7-5,3,F,110,4,3,76,50,40,13,12,1,2,7,2,76,50,36,13,12,3,5
2025-7393,Canberra,Hard,32,C,O,20241230,1,WB08,,,Yosuke Watanuki,R,180,JPN,26.719,374,130,G09O,1,,Hugo Gaston,L,173,FRA,24.26,76,717,6-2 6-2,3,R32,56,8,2,40,24,20,10,8,0,1,1,0,54,37,17,8,8,4,9
2025-7393,Canberra,Hard,32,C,O,20241230,2,A0CJ,,,Duje Ajdukovic,R,188,CRO,23.899,142,422,D0CG,2,,Facundo Diaz Acosta,L,183,ARG,24.041,79,714,6-4 6-4,3,R32,84,1,0,64,44,33,13,10,2,2,1,1,53,29,20,15,10,2,4
2025-7393,Canberra,Hard,32,C,O,20241230,3,D923,3,,Damir Dzumhur,R,175,BIH,32.613,83,679,HF80,,,Hady Habib,R,188,LBN,26.36,216,261,7-6(5) 6-7(5) 6-2,3,R32,135,3,5,104,61,52,24,16,3,3,19,3,104,62,50,20,16,7,9
2025-7393,Canberra,Hard,32,C,O,20241230,4,GK06,,,Alexis Galarneau,R,180,CAN,25.832,205,278,DA81,4,,Taro Daniel,R,191,JPN,31.923,84,674,7-6(2) 6-2,3,R32,89,5,1,60,34,26,17,10,1,2,3,4,65,33,25,14,10,5,8
2025-7393,Canberra,Hard,32,C,O,20241230,5,K0A3,,,Patrick Kypson,R,188,USA,25.175,211,269,N897,5,,Sumit Nagal,R,178,IND,27.373,98,622,6-2 4-6 6-1,3,R32,102,15,2,84,57,38,15,13,3,6,3,3,68,43,22,12,12,1,7
2025-7393,Canberra,Hard,32,C,O,20241230,6,F0BY,6,,Jacob Fearnley,R,183,GBR,23.461,99,622,D0A2,,,Matthew Dellavedova,R,191,AUS,24.586,379,128,3-6 6-4 7-5,3,R32,133,6,8,100,53,41,27,15,5,6,10,1,108,86,60,10,16,2,4
2025-7393,Canberra,Hard,32,C,O,20241230,7,M0G4,,,Harold Mayot,R,180,FRA,22.902,116,518,KE73,7,,Dominik Koepfer,L,180,GER,30.672,102,610,6-4 6-4,3,R32,77,6,5,58,31,26,14,10,1,2,4,1,53,26,19,15,10,0,3
2025-7393,Canberra,Hard,32,C,O,20241230,8,L0IL,,,Martin Landaluce,R,193,ESP,18.976,151,383,B0GG,8,,Mattia Bellucci,L,175,ITA,23.581,103,605,6-3 6-2,3,R32,73,6,1,46,25,21,16,9,2,2,2,2,48,30,18,10,8,2,5
2025-7393,Canberra,Hard,32,C,O,20241230,9,B0FV,,,Roman Andres Burruchaga,R,183,ARG,22.935,156,378,F0F2,,,Jaime Faria,R,188,POR,21.402,123,489,6-3 6-3,3,R32,72,1,1,55,35,24,13,9,3,4,6,5,63,35,24,8,9,4,8
2025-7393,Canberra,Hard,32,C,O,20241230,10,E865,,,Christopher Eubanks,R,201,USA,28.654,107,572,K0AZ,,,Aleksandar Kovacevic,R,183,USA,26.338,111,554,6-3 7-6(5),3,R32,82,16,3,66,42,34,15,11,0,0,11,3,59,34,30,14,10,1,2
2025-7393,Canberra,Hard,32,C,O,20241230,11,F0FV,,,Joao Fonseca,R,188,BRA,18.36,145,409,MK66,,,Mackenzie McDonald,R,178,USA,29.708,131,464,6-1 6-3,3,R32,54,8,2,42,28,24,9,8,1,1,2,2,43,31,17,5,8,2,6
2025-7393,Canberra,Hard,32,C,O,20241230,12,GE33,,,Daniel Elahi Galan,R,191,COL,28.534,126,473,C0JP,,,Raphael Collignon,R,191,BEL,22.962,121,500,6-2 3-6 6-2,3,R32,115,11,3,88,58,42,13,12,7,9,8,7,78,50,31,12,13,2,7
2025-7393,Canberra,Hard,32,C,O,20241230,13,KI82,,,Vit Kopriva,R,178,CZE,27.543,130,465,KC12,,,Mitchell Krueger,R,188,USA,30.965,147,396,7-6(5) 3-6 6-3,3,R32,130,10,6,103,60,42,26,15,5,7,9,3,91,62,50,12,15,5,7
2025-7393,Canberra,Hard,32,C,O,20241230,14,Q02L,,,Ethan Quinn,R,191,USA,20.802,202,280,EA27,,,Blake Ellis,R,191,AUS,25.982,338,149,7-6(4) 7-6(5),3,R32,115,5,3,84,52,35,18,12,4,7,12,4,81,47,39,12,12,7,10
2025-7393,Canberra,Hard,32,C,O,20241230,15,S0IA,,,Dane Sweeny,R,170,AUS,23.88,345,147,V0DZ,,,Luca Van Assche,R,178,FRA,20.638,128,471,6-4 6-4,3,R32,90,0,4,58,37,24,13,10,1,3,3,6,67,36,21,16,10,6,10
2025-7393,Canberra,Hard,32,C,O,20241230,16,T0BW,,,James Trotter,R,183,JPN,25.424,193,298,K0EP,,,Jerome Kym,R,198,SUI,21.881,134,451,7-6(6) 7-6(4),3,R32,112,13,0,76,57,47,13,12,2,2,14,6,87,49,36,23,12,2,2
2025-7393,Canberra,Hard,32,C,O,20241230,17,KI82,,,Vit Kopriva,R,178,CZE,27.543,130,465,D923,3,,Damir Dzumhur,R,175,BIH,32.613,83,679,7-5 7-5,3,R16,116,1,8,74,35,20,17,12,7,13,1,6,85,50,21,16,12,4,12
2025-7393,Canberra,Hard,32,C,O,20241230,18,F0BY,6,,Jacob Fearnley,R,183,GBR,23.461,99,622,T0BW,,,James Trotter,R,183,JPN,25.424,193,298,6-2 6-4,3,R16,72,4,3,48,29,22,15,9,1,1,10,3,65,41,26,10,9,5,8
2025-7393,Canberra,Hard,32,C,O,20241230,19,E865,,,Christopher Eubanks,R,201,USA,28.654,107,572,GK06,,,Alexis Galarneau,R,180,CAN,25.832,205,278,6-4 6-4,3,R16,78,7,3,62,39,30,14,10,1,1,4,5,52,31,25,12,10,1,3
2025-7393,Canberra,Hard,32,C,O,20241230,20,F0FV,,,Joao Fonseca,R,188,BRA,18.36,145,409,A0CJ,,,Duje Ajdukovic,R,188,CRO,23.899,142,422,6-1 7-5,3,R16,75,4,2,52,35,27,7,9,2,4,0,3,62,30,14,15,10,3,9
2025-7393,Canberra,Hard,32,C,O,20241230,21,L0IL,,,Martin Landaluce,R,193,ESP,18.976,151,383,S0IA,,,Dane Sweeny,R,170,AUS,23.88,345,147,6-1 6-2,3,R16,68,10,8,51,29,25,9,8,3,4,1,1,43,31,14,4,7,1,6
2025-7393,Canberra,Hard,32,C,O,20241230,22,M0G4,,,Harold Mayot,R,180,FRA,22.902,116,518,GE33,,,Daniel Elahi Galan,R,191,COL,28.534,126,473,7-6(5) 6-4,3,R16,106,9,2,76,40,32,19,11,4,5,10,1,68,47,30,14,11,0,2
2025-7393,Canberra,Hard,32,C,O,20241230,23,Q02L,,,Ethan Quinn,R,191,USA,20.802,202,280,K0A3,,,Patrick Kypson,R,188,USA,25.175,211,269,3-6 7-6(5) 6-4,3,R16,135,17,1,96,61,48,21,15,4,6,8,3,95,61,54,15,16,4,6
2025-7393,Canberra,Hard,32,C,O,20241230,24,WB08,,,Yosuke Watanuki,R,180,JPN,26.719,374,130,B0FV,,,Roman Andres Burruchaga,R,183,ARG,22.935,156,378,6-3 3-6 7-6(5),3,R16,137,18,1,102,62,46,21,15,4,6,6,1,95,57,42,23,15,2,4
2025-7393,Canberra,Hard,32,C,O,20241230,25,F0BY,6,,Jacob Fearnley,R,183,GBR,23.461,99,622,E865,,,Christopher Eubanks,R,201,USA,28.654,107,572,4-6 6-2 7-6(3),3,QF,134,12,7,107,55,39,34,15,8,9,11,3,104,62,45,23,15,10,12
2025-7393,Canberra,Hard,32,C,O,20241230,26,F0FV,,,Joao Fonseca,R,188,BRA,18.36,145,409,M0G4,,,Harold Mayot,R,180,FRA,22.902,116,518,6-2 6-3,3,QF,73,9,3,58,39,25,9,8,5,7,2,3,57,37,17,9,9,3,9
2025-7393,Canberra,Hard,32,C,O,20241230,27,L0IL,,,Martin Landaluce,R,193,ESP,18.976,151,383,WB08,,,Yosuke Watanuki,R,180,JPN,26.719,374,130,W/O,3,QF,,,,,,,,,,,,,,,,,,,
2025-7393,Canberra,Hard,32,C,O,20241230,28,Q02L,,,Ethan Quinn,R,191,USA,20.802,202,280,KI82,,,Vit Kopriva,R,178,CZE,27.543,130,465,6-4 7-5,3,QF,98,5,0,57,36,26,16,11,0,1,3,2,77,44,28,17,11,6,9
2025-7393,Canberra,Hard,32,C,O,20241230,29,F0FV,,,Joao Fonseca,R,188,BRA,18.36,145,409,F0BY,6,,Jacob Fearnley,R,183,GBR,23.461,99,622,6-3 6-3,3,SF,72,7,0,48,29,22,15,9,1,1,8,1,68,48,32,7,9,6,9
2025-7393,Canberra,Hard,32,C,O,20241230,30,Q02L,,,Ethan Quinn,R,191,USA,20.802,202,280,L0IL,,,Martin Landaluce,R,193,ESP,18.976,151,383,6-3 6-3,3,SF,95,3,4,62,30,22,18,9,2,3,6,7,55,30,22,7,9,5,9
2025-7393,Canberra,Hard,32,C,O,20241230,31,F0FV,,,Joao Fonseca,R,188,BRA,18.36,145,409,Q02L,,,Ethan Quinn,R,191,USA,20.802,202,280,6-4 6-4,3,F,72,7,1,53,36,32,9,10,0,0,6,3,55,32,29,8,10,5,7
2025-2795,Nonthaburi 2,Hard,32,C,O,20250106,1,H09F,1,,Yu Hsiou Hsu,R,178,TPE,25.766,221,261,I0AX,,,Kokoro Isomura,R,175,JPN,21.958,460,91,6-2 6-1,3,R32,77,4,1,65,40,27,15,8,5,5,0,0,41,30,16,6,7,5,9
2025-2795,Nonthaburi 2,Hard,32,C,O,20250106,2,M0IF,2,,Francesco Maestrelli,R,196,ITA,22.045,117,512,LI10,,,Christian Langmo,R,191,USA,28.6,340,144,4-6 6-1 6-3,3,R32,125,10,7,79,45,38,19,13,2,3,3,5,91,58,36,16,13,8,12
2025-2795,Nonthaburi 2,Hard,32,C,O,20250106,3,KC56,,,Aslan Karatsev,R,185,RUS,31.34,229,254,BE69,4,,Yan Bai,R,185,CHN,35.63,479,89,7-5 2-6 7-6(2),3,R32,164,3,2,112,81,50,15,16,5,11,4,5,105,62,42,20,16,6,11
2025-2795,Nonthaburi 2,Hard,32,C,O,20250106,4,MI01,,,Hiroki Moriya,R,168,JPN,34.226,384,125,G09C,5,,Marek Gengel,R,185,CZE,29.306,385,123,5-1 RET,3,R32,23,0,0,14,10,8,4,3,0,0,0,2,18,9,5,3,3,0,2
2025-2795,Nonthaburi 2,Hard,32,C,O,20250106,5,DF92,,,Corentin Denolly,L,188,FRA,27.587,397,119,SX90,6,,Fajing Sun,R,178,CHN,28.26,273,196,7-6(7) 4-6 6-4,3,R32,146,7,6,102,62,47,18,16,2,6,6,2,105,60,40,24,16,5,9
2025-2795,Nonthaburi 2,Hard,32,C,O,20250106,6,M0E1,,,Daniel Michalski,R,180,POL,24.988,242,233,BU54,7,,Geoffrey Blancaneaux,R,180,FRA,26.415,256,211,6-0 6-4,3,R32,103,3,0,57,29,23,13,8,5,6,2,1,55,35,17,8,8,4,9
2025-2795,Nonthaburi 2,Hard,32,C,O,20250106,7,C0HT,,,Murphy Cassone,R,188,USA,22.393,244,227,BU70,8,,Remy Bertola,R,175,SUI,26.352,212,274,6-4 6-1,3,R32,64,4,1,44,27,22,12,8,1,1,4,3,49,22,17,9,9,2,6
2025-2795,Nonthaburi 2,Hard,32,C,O,20250106,8,C0AJ,,,Jie Cui,R,183,CHN,26.951,419,113,TB70,,,Wishaya Trongcharoenchaikul,R,,THA,29.749,667,45,6-4 6-2,3,R32,73,2,0,46,31,28,9,9,0,0,6,2,60,40,28,6,9,1,4
2025-2795,Nonthaburi 2,Hard,32,C,O,20250106,9,DG80,,,Enrico Dalla Valle,R,196,ITA,26.798,275,192,S0C2,,,Hikaru Shiraishi,R,168,JPN,24.627,430,109,6-0 6-2,3,R32,69,4,3,40,27,21,9,7,1,1,0,2,53,29,16,7,7,6,11
2025-2795,Nonthaburi 2,Hard,32,C,O,20250106,10,I0B0,,,Andre Ilagan,L,173,USA,24.14,346,142,PL64,,,Oleg Prihodko,R,180,UKR,27.261,472,92,3-6 6-3 6-4,3,R32,93,2,3,74,51,43,13,14,1,2,13,5,81,49,37,19,14,4,6
2025-2795,Nonthaburi 2,Hard,32,C,O,20250106,11,J0D2,,,Maximus Jones,R,185,THA,20.337,304,172,PD31,,,Benoit Paire,R,196,FRA,35.666,429,102,6-7(3) 6-3 6-4,3,R32,118,5,1,85,50,38,22,15,4,6,3,7,94,56,39,22,16,6,11
2025-2795,Nonthaburi 2,Hard,32,C,O,20250106,12,N09U,,,Rio Noguchi,R,168,JPN,26.026,241,234,C0DS,,,Thanapet Chanta,R,168,THA,25.328,672,44,7-5 6-3,3,R32,97,3,0,65,46,33,10,11,4,6,2,1,78,52,29,11,10,5,9
2025-2795,Nonthaburi 2,Hard,32,C,O,20250106,13,P0D0,,,Jakub Paul,R,180,SUI,25.796,450,101,O0AD,,,Neil Oberleitner,R,191,AUT,25.424,421,112,6-4 7-6(5),3,R32,94,2,1,71,52,37,12,11,4,5,6,2,76,44,30,18,11,6,8
2025-2795,Nonthaburi 2,Hard,32,C,O,20250106,14,SO20,,,Jelle Sels,R,188,NED,29.41,342,143,T09X,,,Clement Tabur,R,173,FRA,24.953,215,266,7-6(4) 6-3,3,R32,105,11,2,79,51,40,13,11,3,4,2,0,59,36,26,13,10,7,9
2025-2795,Nonthaburi 2,Hard,32,C,O,20250106,15,S0MN,,,Marat Sharipov,R,188,RUS,22.245,303,174,KH56,,,Zdenek Kolar,R,183,CZE,28.244,181,337,6-3 6-4,3,R32,84,14,2,53,33,26,13,10,3,4,1,3,67,41,25,12,9,5,8
2025-2795,Nonthaburi 2,Hard,32,C,O,20250106,16,TF58,,,Yusuke Takahashi,R,170,JPN,27.222,502,77,I426,,,Masamichi Imamura,R,178,JPN,26.122,353,142,2-6 7-6(6) 3-1 RET,3,R32,134,4,3,90,55,37,18,12,12,15,0,3,84,57,35,17,12,2,4
2025-2795,Nonthaburi 2,Hard,32,C,O,20250106,17,J0D2,,,Maximus Jones,R,185,THA,20.337,304,172,H09F,1,,Yu Hsiou Hsu,R,178,TPE,25.766,221,261,6-2 6-1,3,R16,70,7,0,47,30,25,8,8,3,3,0,2,43,21,14,6,7,3,7
2025-2795,Nonthaburi 2,Hard,32,C,O,20250106,18,C0AJ,,,Jie Cui,R,183,CHN,26.951,419,113,M0IF,2,,Francesco Maestrelli,R,196,ITA,22.045,117,512,6-4 6-2,3,R16,94,1,2,50,35,28,11,9,1,1,9,3,66,34,26,12,9,6,9
2025-2795,Nonthaburi 2,Hard,32,C,O,20250106,19,C0HT,,,Murphy Cassone,R,188,USA,22.393,244,227,I0B0,,,Andre Ilagan,L,173,USA,24.14,346,142,6-2 6-3,3,R16,61,6,0,56,37,30,9,9,4,4,2,2,39,27,15,7,8,1,4
2025-2795,Nonthaburi 2,Hard,32,C,O,20250106,20,M0E1,,,Daniel Michalski,R,180,POL,24.988,242,233,SO20,,,Jelle Sels,R,188,NED,29.41,342,143,1-6 6-1 7-6(1),3,R16,143,3,4,91,56,39,21,13,6,8,7,2,81,46,34,20,13,8,10
2025-2795,Nonthaburi 2,Hard,32,C,O,20250106,21,N09U,,,Rio Noguchi,R,168,JPN,26.026,241,234,DF92,,,Corentin Denolly,L,188,FRA,27.587,397,119,6-3 6-3,3,R16,63,3,0,45,39,33,3,9,1,2,2,5,62,41,26,5,9,5,9
2025-2795,Nonthaburi 2,Hard,32,C,O,20250106,22,P0D0,,,Jakub Paul,R,180,SUI,25.796,450,101,DG80,,,Enrico Dalla Valle,R,196,ITA,26.798,275,192,6-3 6-4,3,R16,83,1,0,58,37,25,14,10,0,1,3,0,48,34,21,9,9,3,6
2025-2795,Nonthaburi 2,Hard,32,C,O,20250106,23,S0MN,,,Marat Sharipov,R,188,RUS,22.245,303,174,KC56,,,Aslan Karatsev,R,185,RUS,31.34,229,254,7-6(2) 5-7 6-4,3,R16,154,28,3,91,55,47,21,17,2,4,3,2,114,69,42,31,17,4,6
2025-2795,Nonthaburi 2,Hard,32,C,O,20250106,24,TF58,,,Yusuke Takahashi,R,170,JPN,27.222,502,77,MI01,,,Hiroki Moriya,R,168,JPN,34.226,384,125,6-4 6-4,3,R16,93,7,3,65,40,28,13,10,2,3,0,3,58,35,21,13,10,2,5
2025-2795,Nonthaburi 2,Hard,32,C,O,20250106,25,C0HT,,,Murphy Cassone,R,188,USA,22.393,244,227,P0D0,,,Jakub Paul,R,180,SUI,25.796,450,101,7-6(3) 7-6(3),3,QF,105,9,2,85,61,46,13,12,4,6,1,1,81,53,32,18,12,3,5
2025-2795,Nonthaburi 2,Hard,32,C,O,20250106,26,C0AJ,,,Jie Cui,R,183,CHN,26.951,419,113,M0E1,,,Daniel Michalski,R,180,POL,24.988,242,233,2-6 6-3 7-6(4),3,QF,173,0,3,107,74,48,16,15,9,13,7,3,82,55,37,16,14,2,5
2025-2795,Nonthaburi 2,Hard,32,C,O,20250106,27,N09U,,,Rio Noguchi,R,168,JPN,26.026,241,234,J0D2,,,Maximus Jones,R,185,THA,20.337,304,172,3-6 6-1 6-0,3,QF,117,2,0,76,52,34,13,11,5,7,4,5,75,37,24,13,11,7,13
2025-2795,Nonthaburi 2,Hard,32,C,O,20250106,28,S0MN,,,Marat Sharipov,R,188,RUS,22.245,303,174,TF58,,,Yusuke Takahashi,R,170,JPN,27.222,502,77,6-3 4-6 6-2,3,QF,124,13,5,95,63,47,11,14,5,8,4,2,73,50,32,10,13,4,9
2025-2795,Nonthaburi 2,Hard,32,C,O,20250106,29,C0AJ,,,Jie Cui,R,183,CHN,26.951,419,113,S0MN,,,Marat Sharipov,R,188,RUS,22.245,303,174,3-6 6-3 7-6(6),3,SF,156,4,0,106,82,56,13,15,9,11,16,0,97,50,39,26,15,3,5
2025-2795,Nonthaburi 2,Hard,32,C,O,20250106,30,N09U,,,Rio Noguchi,R,168,JPN,26.026,241,234,C0HT,,,Murphy Cassone,R,188,USA,22.393,244,227,7-5 6-7(4) 6-3,3,SF,150,2,2,112,84,56,16,17,3,4,6,6,101,67,50,16,16,7,10
2025-2795,Nonthaburi 2,Hard,32,C,O,20250106,31,N09U,,,Rio Noguchi,R,168,JPN,26.026,241,234,C0AJ,,,Jie Cui,R,183,CHN,26.951,419,113,7-6(9) 6-2,3,F,124,0,0,71,59,37,9,10,7,10,1,1,84,63,37,9,10,8,13
2025-2831,Oeiras 1,Hard,32,C,I,20250106,1,M0JF,1,,Hamad Medjedovic,R,188,SRB,21.473,112,536,GC89,,,Egor Gerasimov,R,196,BLR,32.153,368,134,1-6 7-6(4) 6-4,3,R32,151,6,3,96,56,40,17,14,5,9,10,5,113,63,44,22,15,11,14
2025-2831,Oeiras 1,Hard,32,C,I,20250106,2,RC04,2,,Alexander Ritschard,R,193,SUI,30.79,121,492,F664,,,Sebastian Fanselow,R,,GER,33.021,450,94,6-4 6-4,3,R32,86,2,2,53,26,22,13,10,2,4,1,2,60,29,15,15,10,2,6
2025-2831,Oeiras 1,Hard,32,C,I,20250106,3,B0J8,,,Micah Braswell,R,183,USA,23.173,463,89,Z09Z,3,,Beibit Zhukayev,R,198,KAZ,24.235,243,236,1-6 6-2 6-3,3,R32,110,5,0,79,57,37,15,12,4,6,9,3,77,43,33,15,12,5,8
2025-2831,Oeiras 1,Hard,32,C,I,20250106,4,C0AZ,,,Antoine Cornut-Chauvinc,R,188,FRA,24.501,609,54,Y171,4,,Denis Yevseyev,R,188,KAZ,31.628,250,227,6-2 0-6 6-3,3,R32,98,3,6,84,41,28,20,11,9,12,2,2,85,59,35,13,12,9,13
2025-2831,Oeiras 1,Hard,32,C,I,20250106,5,D0DP,5,,Liam Draxl,R,185,CAN,23.088,246,231,W09G,,,J.J. Wolf,R,183,USA,26.045,263,208,5-7 6-2 6-4,3,R32,156,10,8,101,59,44,17,15,5,9,12,3,90,42,29,23,15,9,15
2025-2831,Oeiras 1,Hard,32,C,I,20250106,6,R0ED,,,Max Hans Rehberg,R,183,GER,21.317,271,196,S0EK,6,,Matias Soto,R,170,CHI,25.697,247,231,6-4 6-3,3,R32,101,8,3,71,52,38,7,9,7,8,1,3,67,40,28,9,10,4,8
2025-2831,Oeiras 1,Hard,32,C,I,20250106,7,P09O,7,,Zsombor Piros,R,180,HUN,25.235,248,230,BE90,,,Ricardas Berankis,R,175,LTU,34.546,312,160,6-3 7-5,3,R32,92,0,2,70,43,27,18,11,6,8,0,5,66,33,24,12,10,3,7
2025-2831,Oeiras 1,Hard,32,C,I,20250106,8,M0AC,,,Rudolf Molleker,R,188,GER,24.197,283,187,M0EA,8,,Pol Martin Tiffon,R,183,ESP,25.44,252,221,7-6(3) 6-2,3,R32,80,5,5,58,35,27,13,10,3,5,0,9,69,35,21,15,10,3,7
2025-2831,Oeiras 1,Hard,32,C,I,20250106,9,SN54,,,Frederico Ferreira Silva,L,178,POR,29.807,307,166,H0B7,,,Trey Hilderbrand,R,196,USA,24.646,723,36,6-7(6) 6-2 6-4,3,R32,155,7,7,89,48,36,20,15,3,7,15,11,104,61,42,13,15,5,12
2025-2831,Oeiras 1,Hard,32,C,I,20250106,10,GE28,,,Ivan Gakhov,L,191,RUS,28.172,314,159,A0ES,,,Pedro Araujo,R,183,PRT,22.784,415,109,6-4 3-6 6-2,3,R32,137,2,1,88,62,41,11,13,5,8,2,2,86,50,32,16,14,2,7
2025-2831,Oeiras 1,Hard,32,C,I,20250106,11,KI48,,,Ergi Kirkin,R,180,TUR,25.944,286,183,GA79,,,Lorenzo Giustino,R,180,ITA,33.325,265,206,6-4 6-1,3,R32,75,5,0,60,37,26,15,9,5,6,0,2,44,22,9,14,8,0,4
2025-2831,Oeiras 1,Hard,32,C,I,20250106,12,R0FP,,,Daniel Rincon,L,185,ESP,21.999,276,191,E698,,,Gastao Elias,R,180,POR,34.119,318,156,6-3 6-3,3,R32,66,1,0,45,26,22,11,9,0,1,4,4,49,23,17,8,9,3,7
2025-2831,Oeiras 1,Hard,32,C,I,20250106,13,SM88,,,Karue Sell,R,183,BRA,31.149,260,210,B0JJ,,,Robin Bertrand,R,178,FRA,21.815,264,207,6-2 6-3,3,R32,68,6,2,46,26,22,14,9,0,0,0,1,50,30,18,9,8,0,3
2025-2831,Oeiras 1,Hard,32,C,I,20250106,14,VA15,,,Duarte Vale,R,183,PRT,25.988,494,80,M0N7,,,Daniel Merida,R,188,ESP,20.279,296,174,2-6 6-4 7-6(5),3,R32,128,3,14,94,45,34,18,15,5,11,5,5,115,65,35,30,15,7,12
2025-2831,Oeiras 1,Hard,32,C,I,20250106,15,V0DI,,,Samuel Vincent Ruggeri,R,191,ITA,22.628,274,192,D0L3,,,Matej Dodig,R,188,CRO,19.469,266,204,6-1 6-2,3,R32,77,6,3,48,18,18,15,8,1,2,0,6,48,19,11,9,7,3,8
2025-2831,Oeiras 1,Hard,32,C,I,20250106,16,Z419,,,Bernabe Zapata Miralles,R,183,ESP,27.984,273,194,Z0AB,,,Alexey Zakharov,R,188,RUS,24.712,325,154,6-3 6-4,3,R32,101,0,4,78,53,36,10,10,7,9,2,2,61,36,22,11,9,6,10
2025-2831,Oeiras 1,Hard,32,C,I,20250106,17,M0JF,1,,Hamad Medjedovic,R,188,SRB,21.473,112,536,SN54,,,Frederico Ferreira Silva,L,178,POR,29.807,307,166,6-1 2-1 RET,3,R16,45,4,0,25,20,17,3,5,0,0,2,1,34,19,11,5,5,2,5
2025-2831,Oeiras 1,Hard,32,C,I,20250106,18,RC04,2,,Alexander Ritschard,R,193,SUI,30.79,121,492,Z419,,,Bernabe Zapata Miralles,R,183,ESP,27.984,273,194,7-6(2) 6-4,3,R16,109,2,5,84,43,31,21,11,8,10,1,2,66,49,33,7,11,2,5
2025-2831,Oeiras 1,Hard,32,C,I,20250106,19,D0DP,5,,Liam Draxl,R,185,CAN,23.088,246,231,V0DI,,,Samuel Vincent Ruggeri,R,191,ITA,22.628,274,192,3-6 6-1 7-6(7),3,R16,186,4,4,111,77,56,13,14,7,9,9,8,103,50,38,23,14,12,15
2025-2831,Oeiras 1,Hard,32,C,I,20250106,20,P09O,7,,Zsombor Piros,R,180,HUN,25.235,248,230,VA15,,,Duarte Vale,R,183,PRT,25.988,494,80,6-1 6-3,3,R16,59,4,2,47,26,21,12,8,3,4,1,8,49,28,16,6,8,2,7
2025-2831,Oeiras 1,Hard,32,C,I,20250106,21,C0AZ,,,Antoine Cornut-Chauvinc,R,188,FRA,24.501,609,54,KI48,,,Ergi Kirkin,R,180,TUR,25.944,286,183,7-5 6-2,3,R16,84,4,2,50,27,26,14,10,0,0,1,1,68,36,20,21,10,5,8
2025-2831,Oeiras 1,Hard,32,C,I,20250106,22,M0AC,,,Rudolf Molleker,R,188,GER,24.197,283,187,SM88,,,Karue Sell,R,183,BRA,31.149,260,210,6-4 6-4,3,R16,76,9,2,60,40,28,9,10,1,3,4,1,54,32,19,10,10,2,6
2025-2831,Oeiras 1,Hard,32,C,I,20250106,23,R0ED,,,Max Hans Rehberg,R,183,GER,21.317,271,196,GE28,,,Ivan Gakhov,L,191,RUS,28.172,314,159,7-5 6-3,3,R16,98,1,2,71,47,35,12,11,2,3,1,0,56,37,26,8,10,4,7
2025-2831,Oeiras 1,Hard,32,C,I,20250106,24,R0FP,,,Daniel Rincon,L,185,ESP,21.999,276,191,B0J8,,,Micah Braswell,R,183,USA,23.173,463,89,6-2 6-7(5) 7-5,3,R16,181,12,5,123,77,62,18,16,9,10,4,1,113,73,46,23,16,9,13
2025-2831,Oeiras 1,Hard,32,C,I,20250106,25,M0JF,1,,Hamad Medjedovic,R,188,SRB,21.473,112,536,P09O,7,,Zsombor Piros,R,180,HUN,25.235,248,230,6-3 6-3,3,QF,74,6,1,59,41,24,10,9,1,4,3,4,47,24,11,11,9,0,6
2025-2831,Oeiras 1,Hard,32,C,I,20250106,26,D0DP,5,,Liam Draxl,R,185,CAN,23.088,246,231,RC04,2,,Alexander Ritschard,R,193,SUI,30.79,121,492,6-4 6-1,3,QF,69,4,1,47,32,24,10,9,2,3,2,3,46,28,16,7,8,2,6
2025-2831,Oeiras 1,Hard,32,C,I,20250106,27,M0AC,,,Rudolf Molleker,R,188,GER,24.197,283,187,C0AZ,,,Antoine Cornut-Chauvinc,R,188,FRA,24.501,609,54,6-3 6-4,3,QF,72,3,0,54,32,27,12,9,1,1,8,6,61,30,24,13,10,2,5
2025-2831,Oeiras 1,Hard,32,C,I,20250106,28,R0FP,,,Daniel Rincon,L,185,ESP,21.999,276,191,R0ED,,,Max Hans Rehberg,R,183,GER,21.317,271,196,3-6 6-4 6-2,3,QF,115,6,2,78,47,36,15,14,3,6,4,0,83,63,41,8,13,3,7
2025-2831,Oeiras 1,Hard,32,C,I,20250106,29,M0JF,1,,Hamad Medjedovic,R,188,SRB,21.473,112,536,R0FP,,,Daniel Rincon,L,185,ESP,21.999,276,191,6-7(2) 6-4 7-5,3,SF,174,14,0,111,63,45,32,17,3,3,5,3,113,70,48,28,17,2,4
2025-2831,Oeiras 1,Hard,32,C,I,20250106,30,D0DP,5,,Liam Draxl,R,185,CAN,23.088,246,231,M0AC,,,Rudolf Molleker,R,188,GER,24.197,283,187,7-6(6) 6-0,3,SF,83,5,2,54,41,38,5,9,2,2,8,6,62,34,27,12,9,0,3
2025-2831,Oeiras 1,Hard,32,C,I,20250106,31,M0JF,1,,Hamad Medjedovic,R,188,SRB,21.473,112,536,D0DP,5,,Liam Draxl,R,185,CAN,23.088,246,231,6-1 6-3,3,F,69,7,1,39,22,20,11,8,3,4,5,1,52,28,16,10,8,2,7
2025-2801,Nonthaburi 3,Hard,32,C,O,20250113,1,KI82,1,,Vit Kopriva,R,178,CZE,27.581,126,478,H0A4,,,Nick Hardt,R,185,DOM,24.315,202,282,6-4 6-1,3,R32,88,2,3,65,40,22,14,9,2,5,3,6,55,35,15,7,8,7,13
2025-2801,Nonthaburi 3,Hard,32,C,O,20250113,2,GF95,2,,Hugo Grenier,R,196,FRA,28.81,153,379,C0DS,,,Thanapet Chanta,R,168,THA,25.347,670,44,6-2 6-0,3,R32,62,8,4,46,28,22,11,7,2,2,0,2,40,25,12,4,7,2,7
2025-2801,Nonthaburi 3,Hard,32,C,O,20250113,3,C0HT,,,Murphy Cassone,R,188,USA,22.412,306,171,VA25,3,,Valentin Vacherot,R,193,MON,26.16,200,286,6-1 4-6 7-6(2),3,R32,137,4,4,120,79,49,22,15,7,10,6,0,82,61,37,12,14,2,6
2025-2801,Nonthaburi 3,Hard,32,C,O,20250113,4,S0K7,4,,Zachary Svajda,R,175,USA,22.125,161,352,SX90,,,Fajing Sun,R,178,CHN,28.279,279,190,6-3 6-2,3,R32,68,4,3,54,35,29,10,9,1,1,0,1,50,24,16,13,8,1,4
2025-2801,Nonthaburi 3,Hard,32,C,O,20250113,5,M0HU,,,Shintaro Mochizuki,R,175,JPN,21.618,169,341,BU70,,,Remy Bertola,R,175,SUI,26.371,287,184,7-6(0) 7-5,3,R32,102,1,2,66,30,22,25,12,1,3,4,6,80,51,32,13,12,4,7
2025-2801,Nonthaburi 3,Hard,32,C,O,20250113,6,W0BH,6,,Coleman Wong,R,191,HKG,20.605,171,340,HG94,,,Benjamin Hassan,R,183,LBN,29.941,223,260,7-6(2) 7-6(4),3,R32,99,9,1,76,56,45,12,12,1,1,5,4,90,52,39,22,12,3,3
2025-2801,Nonthaburi 3,Hard,32,C,O,20250113,7,S0AK,7,,Henri Squire,R,196,GER,24.296,178,325,J0D2,,,Maximus Jones,R,185,THA,20.356,718,37,7-6(0) RET,3,R32,64,9,4,56,40,31,5,6,6,7,4,2,47,30,19,9,6,4,5
2025-2801,Nonthaburi 3,Hard,32,C,O,20250113,8,A0BA,,,Federico Arnaboldi,R,185,ITA,24.572,233,251,PG20,8,,Dmitry Popko,R,191,KAZ,28.222,197,296,6-1 2-6 6-1,3,R32,112,1,4,84,49,29,20,11,9,12,3,2,64,32,18,13,11,5,11
2025-2801,Nonthaburi 3,Hard,32,C,O,20250113,9,H09P,,,Brandon Holt,R,185,USA,26.773,210,271,TB70,,,Wishaya Trongcharoenchaikul,R,,THA,29.769,711,39,6-3 6-3,3,R32,65,3,0,51,34,27,7,9,1,2,5,2,64,45,28,6,9,3,7
2025-2801,Nonthaburi 3,Hard,32,C,O,20250113,10,N09U,,,Rio Noguchi,R,168,JPN,26.045,254,219,S0GR,,,Timofey Skatov,R,173,KAZ,23.978,194,296,6-1 6-3,3,R32,79,1,1,41,30,25,9,8,1,1,3,0,59,42,23,7,8,4,8
2025-2801,Nonthaburi 3,Hard,32,C,O,20250113,11,SY67,,,Sho Shimabukuro,R,180,JPN,27.458,191,303,E768,,,Antoine Escoffier,R,185,FRA,32.873,205,277,2-6 6-2 6-1,3,R32,96,9,1,69,38,23,19,12,4,8,4,6,75,47,28,10,11,4,10
2025-2801,Nonthaburi 3,Hard,32,C,O,20250113,12,S0AQ,,,Yuta Shimizu,L,163,JPN,25.599,193,299,SR81,,,Khumoyun Sultanov,R,180,UZB,26.215,216,265,6-4 3-6 6-3,3,R32,112,4,4,93,50,39,21,14,7,9,3,2,77,45,33,17,14,3,6
2025-2801,Nonthaburi 3,Hard,32,C,O,20250113,13,S0JA,,,Eliot Spizzirri,R,185,USA,23.058,232,253,N0CS,,,Lukas Neumayer,R,183,AUT,22.355,221,262,3-6 6-4 6-2,3,R32,101,3,0,76,53,39,14,14,1,3,4,1,67,33,20,25,13,3,6
2025-2801,Nonthaburi 3,Hard,32,C,O,20250113,14,S0GD,,,Dalibor Svrcina,R,178,CZE,22.283,230,255,CG94,,,Enzo Couacaud,R,183,FRA,29.873,240,241,6-3 6-2,3,R32,67,4,7,58,35,27,9,9,4,5,4,1,50,30,18,7,8,2,6
2025-2801,Nonthaburi 3,Hard,32,C,O,20250113,15,T09X,,,Clement Tabur,R,173,FRA,24.972,360,139,M0IF,,,Francesco Maestrelli,R,196,ITA,22.064,237,243,6-2 6-1,3,R32,66,4,0,44,24,20,13,8,2,2,3,2,43,24,12,8,7,7,11
2025-2801,Nonthaburi 3,Hard,32,C,O,20250113,16,W857,,,Tung-Lin Wu,R,188,TPE,26.675,241,241,J09X,,,Filip Cristian Jianu,R,180,ROU,23.321,218,265,6-2 6-2,3,R32,66,4,0,43,29,24,9,8,0,0,2,1,45,28,16,7,8,3,7
2025-2801,Nonthaburi 3,Hard,32,C,O,20250113,17,KI82,1,,Vit Kopriva,R,178,CZE,27.581,126,478,W857,,,Tung-Lin Wu,R,188,TPE,26.675,241,241,6-4 7-6(4),3,R16,116,11,2,80,57,47,11,11,5,5,3,3,83,59,45,10,11,4,5
2025-2801,Nonthaburi 3,Hard,32,C,O,20250113,18,GF95,2,,Hugo Grenier,R,196,FRA,28.81,153,379,S0JA,,,Eliot Spizzirri,R,185,USA,23.058,232,253,6-4 6-4,3,R16,110,14,1,60,42,36,8,10,5,5,2,2,75,47,32,14,10,5,7
2025-2801,Nonthaburi 3,Hard,32,C,O,20250113,19,S0K7,4,,Zachary Svajda,R,175,USA,22.125,161,352,S0AQ,,,Yuta Shimizu,L,163,JPN,25.599,193,299,4-6 6-3 6-2,3,R16,101,6,2,88,61,47,9,14,4,7,5,6,78,45,27,15,13,3,8
2025-2801,Nonthaburi 3,Hard,32,C,O,20250113,20,T09X,,,Clement Tabur,R,173,FRA,24.972,360,139,M0HU,,,Shintaro Mochizuki,R,175,JPN,21.618,169,341,6-2 6-4,3,R16,91,4,0,56,43,30,8,9,3,4,3,1,70,38,25,12,9,5,9
2025-2801,Nonthaburi 3,Hard,32,C,O,20250113,21,H09P,,,Brandon Holt,R,185,USA,26.773,210,271,W0BH,6,,Coleman Wong,R,191,HKG,20.605,171,340,6-4 6-1,3,R16,73,6,0,55,34,25,13,9,5,6,6,5,48,29,18,5,8,3,7
2025-2801,Nonthaburi 3,Hard,32,C,O,20250113,22,S0GD,,,Dalibor Svrcina,R,178,CZE,22.283,230,255,S0AK,7,,Henri Squire,R,196,GER,24.296,178,325,6-4 6-7(4) 6-1,3,R16,134,5,9,107,59,43,22,15,2,5,5,3,91,70,43,7,14,7,13
2025-2801,Nonthaburi 3,Hard,32,C,O,20250113,23,A0BA,,,Federico Arnaboldi,R,185,ITA,24.572,233,251,SY67,,,Sho Shimabukuro,R,180,JPN,27.458,191,303,1-6 7-6(4) 6-4,3,R16,158,6,4,125,86,48,20,15,8,14,6,1,106,54,38,21,14,4,8
2025-2801,Nonthaburi 3,Hard,32,C,O,20250113,24,C0HT,,,Murphy Cassone,R,188,USA,22.412,306,171,N09U,,,Rio Noguchi,R,168,JPN,26.045,254,219,6-3 6-4,3,R16,70,4,2,58,38,32,11,10,3,3,4,0,49,33,22,8,9,1,3
2025-2801,Nonthaburi 3,Hard,32,C,O,20250113,25,KI82,1,,Vit Kopriva,R,178,CZE,27.581,126,478,S0GD,,,Dalibor Svrcina,R,178,CZE,22.283,230,255,6-0 6-1,3,QF,69,2,1,47,31,24,7,6,3,3,0,4,45,27,15,2,7,4,10
2025-2801,Nonthaburi 3,Hard,32,C,O,20250113,26,T09X,,,Clement Tabur,R,173,FRA,24.972,360,139,GF95,2,,Hugo Grenier,R,196,FRA,28.81,153,379,7-5 6-4,3,QF,117,1,1,78,51,36,13,11,4,6,3,2,66,39,23,15,11,1,5
2025-2801,Nonthaburi 3,Hard,32,C,O,20250113,27,H09P,,,Brandon Holt,R,185,USA,26.773,210,271,S0K7,4,,Zachary Svajda,R,175,USA,22.125,161,352,6-7(7) 6-3 6-4,3,QF,123,8,0,89,66,52,16,16,0,0,7,1,94,66,51,12,15,8,10
2025-2801,Nonthaburi 3,Hard,32,C,O,20250113,28,C0HT,,,Murphy Cassone,R,188,USA,22.412,306,171,A0BA,,,Federico Arnaboldi,R,185,ITA,24.572,233,251,6-4 6-1,3,QF,56,8,1,39,31,28,6,8,0,0,0,1,51,32,16,10,9,2,6
2025-2801,Nonthaburi 3,Hard,32,C,O,20250113,29,KI82,1,,Vit Kopriva,R,178,CZE,27.581,126,478,C0HT,,,Murphy Cassone,R,188,USA,22.412,306,171,6-2 6-2,3,SF,65,6,0,56,30,25,14,8,5,5,4,2,44,31,18,6,8,2,6
2025-2801,Nonthaburi 3,Hard,32,C,O,20250113,30,H09P,,,Brandon Holt,R,185,USA,26.773,210,271,T09X,,,Clement Tabur,R,173,FRA,24.972,360,139,6-2 6-4,3,SF,87,6,0,52,36,26,9,9,3,4,4,0,70,47,29,8,9,5,9
2025-2801,Nonthaburi 3,Hard,32,C,O,20250113,31,H09P,,,Brandon Holt,R,185,USA,26.773,210,271,KI82,1,,Vit Kopriva,R,178,CZE,27.581,126,478,6-3 6-2,3,F,69,4,0,51,41,28,8,9,5,6,1,6,47,29,20,5,8,2,6
2025-2833,Oeiras 2,Hard,32,C,I,20250113,1,K0AZ,1,,Aleksandar Kovacevic,R,183,USA,26.376,109,547,D0DP,,,Liam Draxl,R,185,CAN,23.107,208,272,6-1 6-3,3,R32,70,11,4,54,34,30,8,8,2,2,4,4,51,32,18,6,8,4,8
2025-2833,Oeiras 2,Hard,32,C,I,20250113,2,M0JF,2,,Hamad Medjedovic,R,188,SRB,21.492,98,611,S0NV,,,Abdullah Shelbayh,L,180,JOR,21.161,250,225,6-2 6-3,3,R32,62,3,3,52,25,19,16,9,1,2,4,4,40,24,17,6,8,0,4
2025-2833,Oeiras 2,Hard,32,C,I,20250113,3,RC04,3,,Alexander Ritschard,R,193,SUI,30.809,118,504,K0A3,,,Patrick Kypson,R,188,USA,25.213,213,268,7-6(5) 7-5,3,R32,126,5,4,89,55,39,15,12,4,6,5,1,77,52,33,13,12,3,6
2025-2833,Oeiras 2,Hard,32,C,I,20250113,4,MK66,4,,Mackenzie McDonald,R,178,USA,29.747,130,464,P0HW,,,Dino Prizmic,R,188,CRO,19.441,301,174,6-4 7-5,3,R32,114,3,4,73,42,33,11,11,5,8,3,6,78,43,26,15,11,5,10
2025-2833,Oeiras 2,Hard,32,C,I,20250113,5,E698,,,Gastao Elias,R,180,POR,34.138,372,134,E687,5,,Daniel Evans,R,175,GBR,34.645,167,342,6-4 5-7 7-5,3,R32,157,7,4,95,44,33,28,17,3,7,1,4,86,45,30,22,17,1,6
2025-2833,Oeiras 2,Hard,32,C,I,20250113,6,R0GO,6,,Henrique Rocha,R,180,POR,20.772,174,334,B0JJ,,,Robin Bertrand,R,178,FRA,21.834,266,207,1-6 6-2 6-2,3,R32,105,2,4,78,48,33,12,12,8,12,1,1,68,43,25,9,11,3,8
2025-2833,Oeiras 2,Hard,32,C,I,20250113,7,B0MM,,,Edas Butvilas,R,191,LTU,20.476,253,219,MN13,7,,Maximilian Marterer,L,188,GER,29.582,185,313,6-4 5-7 6-1,3,R32,112,5,4,88,47,39,20,15,6,9,0,3,82,47,30,16,14,4,9
2025-2833,Oeiras 2,Hard,32,C,I,20250113,8,P09O,,,Zsombor Piros,R,180,HUN,25.254,238,242,C0BH,8,,Clement Chidekh,R,180,FRA,23.587,192,302,6-2 6-3,3,R32,82,7,2,62,35,27,11,9,9,11,0,6,58,25,11,15,8,6,11
2025-2833,Oeiras 2,Hard,32,C,I,20250113,9,A0ES,,,Pedro Araujo,R,183,PRT,22.804,419,109,ML57,,,Gianluca Mager,R,188,ITA,30.119,228,255,3-6 6-4 6-4,3,R32,121,1,3,98,64,39,20,15,9,13,7,7,87,51,35,14,14,4,8
2025-2833,Oeiras 2,Hard,32,C,I,20250113,10,SN54,,,Frederico Ferreira Silva,L,178,POR,29.826,307,171,Y171,,,Denis Yevseyev,R,188,KAZ,31.647,249,227,6-4 2-6 6-1,3,R32,131,2,7,100,51,33,23,13,15,20,3,1,94,59,32,15,12,5,11
2025-2833,Oeiras 2,Hard,32,C,I,20250113,11,GK06,,,Alexis Galarneau,R,180,CAN,25.87,198,288,B0ID,,,Ignacio Buse,R,183,PER,20.805,236,243,6-3 6-4,3,R32,72,3,5,59,39,28,11,10,3,5,2,2,47,28,16,8,9,2,6
2025-2833,Oeiras 2,Hard,32,C,I,20250113,12,KI48,,,Ergi Kirkin,R,180,TUR,25.963,285,186,P0K4,,,Tiago Pereira,R,0,PRT,20.567,514,75,7-6(1) 6-3,3,R32,96,1,2,73,45,33,17,11,1,2,0,2,71,34,24,19,10,4,6
2025-2833,Oeiras 2,Hard,32,C,I,20250113,13,L0GH,,,Mark Lajal,R,191,EST,21.676,235,245,O0BE,,,Oleksandr Ovcharenko,R,185,UKR,23.242,314,163,4-0 RET,3,R32,13,1,0,9,3,3,5,2,0,0,0,1,12,7,3,1,2,1,3
2025-2833,Oeiras 2,Hard,32,C,I,20250113,14,M0EA,,,Pol Martin Tiffon,R,183,ESP,25.459,252,221,BV25,,,Javier Barranco Cosano,L,180,ESP,26.157,229,255,7-6(6) 6-2,3,R32,103,3,4,73,41,24,17,10,3,7,0,3,73,47,25,10,10,8,14
2025-2833,Oeiras 2,Hard,32,C,I,20250113,15,W09G,,,J.J. Wolf,R,183,USA,26.064,264,208,M0AW,,,Nicolas Mejia,R,183,COL,24.923,224,260,6-3 6-1,3,R32,78,5,5,40,21,19,7,8,0,2,0,4,57,34,15,10,8,9,15
2025-2833,Oeiras 2,Hard,32,C,I,20250113,16,Z09Z,,,Beibit Zhukayev,R,198,KAZ,24.255,244,236,S0EK,,,Matias Soto,R,170,CHI,25.717,247,231,6-1 6-4,3,R32,78,9,2,57,32,29,13,9,5,5,3,5,62,37,22,14,8,9,12
2025-2833,Oeiras 2,Hard,32,C,I,20250113,17,K0AZ,1,,Aleksandar Kovacevic,R,183,USA,26.376,109,547,L0GH,,,Mark Lajal,R,191,EST,21.676,235,245,6-3 6-3,3,R16,70,2,1,49,23,19,19,9,0,0,4,2,51,30,19,10,9,2,5
2025-2833,Oeiras 2,Hard,32,C,I,20250113,18,M0JF,2,,Hamad Medjedovic,R,188,SRB,21.492,98,611,KI48,,,Ergi Kirkin,R,180,TUR,25.963,285,186,6-2 6-2,3,R16,60,2,2,51,41,31,6,8,5,5,3,1,43,22,16,6,8,1,5
2025-2833,Oeiras 2,Hard,32,C,I,20250113,19,RC04,3,,Alexander Ritschard,R,193,SUI,30.809,118,504,A0ES,,,Pedro Araujo,R,183,PRT,22.804,419,109,6-2 7-5,3,R16,91,1,4,74,44,27,15,10,7,10,1,4,58,39,19,7,10,2,8
2025-2833,Oeiras 2,Hard,32,C,I,20250113,20,MK66,4,,Mackenzie McDonald,R,178,USA,29.747,130,464,W09G,,,J.J. Wolf,R,183,USA,26.064,264,208,7-6(5) 4-6 6-2,3,R16,153,8,0,99,62,51,17,15,7,8,4,4,97,58,40,21,15,0,2
2025-2833,Oeiras 2,Hard,32,C,I,20250113,21,SN54,,,Frederico Ferreira Silva,L,178,POR,29.826,307,171,R0GO,6,,Henrique Rocha,R,180,POR,20.772,174,334,6-7(3) 7-6(3) 7-6(5),3,R16,215,3,3,139,83,56,31,18,10,14,3,5,123,73,53,26,18,0,4
2025-2833,Oeiras 2,Hard,32,C,I,20250113,22,GK06,,,Alexis Galarneau,R,180,CAN,25.87,198,288,E698,,,Gastao Elias,R,180,POR,34.138,372,134,6-3 6-4,3,R16,97,2,2,74,46,29,15,10,6,9,2,2,58,28,17,10,9,4,9
2025-2833,Oeiras 2,Hard,32,C,I,20250113,23,P09O,,,Zsombor Piros,R,180,HUN,25.254,238,242,M0EA,,,Pol Martin Tiffon,R,183,ESP,25.459,252,221,5-2 RET,3,R16,34,1,1,24,10,6,10,3,2,2,0,3,30,15,9,5,4,2,4
2025-2833,Oeiras 2,Hard,32,C,I,20250113,24,Z09Z,,,Beibit Zhukayev,R,198,KAZ,24.255,244,236,B0MM,,,Edas Butvilas,R,191,LTU,20.476,253,219,7-5 4-6 6-1,3,R16,107,21,3,87,53,41,20,15,0,2,2,5,82,44,33,16,14,3,7
2025-2833,Oeiras 2,Hard,32,C,I,20250113,25,K0AZ,1,,Aleksandar Kovacevic,R,183,USA,26.376,109,547,Z09Z,,,Beibit Zhukayev,R,198,KAZ,24.255,244,236,6-4 6-3,3,QF,76,7,0,53,33,30,10,10,0,0,5,1,62,35,23,13,9,4,6
2025-2833,Oeiras 2,Hard,32,C,I,20250113,26,P09O,,,Zsombor Piros,R,180,HUN,25.254,238,242,M0JF,2,,Hamad Medjedovic,R,188,SRB,21.492,98,611,6-4 7-6(2),3,QF,106,1,3,79,40,28,19,11,3,6,2,1,76,54,30,11,11,6,10
2025-2833,Oeiras 2,Hard,32,C,I,20250113,27,GK06,,,Alexis Galarneau,R,180,CAN,25.87,198,288,RC04,3,,Alexander Ritschard,R,193,SUI,30.809,118,504,2-6 7-5 7-6(9),3,QF,145,5,5,99,58,36,23,16,5,10,2,6,107,67,46,16,16,6,10
2025-2833,Oeiras 2,Hard,32,C,I,20250113,28,MK66,4,,Mackenzie McDonald,R,178,USA,29.747,130,464,SN54,,,Frederico Ferreira Silva,L,178,POR,29.826,307,171,7-5 6-4,3,QF,119,10,4,86,45,34,23,11,11,11,3,2,67,41,30,15,11,3,5
2025-2833,Oeiras 2,Hard,32,C,I,20250113,29,K0AZ,1,,Aleksandar Kovacevic,R,183,USA,26.376,109,547,GK06,,,Alexis Galarneau,R,180,CAN,25.87,198,288,6-3 3-6 6-2,3,SF,107,7,5,71,39,29,12,13,2,6,2,7,77,38,24,14,13,7,13
2025-2833,Oeiras 2,Hard,32,C,I,20250113,30,P09O,,,Zsombor Piros,R,180,HUN,25.254,238,242,MK66,4,,Mackenzie McDonald,R,178,USA,29.747,130,464,6-1 6-3,3,SF,68,5,3,60,38,25,13,8,9,10,1,3,45,32,15,4,8,1,6
2025-2833,Oeiras 2,Hard,32,C,I,20250113,31,K0AZ,1,,Aleksandar Kovacevic,R,183,USA,26.376,109,547,P09O,,,Zsombor Piros,R,180,HUN,25.254,238,242,6-4 7-6(4),3,F,104,6,3,71,42,33,11,11,3,6,2,1,74,46,24,17,11,3,7
2025-9678,Buenos Aires,Clay,32,C,O,20250113,1,B0FV,1,,Roman Andres Burruchaga,R,183,ARG,22.973,151,382,CD00,,,Maxime Chazal,R,175,FRA,31.723,741,1,6-2 6-3,3,R32,90,1,1,44,24,19,12,8,2,3,1,3,61,38,21,9,9,1,6
2025-9678,Buenos Aires,Clay,32,C,O,20250113,2,DC48,2,,Murkel Dellien,R,193,BOL,27.326,184,314,Z0CO,,,Maximo Zeitune,R,196,ARG,18.949,741,1,4-6 6-1 6-4,3,R32,152,1,2,88,59,38,17,14,6,9,1,6,98,61,40,13,13,4,9
2025-9678,Buenos Aires,Clay,32,C,O,20250113,3,G0DH,,,Alvaro Guillen Meza,R,175,ECU,22.031,270,199,CC66,3,,Andrea Collarini,L,183,ARG,32.953,204,280,6-4 4-2 RET,3,R32,80,2,2,45,26,23,7,8,0,2,1,3,51,31,18,9,8,4,8
2025-9678,Buenos Aires,Clay,32,C,O,20250113,4,V836,4,,Juan Pablo Varillas,R,185,PER,29.273,207,272,P0IY,,,Juan Carlos Prado Angelo,R,185,BOL,19.858,293,179,6-7(4) 7-5 6-4,3,R32,198,9,3,129,81,51,24,17,9,13,4,4,129,62,38,35,17,6,12
2025-9678,Buenos Aires,Clay,32,C,O,20250113,5,N0AM,5,,Emilio Nava,R,185,USA,23.116,211,269,M0EY,,,Alex Marti Pujolras,R,185,ESP,25.925,741,1,6-1 6-7(9) 7-6(5),3,R32,158,7,5,101,56,39,22,16,3,7,2,6,101,59,37,19,15,5,11
2025-9678,Buenos Aires,Clay,32,C,O,20250113,6,D0AR,,,Mateus Alves,R,193,BRA,23.973,296,177,MJ98,6,,Facundo Mena,R,183,ARG,32.309,220,262,6-7(2) 6-2 7-6(5),3,R32,175,10,3,110,67,47,26,16,10,12,5,7,120,69,49,22,16,5,9
2025-9678,Buenos Aires,Clay,32,C,O,20250113,7,V0DP,7,,Adolfo Daniel Vallejo,R,183,PAR,20.712,234,248,O376,,,Renzo Olivo,R,178,ARG,32.832,334,151,6-4 6-2,3,R32,103,0,7,87,52,32,18,9,13,15,0,5,58,32,16,11,9,2,7
2025-9678,Buenos Aires,Clay,32,C,O,20250113,8,B0GR,8,,Gonzalo Bueno,R,173,PER,20.78,284,187,M0IG,,,Ezequiel Monferrer,R,170,ARG,21.665,741,1,6-2 6-1,3,R32,78,2,3,40,27,21,8,7,0,0,1,4,49,28,16,6,8,5,10
2025-9678,Buenos Aires,Clay,32,C,O,20250113,9,D0HD,,,Gabriel Debru,R,193,FRA,19.064,741,1,PH64,,,Andrea Pellegrino,R,185,ITA,27.811,262,209,6-3 6-3,3,R32,92,3,5,64,42,29,13,9,3,3,0,2,61,37,23,12,9,7,10
2025-9678,Buenos Aires,Clay,32,C,O,20250113,10,H0CX,,,Max Houkes,L,188,NED,24.531,741,1,KE69,,,Mariano Kestelboim,R,185,ARG,28.936,741,1,6-2 6-3,3,R32,97,1,8,63,34,20,14,8,7,10,0,6,53,34,14,6,9,3,10
2025-9678,Buenos Aires,Clay,32,C,O,20250113,11,KC29,,,Nicolas Kicker,R,178,ARG,32.411,786,29,A0IK,,,Luciano Emanuel Ambrogi,R,188,ARG,21.153,741,1,3-6 6-3 6-0,3,R32,136,1,3,84,44,31,25,12,2,3,6,4,82,52,37,11,12,5,9
2025-9678,Buenos Aires,Clay,32,C,O,20250113,12,O660,,,Genaro Alberto Olivieri,R,175,ARG,26.445,316,159,SG56,,,Daniel Dutra da Silva,L,,BRA,36.526,308,171,6-3 6-1,3,R32,74,0,1,51,28,19,14,8,2,3,1,5,49,25,12,9,8,2,7
2025-9678,Buenos Aires,Clay,32,C,O,20250113,13,R0A7,,,Joao Lucas Reis Da Silva,R,178,BRA,24.802,741,1,CF01,,,Marco Cecchinato,R,185,ITA,32.287,378,130,3-6 6-3 6-4,3,R32,147,3,5,92,46,32,24,14,4,6,4,6,99,59,42,18,14,6,9
2025-9678,Buenos Aires,Clay,32,C,O,20250113,14,RH59,,,Santiago Rodriguez Taverna,R,191,ARG,25.498,280,190,M0OH,,,Lautaro Midon,R,180,ARG,20.794,741,1,1-6 6-4 6-4,3,R32,157,0,2,104,72,39,15,13,10,15,0,0,86,62,36,13,14,5,10
2025-9678,Buenos Aires,Clay,32,C,O,20250113,15,S0WT,,,Joel Schwaerzler,L,188,AUT,18.962,330,152,AG08,,,Andres Andrade,R,180,ECU,26.084,243,239,7-5 6-4,3,R32,102,2,3,74,47,31,14,11,3,5,4,4,65,35,24,14,11,3,7
2025-9678,Buenos Aires,Clay,32,C,O,20250113,16,V821,,,Gonzalo Villanueva,R,175,ARG,30.001,427,105,T0DM,,,Juan Bautista Torres,R,178,ARG,22.784,741,1,6-4 4-6 6-3,3,R32,152,1,4,99,61,36,18,15,4,10,1,3,87,48,28,15,14,7,14
2025-9678,Buenos Aires,Clay,32,C,O,20250113,17,V821,,,Gonzalo Villanueva,R,175,ARG,30.001,427,105,B0FV,1,,Roman Andres Burruchaga,R,183,ARG,22.973,151,382,6-4 6-4,3,R16,106,2,3,67,43,33,13,10,2,2,1,3,61,25,20,20,10,1,3
2025-9678,Buenos Aires,Clay,32,C,O,20250113,18,DC48,2,,Murkel Dellien,R,193,BOL,27.326,184,314,R0A7,,,Joao Lucas Reis Da Silva,R,178,BRA,24.802,741,1,6-7(3) 6-3 6-4,3,R16,163,5,5,116,72,46,23,16,5,9,1,1,101,55,34,22,15,10,16
2025-9678,Buenos Aires,Clay,32,C,O,20250113,19,V836,4,,Juan Pablo Varillas,R,185,PER,29.273,207,272,KC29,,,Nicolas Kicker,R,178,ARG,32.411,786,29,7-6(6) 6-3,3,R16,130,3,0,71,31,26,22,11,1,3,0,5,71,36,26,16,10,1,4
2025-9678,Buenos Aires,Clay,32,C,O,20250113,20,N0AM,5,,Emilio Nava,R,185,USA,23.116,211,269,H0CX,,,Max Houkes,L,188,NED,24.531,741,1,7-6(5) 6-4,3,R16,130,4,8,76,44,29,14,11,4,8,1,12,96,62,34,14,11,9,14
2025-9678,Buenos Aires,Clay,32,C,O,20250113,21,V0DP,7,,Adolfo Daniel Vallejo,R,183,PAR,20.712,234,248,O660,,,Genaro Alberto Olivieri,R,175,ARG,26.445,316,159,6-3 6-4,3,R16,89,2,6,69,39,24,15,10,6,10,0,1,51,32,13,6,9,1,7
2025-9678,Buenos Aires,Clay,32,C,O,20250113,22,B0GR,8,,Gonzalo Bueno,R,173,PER,20.78,284,187,D0HD,,,Gabriel Debru,R,193,FRA,19.064,741,1,0-6 6-2 6-3,3,R16,150,0,2,87,51,28,16,12,5,11,1,7,84,57,34,8,11,9,15
2025-9678,Buenos Aires,Clay,32,C,O,20250113,23,G0DH,,,Alvaro Guillen Meza,R,175,ECU,22.031,270,199,S0WT,,,Joel Schwaerzler,L,188,AUT,18.962,330,152,6-3 6-2,3,R16,92,4,3,44,20,17,14,8,0,1,3,0,65,40,19,11,9,11,16
2025-9678,Buenos Aires,Clay,32,C,O,20250113,24,RH59,,,Santiago Rodriguez Taverna,R,191,ARG,25.498,280,190,D0AR,,,Mateus Alves,R,193,BRA,23.973,296,177,6-7(5) 6-3 7-6(5),3,R16,200,6,1,119,73,48,33,17,5,6,6,4,112,77,55,18,16,6,8
2025-9678,Buenos Aires,Clay,32,C,O,20250113,25,B0GR,8,,Gonzalo Bueno,R,173,PER,20.78,284,187,DC48,2,,Murkel Dellien,R,193,BOL,27.326,184,314,6-4 6-1,3,QF,89,2,5,51,33,19,8,8,2,5,0,3,61,38,19,7,9,5,12
2025-9678,Buenos Aires,Clay,32,C,O,20250113,26,V836,4,,Juan Pablo Varillas,R,185,PER,29.273,207,272,N0AM,5,,Emilio Nava,R,185,USA,23.116,211,269,6-4 7-5,3,QF,106,1,3,72,45,32,15,11,1,2,4,4,59,41,28,10,11,3,6
2025-9678,Buenos Aires,Clay,32,C,O,20250113,27,V0DP,7,,Adolfo Daniel Vallejo,R,183,PAR,20.712,234,248,V821,,,Gonzalo Villanueva,R,175,ARG,30.001,427,105,3-6 6-3 6-4,3,QF,144,2,6,85,51,41,14,14,7,10,0,7,91,57,34,20,14,3,7
2025-9678,Buenos Aires,Clay,32,C,O,20250113,28,G0DH,,,Alvaro Guillen Meza,R,175,ECU,22.031,270,199,RH59,,,Santiago Rodriguez Taverna,R,191,ARG,25.498,280,190,6-1 6-4,3,QF,107,0,5,64,36,24,19,9,5,6,0,4,68,42,24,10,8,5,9
2025-9678,Buenos Aires,Clay,32,C,O,20250113,29,V836,4,,Juan Pablo Varillas,R,185,PER,29.273,207,272,B0GR,8,,Gonzalo Bueno,R,173,PER,20.78,284,187,7-6(4) 6-4,3,SF,136,2,0,71,46,31,13,11,3,6,0,3,96,47,26,25,11,7,11
2025-9678,Buenos Aires,Clay,32,C,O,20250113,30,V0DP,7,,Adolfo Daniel Vallejo,R,183,PAR,20.712,234,248,G0DH,,,Alvaro Guillen Meza,R,175,ECU,22.031,270,199,7-5 6-2,3,SF,106,0,2,69,44,24,14,10,5,8,0,7,61,33,17,13,10,4,10
2025-9678,Buenos Aires,Clay,32,C,O,20250113,31,V836,4,,Juan Pablo Varillas,R,185,PER,29.273,207,272,V0DP,7,,Adolfo Daniel Vallejo,R,183,PAR,20.712,234,248,6-4 6-4,3,F,108,2,1,65,34,24,17,10,2,4,2,5,72,41,26,11,10,7,11
2025-2901,Punta del Este,Clay,32,C,O,20250120,1,CE77,1,,Federico Coria,R,180,ARG,32.868,96,617,H0DU,,,Gustavo Heide,R,191,BRA,22.894,175,332,6-7(1) 6-3 6-4,3,R32,167,3,5,93,55,43,18,16,1,3,9,4,92,49,38,21,15,5,9
2025-2901,Punta del Este,Clay,32,C,O,20250120,2,TE16,,,Carlos Taberner,R,183,ESP,27.452,196,296,DA31,2,,Hugo Dellien,R,180,BOL,31.598,123,488,6-4 6-2,3,R32,97,2,2,50,31,24,14,9,3,3,4,3,71,48,29,11,9,7,10
2025-2901,Punta del Este,Clay,32,C,O,20250120,3,GE33,3,,Daniel Elahi Galan,R,191,COL,28.591,128,473,CD00,,,Maxime Chazal,R,175,FRA,31.743,356,140,6-2 6-2,3,R32,93,8,0,47,30,28,7,8,2,2,0,0,62,37,20,11,8,7,11
2025-2901,Punta del Este,Clay,32,C,O,20250120,4,M0OH,,,Lautaro Midon,R,180,ARG,20.813,394,122,C0C8,4,,Juan Manuel Cerundolo,L,183,ARG,23.181,139,428,6-2 6-2,3,R32,84,1,0,53,36,24,9,8,4,5,0,1,53,32,15,9,8,5,10
2025-2901,Punta del Este,Clay,32,C,O,20250120,5,TA29,5,,Marco Trungelliti,R,178,ARG,34.971,140,417,D0AR,,,Mateus Alves,R,193,BRA,23.992,296,177,6-4 7-6(2),3,R32,123,2,4,75,40,30,23,11,7,7,6,3,70,50,38,9,11,3,4
2025-2901,Punta del Este,Clay,32,C,O,20250120,6,B0FV,6,,Roman Andres Burruchaga,R,183,ARG,22.992,151,382,PH64,,,Andrea Pellegrino,R,185,ITA,27.83,262,209,3-6 6-2 7-5,3,R32,152,2,5,97,54,38,18,14,6,10,1,4,102,61,37,16,15,5,11
2025-2901,Punta del Este,Clay,32,C,O,20250120,7,BS86,7,,Tomas Barrios Vera,R,191,CHI,27.113,152,380,G0DH,,,Alvaro Guillen Meza,R,175,ECU,22.051,270,199,3-6 6-4 7-6(7),3,R32,190,1,3,112,83,51,15,15,4,8,2,3,112,68,48,19,16,10,14
2025-2901,Punta del Este,Clay,32,C,O,20250120,8,B0GR,,,Gonzalo Bueno,R,173,PER,20.799,284,187,R772,8,,Albert Ramos-Vinolas,L,188,ESP,37.01,159,359,7-6(5) 6-7(5) 6-0,3,R32,158,4,2,109,67,48,26,15,5,7,2,4,99,61,40,21,15,4,9
2025-2901,Punta del Este,Clay,32,C,O,20250120,9,CF01,,,Marco Cecchinato,R,185,ITA,32.307,378,130,AG08,,,Andres Andrade,R,180,ECU,26.103,243,239,2-6 6-4 6-3,3,R32,123,8,8,106,65,40,21,14,10,13,3,2,78,55,35,14,13,3,6
2025-2901,Punta del Este,Clay,32,C,O,20250120,10,D0HD,,,Gabriel Debru,R,193,FRA,19.083,255,218,FA43,,,Juan Pablo Ficovich,R,188,ARG,27.989,190,308,6-4 5-7 6-0,3,R32,161,5,4,114,71,45,19,14,9,14,0,1,78,45,24,16,14,2,10
2025-2901,Punta del Este,Clay,32,C,O,20250120,11,DC48,,,Murkel Dellien,R,193,BOL,27.346,184,314,O376,,,Renzo Olivo,R,178,ARG,32.851,334,151,2-6 6-0 6-2,3,R32,126,0,3,82,54,34,17,11,8,10,1,2,72,41,25,13,11,5,10
2025-2901,Punta del Este,Clay,32,C,O,20250120,12,H0CX,,,Max Houkes,L,188,NED,24.55,328,153,CC66,,,Andrea Collarini,L,183,ARG,32.972,204,280,7-5 6-7(5) 6-2,3,R32,183,4,6,112,71,51,16,16,7,10,0,1,100,75,47,10,16,5,11
2025-2901,Punta del Este,Clay,32,C,O,20250120,13,MJ98,,,Facundo Mena,R,183,ARG,32.329,220,262,A0JW,,,Joaquin Aguilar Cardozo,R,168,URY,19.786,808,27,6-3 6-3,3,R32,85,10,1,42,24,21,15,9,0,0,1,2,65,40,23,14,9,8,11
2025-2901,Punta del Este,Clay,32,C,O,20250120,14,N0AM,,,Emilio Nava,R,185,USA,23.135,211,269,V0DP,,,Adolfo Daniel Vallejo,R,183,PAR,20.731,234,248,3-6 6-3 6-2,3,R32,126,7,2,84,53,36,17,13,6,9,4,3,79,45,28,17,13,8,13
2025-2901,Punta del Este,Clay,32,C,O,20250120,15,O660,,,Genaro Alberto Olivieri,R,175,ARG,26.464,316,159,RH59,,,Santiago Rodriguez Taverna,R,191,ARG,25.517,280,190,6-4 6-2,3,R32,97,0,2,62,51,39,3,9,4,5,3,1,63,43,28,6,9,4,8
2025-2901,Punta del Este,Clay,32,C,O,20250120,16,T0DM,,,Juan Bautista Torres,R,178,ARG,22.804,281,189,R0BT,,,Franco Roncadelli,L,185,URU,24.956,373,134,6-1 7-5,3,R32,89,4,2,57,34,22,14,10,3,5,0,2,55,41,22,5,9,2,7
2025-2901,Punta del Este,Clay,32,C,O,20250120,17,CE77,1,,Federico Coria,R,180,ARG,32.868,96,617,CF01,,,Marco Cecchinato,R,185,ITA,32.307,378,130,6-2 6-3,3,R16,68,2,2,42,30,21,7,8,0,1,2,0,45,30,12,9,9,2,7
2025-2901,Punta del Este,Clay,32,C,O,20250120,18,GE33,3,,Daniel Elahi Galan,R,191,COL,28.591,128,473,MJ98,,,Facundo Mena,R,183,ARG,32.329,220,262,6-4 6-4,3,R16,110,8,1,49,32,29,11,10,0,0,4,5,81,39,27,20,10,7,9
2025-2901,Punta del Este,Clay,32,C,O,20250120,19,TA29,5,,Marco Trungelliti,R,178,ARG,34.971,140,417,T0DM,,,Juan Bautista Torres,R,178,ARG,22.804,281,189,7-6(5) 7-5,3,R16,135,4,0,90,49,31,25,12,10,12,0,0,76,59,36,10,12,2,5
2025-2901,Punta del Este,Clay,32,C,O,20250120,20,N0AM,,,Emilio Nava,R,185,USA,23.135,211,269,B0FV,6,,Roman Andres Burruchaga,R,183,ARG,22.992,151,382,6-1 6-4,3,R16,90,5,2,48,26,24,12,9,0,0,3,3,48,25,13,14,8,3,6
2025-2901,Punta del Este,Clay,32,C,O,20250120,21,BS86,7,,Tomas Barrios Vera,R,191,CHI,27.113,152,380,H0CX,,,Max Houkes,L,188,NED,24.55,328,153,4-6 6-4 6-3,3,R16,160,2,2,83,52,33,17,14,6,11,4,8,98,56,40,8,15,5,12
2025-2901,Punta del Este,Clay,32,C,O,20250120,22,B0GR,,,Gonzalo Bueno,R,173,PER,20.799,284,187,DC48,,,Murkel Dellien,R,193,BOL,27.346,184,314,7-6(4) 6-3,3,R16,105,0,2,69,40,27,19,11,2,4,1,2,62,35,22,16,10,5,8
2025-2901,Punta del Este,Clay,32,C,O,20250120,23,M0OH,,,Lautaro Midon,R,180,ARG,20.813,394,122,O660,,,Genaro Alberto Olivieri,R,175,ARG,26.464,316,159,6-4 6-1,3,R16,96,0,0,68,51,32,11,9,4,5,0,2,53,42,21,5,8,3,7
2025-2901,Punta del Este,Clay,32,C,O,20250120,24,TE16,,,Carlos Taberner,R,183,ESP,27.452,196,296,D0HD,,,Gabriel Debru,R,193,FRA,19.083,255,218,6-2 3-6 7-5,3,R16,157,1,4,88,57,35,16,14,4,8,2,2,80,57,31,16,15,1,7
2025-2901,Punta del Este,Clay,32,C,O,20250120,25,N0AM,,,Emilio Nava,R,185,USA,23.135,211,269,CE77,1,,Federico Coria,R,180,ARG,32.868,96,617,3-6 6-3 6-3,3,QF,129,11,4,74,46,34,6,13,3,8,1,3,87,57,32,12,14,8,15
2025-2901,Punta del Este,Clay,32,C,O,20250120,26,GE33,3,,Daniel Elahi Galan,R,191,COL,28.591,128,473,B0GR,,,Gonzalo Bueno,R,173,PER,20.799,284,187,7-6(5) 6-4,3,QF,122,7,2,80,52,40,14,11,2,3,1,1,80,54,34,15,11,11,13
2025-2901,Punta del Este,Clay,32,C,O,20250120,27,TE16,,,Carlos Taberner,R,183,ESP,27.452,196,296,TA29,5,,Marco Trungelliti,R,178,ARG,34.971,140,417,6-7(5) 6-2 6-4,3,QF,187,4,0,101,65,40,25,15,4,7,11,1,115,67,43,20,15,8,14
2025-2901,Punta del Este,Clay,32,C,O,20250120,28,BS86,7,,Tomas Barrios Vera,R,191,CHI,27.113,152,380,M0OH,,,Lautaro Midon,R,180,ARG,20.813,394,122,6-0 7-6(6),3,QF,92,0,3,63,39,26,13,9,3,5,2,4,55,37,24,4,9,1,6
2025-2901,Punta del Este,Clay,32,C,O,20250120,29,GE33,3,,Daniel Elahi Galan,R,191,COL,28.591,128,473,N0AM,,,Emilio Nava,R,185,USA,23.135,211,269,6-3 6-3,3,SF,72,1,0,47,25,18,12,9,0,2,1,2,49,27,14,7,9,1,6
2025-2901,Punta del Este,Clay,32,C,O,20250120,30,BS86,7,,Tomas Barrios Vera,R,191,CHI,27.113,152,380,TE16,,,Carlos Taberner,R,183,ESP,27.452,196,296,6-1 6-3,3,SF,84,0,0,48,34,24,8,8,2,3,3,1,51,31,14,10,8,7,12
2025-2901,Punta del Este,Clay,32,C,O,20250120,31,GE33,3,,Daniel Elahi Galan,R,191,COL,28.591,128,473,BS86,7,,Tomas Barrios Vera,R,191,CHI,27.113,152,380,5-7 6-4 6-4,3,F,178,9,1,99,61,45,19,16,6,10,2,1,104,64,42,18,16,11,16
2025-2979,Oeiras 3,Hard,32,C,I,20250121,1,F724,1,,Marton Fucsovics,R,188,HUN,32.953,99,611,M0HT,,,Alejandro Moro Canas,R,183,ESP,24.123,165,346,6-4 6-7(3) 6-3,3,R32,166,1,6,108,63,41,24,16,10,14,1,2,93,58,36,16,15,7,13
2025-2979,Oeiras 3,Hard,32,C,I,20250121,2,U134,,,Yasutaka Uchiyama,R,183,JPN,32.463,149,386,E865,2,,Christopher Eubanks,R,201,USA,28.715,102,582,7-6(6) 6-4,3,R32,95,5,3,74,38,29,25,11,2,2,4,1,72,47,36,13,11,1,2
2025-2979,Oeiras 3,Hard,32,C,I,20250121,3,D0DP,,,Liam Draxl,R,185,CAN,23.129,208,272,D0C1,3,,Jesper de Jong,R,180,NED,24.643,111,540,6-4 7-5,3,R32,115,1,2,64,42,24,8,11,3,8,8,4,61,27,14,13,11,3,10
2025-2979,Oeiras 3,Hard,32,C,I,20250121,4,B0PG,,,Alexander Blockx,R,193,BEL,19.789,203,280,RC04,4,,Alexander Ritschard,R,193,SUI,30.831,118,504,7-6(3) 3-6 6-2,3,R32,113,9,0,79,47,33,23,14,0,2,3,3,84,55,40,15,15,0,3
2025-2979,Oeiras 3,Hard,32,C,I,20250121,5,PG20,,,Dmitry Popko,R,191,KAZ,28.244,197,296,C0JP,5,,Raphael Collignon,R,191,BEL,23.023,120,498,6-3 6-2,3,R32,69,3,0,44,26,21,8,8,0,1,2,8,49,23,13,10,9,3,8
2025-2979,Oeiras 3,Hard,32,C,I,20250121,6,M0AW,,,Nicolas Mejia,R,183,COL,24.945,224,260,KE73,6,,Dominik Koepfer,L,180,GER,30.732,124,485,6-7(3) 7-6(5) 6-3,3,R32,189,1,4,121,69,45,30,17,5,8,4,11,115,54,40,29,16,2,6
2025-2979,Oeiras 3,Hard,32,C,I,20250121,7,HH06,,,Marc-Andrea Huesler,L,196,SUI,28.578,163,351,F0F2,7,,Jaime Faria,R,188,POR,21.462,125,481,6-3 6-2,3,R32,60,7,2,45,28,22,12,8,2,2,3,6,53,26,18,10,9,4,8
2025-2979,Oeiras 3,Hard,32,C,I,20250121,8,Y171,,,Denis Yevseyev,R,188,KAZ,31.669,249,227,KI63,8,,Lukas Klein,R,193,SVK,26.836,144,405,6-4 6-0,3,R32,54,3,1,50,31,26,9,8,3,3,2,5,45,22,16,8,8,3,7
2025-2979,Oeiras 3,Hard,32,C,I,20250121,9,A0AB,,,Adrian Andreev,R,175,BUL,23.696,217,265,C0BH,,,Clement Chidekh,R,180,FRA,23.608,192,302,6-4 4-6 7-6(5),3,R32,162,6,5,113,65,41,21,16,7,13,9,7,102,59,35,24,16,6,12
2025-2979,Oeiras 3,Hard,32,C,I,20250121,10,G09C,,,Pedro Araujo,R,185,CZE,29.347,259,215,CH12,,,Jan Choinski,R,196,GBR,28.616,180,323,7-6(7) 6-4,3,R32,108,1,2,81,56,35,15,11,3,5,5,3,69,48,32,12,11,1,4
2025-2979,Oeiras 3,Hard,32,C,I,20250121,11,BG23,,,Nikoloz Basilashvili,R,185,GEO,32.912,206,273,A829,,,Radu Albot,R,175,MDA,35.195,157,369,6-3 6-4,3,R32,82,6,2,60,30,24,18,10,1,2,2,1,57,44,29,5,9,5,8
2025-2979,Oeiras 3,Hard,32,C,I,20250121,12,GK06,,,Alexis Galarneau,R,180,CAN,25.892,198,288,SN54,,,Frederico Ferreira Silva,L,178,POR,29.848,307,171,6-3 2-6 7-5,3,R32,137,6,11,99,49,37,22,15,3,7,2,8,80,43,31,16,14,4,8
2025-2979,Oeiras 3,Hard,32,C,I,20250121,13,L0GH,,,Mark Lajal,R,191,EST,21.697,235,245,R0GO,,,Henrique Rocha,R,180,POR,20.794,174,334,3-6 6-2 7-6(5),3,R32,152,4,2,94,58,37,18,15,4,9,1,7,105,57,33,23,14,7,12
2025-2979,Oeiras 3,Hard,32,C,I,20250121,14,R09X,,,Jurij Rodionov,L,191,AUT,25.687,162,352,R0FP,,,Daniel Rincon,L,185,ESP,22.04,261,213,6-1 1-6 6-0,3,R32,81,7,3,69,45,32,11,10,5,7,4,2,55,40,23,7,10,2,7
2025-2979,Oeiras 3,Hard,32,C,I,20250121,15,R0EB,,,Valentin Royer,R,188,FRA,23.65,209,272,B0ID,,,Ignacio Buse,R,183,PER,20.827,236,243,6-0 6-2,3,R32,74,2,2,55,31,23,11,7,5,6,2,6,45,20,10,6,7,6,12
2025-2979,Oeiras 3,Hard,32,C,I,20250121,16,Z09Z,,,Beibit Zhukayev,R,198,KAZ,24.277,244,236,E698,,,Gastao Elias,R,180,POR,34.16,372,134,6-3 6-2,3,R32,65,8,2,45,26,22,12,9,1,2,1,3,47,24,15,10,8,1,5
2025-2979,Oeiras 3,Hard,32,C,I,20250121,17,GK06,,,Alexis Galarneau,R,180,CAN,25.892,198,288,F724,1,,Marton Fucsovics,R,188,HUN,32.953,99,611,6-3 6-4,3,R16,83,2,3,65,32,22,22,10,3,4,2,3,59,26,19,16,9,2,5
2025-2979,Oeiras 3,Hard,32,C,I,20250121,18,BG23,,,Nikoloz Basilashvili,R,185,GEO,32.912,206,273,HH06,,,Marc-Andrea Huesler,L,196,SUI,28.578,163,351,4-6 6-2 6-2,3,R16,108,3,3,95,48,32,30,13,8,9,5,2,76,45,29,15,13,4,8
2025-2979,Oeiras 3,Hard,32,C,I,20250121,19,B0PG,,,Alexander Blockx,R,193,BEL,19.789,203,280,R09X,,,Jurij Rodionov,L,191,AUT,25.687,162,352,6-0 2-6 6-3,3,R16,110,1,5,76,39,28,21,12,4,6,2,2,88,59,34,12,11,9,13
2025-2979,Oeiras 3,Hard,32,C,I,20250121,20,D0DP,,,Liam Draxl,R,185,CAN,23.129,208,272,KI48,,,Pedro Araujo,R,180,TUR,25.985,285,186,6-1 6-2,3,R16,70,3,1,48,31,22,6,7,4,6,0,1,45,29,11,3,8,0,7
2025-2979,Oeiras 3,Hard,32,C,I,20250121,21,L0GH,,,Mark Lajal,R,191,EST,21.697,235,245,U134,,,Yasutaka Uchiyama,R,183,JPN,32.463,149,386,6-3 6-2,3,R16,71,1,2,51,31,23,11,9,1,2,2,2,48,27,15,9,8,3,7
2025-2979,Oeiras 3,Hard,32,C,I,20250121,22,M0AW,,,Nicolas Mejia,R,183,COL,24.945,224,260,A0AB,,,Adrian Andreev,R,175,BUL,23.696,217,265,W/O,3,R16,,,,,,,,,,,,,,,,,,,
2025-2979,Oeiras 3,Hard,32,C,I,20250121,23,R0EB,,,Valentin Royer,R,188,FRA,23.65,209,272,Y171,,,Denis Yevseyev,R,188,KAZ,31.669,249,227,6-2 2-6 6-4,3,R16,90,6,3,70,48,37,7,13,1,5,3,5,83,53,33,13,13,5,10
2025-2979,Oeiras 3,Hard,32,C,I,20250121,24,Z09Z,,,Beibit Zhukayev,R,198,KAZ,24.277,244,236,PG20,,,Dmitry Popko,R,191,KAZ,28.244,197,296,6-3 7-6(3),3,R16,95,12,0,66,41,36,14,11,0,1,5,6,70,36,27,15,10,3,5
2025-2979,Oeiras 3,Hard,32,C,I,20250121,25,B0PG,,,Alexander Blockx,R,193,BEL,19.789,203,280,BG23,,,Nikoloz Basilashvili,R,185,GEO,32.912,206,273,6-3 6-4,3,QF,68,1,0,54,34,26,11,10,0,1,5,4,46,19,16,11,9,0,3
2025-2979,Oeiras 3,Hard,32,C,I,20250121,26,D0DP,,,Liam Draxl,R,185,CAN,23.129,208,272,M0AW,,,Nicolas Mejia,R,183,COL,24.945,224,260,7-6(3) 7-5,3,QF,145,2,8,89,57,41,10,12,5,8,2,2,75,51,29,12,12,4,8
2025-2979,Oeiras 3,Hard,32,C,I,20250121,27,GK06,,,Alexis Galarneau,R,180,CAN,25.892,198,288,R0EB,,,Valentin Royer,R,188,FRA,23.65,209,272,6-4 7-6(6),3,QF,109,2,1,76,43,29,21,11,1,3,3,5,82,50,33,15,11,2,5
2025-2979,Oeiras 3,Hard,32,C,I,20250121,28,L0GH,,,Mark Lajal,R,191,EST,21.697,235,245,Z09Z,,,Beibit Zhukayev,R,198,KAZ,24.277,244,236,5-7 7-6(5) 6-4,3,QF,154,6,5,101,67,46,21,17,6,10,13,2,113,67,45,26,17,6,10
2025-2979,Oeiras 3,Hard,32,C,I,20250121,29,B0PG,,,Alexander Blockx,R,193,BEL,19.789,203,280,L0GH,,,Mark Lajal,R,191,EST,21.697,235,245,7-5 7-5,3,SF,109,1,6,79,37,26,22,12,5,8,2,5,77,56,32,9,12,12,17
2025-2979,Oeiras 3,Hard,32,C,I,20250121,30,D0DP,,,Liam Draxl,R,185,CAN,23.129,208,272,GK06,,,Alexis Galarneau,R,180,CAN,25.892,198,288,6-4 4-6 6-2,3,SF,145,1,6,86,53,34,15,14,3,8,1,6,83,38,28,16,14,3,10
2025-2979,Oeiras 3,Hard,32,C,I,20250121,31,B0PG,,,Alexander Blockx,R,193,BEL,19.789,203,280,D0DP,,,Liam Draxl,R,185,CAN,23.129,208,272,7-5 6-1,3,F,86,5,1,62,37,28,16,10,0,0,0,3,56,36,20,13,9,3,6
2025-6239,Quimper,Hard,32,C,I,20250121,1,MK66,,,Mackenzie McDonald,R,178,USA,29.769,130,464,ME82,,,Adrian Mannarino,L,180,FRA,36.564,75,751,3-6 6-4 6-4,3,R32,152,6,1,108,71,44,20,15,8,12,8,3,103,59,38,23,14,11,15
2025-6239,Quimper,Hard,32,C,I,20250121,2,BV16,,,Ugo Blanchet,R,175,FRA,26.045,227,258,SX91,2,,Thiago Seyboth Wild,R,185,BRA,24.868,79,732,6-4 7-6(7),3,R32,99,6,3,75,41,34,15,11,5,7,4,3,69,49,34,8,11,2,5
2025-6239,Quimper,Hard,32,C,I,20250121,3,BE90,,,Ricardas Berankis,R,175,LTU,34.587,313,164,CG80,3,,Borna Coric,R,188,CRO,28.186,87,639,7-6(6) 6-3,3,R32,114,4,2,84,52,35,15,11,6,8,12,2,68,41,30,9,10,1,4
2025-6239,Quimper,Hard,32,C,I,20250121,4,SS25,,,Vitaliy Sachko,R,188,UKR,27.524,417,109,V0AM,4,,Otto Virtanen,R,193,FIN,23.587,93,627,6-1 3-6 6-3,3,R32,97,2,5,72,47,38,11,13,0,1,4,1,67,37,23,17,12,1,4
2025-6239,Quimper,Hard,32,C,I,20250121,5,LB66,,,Constant Lestienne,R,180,FRA,32.665,177,325,B0GG,5,,Mattia Bellucci,L,175,ITA,23.641,100,605,7-6(5) 7-5,3,R32,103,3,2,68,41,35,14,12,1,2,6,6,70,39,32,16,12,3,5
2025-6239,Quimper,Hard,32,C,I,20250121,6,K0AZ,6,,Aleksandar Kovacevic,R,183,USA,26.398,109,547,K0E6,,,Alibek Kachmazov,R,185,RUS,22.431,195,296,7-5 6-2,3,R32,106,7,1,66,40,33,13,10,1,1,10,1,84,50,31,16,10,6,9
2025-6239,Quimper,Hard,32,C,I,20250121,7,K926,7,,Mikhail Kukushkin,R,183,KAZ,37.073,110,547,KC04,,,Jozef Kovalik,R,183,SVK,32.214,129,472,6-7(3) 6-3 6-4,3,R32,137,9,1,92,63,49,18,15,6,6,9,3,94,64,51,13,16,3,6
2025-6239,Quimper,Hard,32,C,I,20250121,8,DB63,8,,Laslo Djere,R,188,SRB,29.64,114,519,G0IX,,,Arthur Gea,R,180,FRA,20.052,383,127,6-4 6-2,3,R32,73,11,3,53,34,29,8,9,0,0,1,4,54,27,18,13,9,4,7
2025-6239,Quimper,Hard,32,C,I,20250121,9,BK24,,,Gregoire Barrere,R,183,FRA,30.93,143,408,A0GC,,,Terence Atmane,L,193,FRA,23.034,154,376,7-6(2) 4-6 6-2,3,R32,101,3,2,81,45,43,20,15,2,3,12,6,89,61,46,15,15,3,5
2025-6239,Quimper,Hard,32,C,I,20250121,10,D0DW,,,Titouan Droguet,R,191,FRA,23.603,183,314,H09N,,,August Holmgren,R,188,DEN,26.752,199,287,6-4 7-5,3,R32,94,13,1,69,43,31,17,11,3,3,6,3,80,63,41,6,11,7,9
2025-6239,Quimper,Hard,32,C,I,20250121,11,G0GW,,,Sascha Gueymard Wayenburg,R,191,FRA,21.476,470,88,B0LW,,,Mika Brunold,R,191,SUI,20.304,349,145,0-6 6-3 6-3,3,R32,99,8,3,75,47,37,9,12,5,8,2,2,75,45,32,13,12,3,6
2025-6239,Quimper,Hard,32,C,I,20250121,12,H996,,,Pierre-Hugues Herbert,R,188,FRA,33.848,147,391,HB48,,,Calvin Hemery,R,191,FRA,29.982,201,286,6-3 6-4,3,R32,84,4,4,63,33,27,16,10,2,3,4,0,60,33,20,15,9,6,9
2025-6239,Quimper,Hard,32,C,I,20250121,13,J0AZ,,,Kyrian Jacquet,R,175,FRA,23.699,272,197,BO10,,,Gijs Brouwer,L,191,NED,28.857,189,308,7-5 6-4,3,R32,85,9,2,77,45,31,19,11,6,8,6,5,68,44,31,8,11,2,6
2025-6239,Quimper,Hard,32,C,I,20250121,14,MW76,,,Matteo Martineau,R,183,FRA,26.015,215,267,K0EP,,,Jerome Kym,R,198,SUI,21.941,133,451,6-3 7-6(6),3,R32,100,7,4,80,55,40,12,10,6,7,12,6,83,47,32,20,11,9,12
2025-6239,Quimper,Hard,32,C,I,20250121,15,M0K4,,,Elmer Moller,R,183,DEN,21.539,160,357,KE64,,,Stefan Kozlov,R,183,USA,26.971,355,141,6-3 7-5,3,R32,104,5,3,55,36,26,10,10,2,4,1,0,86,49,37,9,11,5,10
2025-6239,Quimper,Hard,32,C,I,20250121,16,PD31,,,Benoit Paire,R,196,FRA,35.707,422,106,M0G4,,,Harold Mayot,R,180,FRA,22.962,117,509,6-2 1-6 7-6(4),3,R32,100,10,3,87,49,37,20,13,4,7,13,2,82,52,36,16,14,1,4
2025-6239,Quimper,Hard,32,C,I,20250121,17,MW76,,,Matteo Martineau,R,183,FRA,26.015,215,267,K0AZ,6,,Aleksandar Kovacevic,R,183,USA,26.398,109,547,7-6(2) 7-6(3),3,R16,113,10,6,91,60,45,12,12,2,4,7,2,75,49,36,13,12,0,2
2025-6239,Quimper,Hard,32,C,I,20250121,18,D0DW,,,Titouan Droguet,R,191,FRA,23.603,183,314,K926,7,,Mikhail Kukushkin,R,183,KAZ,37.073,110,547,6-3 6-3,3,R16,89,6,1,63,31,23,19,9,4,4,5,2,73,41,22,19,9,6,9
2025-6239,Quimper,Hard,32,C,I,20250121,19,DB63,8,,Laslo Djere,R,188,SRB,29.64,114,519,J0AZ,,,Kyrian Jacquet,R,175,FRA,23.699,272,197,6-7(2) 6-4 6-4,3,R16,139,6,3,104,61,47,24,16,3,4,2,2,108,66,50,18,16,7,10
2025-6239,Quimper,Hard,32,C,I,20250121,20,BE90,,,Ricardas Berankis,R,175,LTU,34.587,313,164,BK24,,,Gregoire Barrere,R,183,FRA,30.93,143,408,6-2 6-2,3,R16,71,3,3,52,36,27,7,8,6,7,5,6,55,33,21,5,8,6,11
2025-6239,Quimper,Hard,32,C,I,20250121,21,G0GW,,,Sascha Gueymard Wayenburg,R,191,FRA,21.476,470,88,MK66,,,Mackenzie McDonald,R,178,USA,29.769,130,464,6-3 7-6(2),3,R16,84,6,3,65,41,33,12,11,1,2,2,2,61,46,31,8,10,1,3
2025-6239,Quimper,Hard,32,C,I,20250121,22,H996,,,Pierre-Hugues Herbert,R,188,FRA,33.848,147,391,BV16,,,Ugo Blanchet,R,175,FRA,26.045,227,258,7-5 3-6 6-3,3,R16,131,13,3,85,53,42,17,15,8,10,3,3,94,36,26,37,15,4,7
2025-6239,Quimper,Hard,32,C,I,20250121,23,M0K4,,,Elmer Moller,R,183,DEN,21.539,160,357,LB66,,,Constant Lestienne,R,180,FRA,32.665,177,325,6-4 6-4,3,R16,66,6,0,52,33,28,12,10,0,0,5,0,48,35,26,10,10,0,2
2025-6239,Quimper,Hard,32,C,I,20250121,24,SS25,,,Vitaliy Sachko,R,188,UKR,27.524,417,109,PD31,,,Benoit Paire,R,196,FRA,35.707,422,106,6-3 6-7(6) 6-3,3,R16,135,4,5,106,67,40,25,16,4,7,18,7,97,44,34,20,14,4,9
2025-6239,Quimper,Hard,32,C,I,20250121,25,G0GW,,,Sascha Gueymard Wayenburg,R,191,FRA,21.476,470,88,DB63,8,,Laslo Djere,R,188,SRB,29.64,114,519,7-6(6) 6-7(3) 7-5,3,QF,172,10,6,125,78,58,27,18,3,4,7,7,139,91,64,24,18,12,14
2025-6239,Quimper,Hard,32,C,I,20250121,26,BE90,,,Ricardas Berankis,R,175,LTU,34.587,313,164,M0K4,,,Elmer Moller,R,183,DEN,21.539,160,357,7-5 6-4,3,QF,93,4,2,62,32,27,18,11,1,2,2,2,70,38,23,19,11,10,13
2025-6239,Quimper,Hard,32,C,I,20250121,27,H996,,,Pierre-Hugues Herbert,R,188,FRA,33.848,147,391,D0DW,,,Titouan Droguet,R,191,FRA,23.603,183,314,7-6(2) 6-2,3,QF,94,6,0,72,45,37,14,10,2,3,8,4,74,40,26,16,10,7,10
2025-6239,Quimper,Hard,32,C,I,20250121,28,MW76,,,Matteo Martineau,R,183,FRA,26.015,215,267,SS25,,,Vitaliy Sachko,R,188,UKR,27.524,417,109,7-5 6-4,3,QF,81,7,2,60,46,38,8,11,1,1,3,0,61,38,27,13,11,0,2
2025-6239,Quimper,Hard,32,C,I,20250121,29,G0GW,,,Sascha Gueymard Wayenburg,R,191,FRA,21.476,470,88,MW76,,,Matteo Martineau,R,183,FRA,26.015,215,267,7-6(5) 3-6 6-3,3,SF,116,10,5,94,58,45,19,15,2,4,8,6,101,60,49,19,15,5,7
2025-6239,Quimper,Hard,32,C,I,20250121,30,H996,,,Pierre-Hugues Herbert,R,188,FRA,33.848,147,391,BE90,,,Ricardas Berankis,R,175,LTU,34.587,313,164,6-3 3-6 6-3,3,SF,118,19,6,83,50,42,14,14,6,8,4,1,83,50,32,18,13,5,8
2025-6239,Quimper,Hard,32,C,I,20250121,31,G0GW,,,Sascha Gueymard Wayenburg,R,191,FRA,21.476,470,88,H996,,,Pierre-Hugues Herbert,R,188,FRA,33.848,147,391,6-7(3) 6-1 6-2,3,F,109,12,2,91,52,42,22,14,2,2,7,2,79,54,35,14,13,0,4
2025-2835,Piracicaba,Clay,32,C,O,20250127,1,U182,1,,Camilo Ugo Carabelli,R,185,ARG,25.615,93,618,R0A7,,,Joao Lucas Reis Da Silva,R,178,BRA,24.841,420,110,6-1 6-2,3,R32,84,1,1,54,43,26,8,8,4,5,1,2,52,25,13,10,7,6,11
2025-2835,Piracicaba,Clay,32,C,O,20250127,2,CE77,2,,Federico Coria,R,180,ARG,32.887,95,617,T0DM,,,Juan Bautista Torres,R,178,ARG,22.823,273,195,7-5 6-3,3,R32,117,0,2,67,45,27,8,10,6,11,1,2,67,46,21,7,11,4,12
2025-2835,Piracicaba,Clay,32,C,O,20250127,3,DA31,3,,Hugo Dellien,R,180,BOL,31.617,122,496,CD00,,,Maxime Chazal,R,175,FRA,31.762,338,147,6-4 6-4,3,R32,105,3,1,55,34,24,14,10,4,5,0,0,56,36,23,11,10,3,6
2025-2835,Piracicaba,Clay,32,C,O,20250127,4,GE33,4,,Daniel Elahi Galan,R,191,COL,28.611,121,498,A0G7,,,Valerio Aboian,L,183,ARG,22.623,441,99,7-5 4-6 6-3,3,R32,151,6,1,85,41,34,25,16,2,5,6,4,89,49,32,20,15,6,10
2025-2835,Piracicaba,Clay,32,C,O,20250127,5,MJ98,,,Facundo Mena,R,183,ARG,32.348,224,267,MW75,5,,Felipe Meligeni Alves,R,185,BRA,26.938,148,374,4-6 7-6(1) 6-2,3,R32,157,15,4,95,50,35,23,15,4,8,3,1,99,55,35,23,15,7,12
2025-2835,Piracicaba,Clay,32,C,O,20250127,6,B0FV,6,,Roman Andres Burruchaga,R,183,ARG,23.012,152,366,O660,,,Genaro Alberto Olivieri,R,175,ARG,26.483,309,169,6-4 6-3,3,R32,106,1,2,63,32,21,16,9,3,5,0,1,48,39,20,4,10,3,8
2025-2835,Piracicaba,Clay,32,C,O,20250127,7,H0DU,7,,Gustavo Heide,R,191,BRA,22.913,174,326,H0CX,,,Max Houkes,L,188,NED,24.569,312,165,6-3 6-2,3,R32,96,3,3,47,23,16,15,9,1,3,0,4,53,30,16,7,8,2,7
2025-2835,Piracicaba,Clay,32,C,O,20250127,8,N0AM,,,Emilio Nava,R,185,USA,23.154,211,279,DC48,8,,Murkel Dellien,R,193,BOL,27.365,197,304,6-3 4-6 7-6(5),3,R32,157,7,1,89,52,37,26,15,4,6,0,4,108,73,49,19,16,6,9
2025-2835,Piracicaba,Clay,32,C,O,20250127,9,D0AR,,,Mateus Alves,R,193,BRA,24.011,288,183,CF01,,,Marco Cecchinato,R,185,ITA,32.326,401,117,4-6 6-3 6-4,3,R32,146,22,5,94,59,47,18,15,6,8,4,2,78,56,44,7,14,2,5
2025-2835,Piracicaba,Clay,32,C,O,20250127,10,CC66,,,Andrea Collarini,L,183,ARG,32.991,215,273,M0OH,,,Lautaro Midon,R,180,ARG,20.832,356,138,6-3 0-6 6-3,3,R32,142,2,4,67,43,31,12,12,1,4,3,3,92,62,43,10,12,8,11
2025-2835,Piracicaba,Clay,32,C,O,20250127,11,D0HD,,,Gabriel Debru,R,193,FRA,19.102,249,228,O376,,,Renzo Olivo,R,178,ARG,32.871,348,141,7-6(6) 6-4,3,R32,114,4,4,75,50,37,15,11,2,3,2,1,70,46,30,18,11,3,5
2025-2835,Piracicaba,Clay,32,C,O,20250127,12,FA43,,,Juan Pablo Ficovich,R,188,ARG,28.008,189,312,RH59,,,Santiago Rodriguez Taverna,R,191,ARG,25.536,310,168,6-3 3-6 6-2,3,R32,151,5,2,92,57,38,20,13,6,9,1,2,85,48,30,16,13,5,10
2025-2835,Piracicaba,Clay,32,C,O,20250127,13,PH64,,,Andrea Pellegrino,R,185,ITA,27.849,259,209,SG56,,,Daniel Dutra da Silva,L,,BRA,36.564,306,171,6-2 4-6 6-3,3,R32,141,5,2,70,37,24,22,13,0,3,8,3,84,43,29,15,14,3,9
2025-2835,Piracicaba,Clay,32,C,O,20250127,14,SL94,,,Pedro Sakamoto,R,178,BRA,31.581,344,144,S0WT,,,Joel Schwaerzler,L,188,AUT,19.001,320,158,7-5 6-1,3,R32,104,4,0,58,28,26,17,10,1,1,4,1,73,49,29,11,9,8,11
2025-2835,Piracicaba,Clay,32,C,O,20250127,15,S0GZ,,,Nikolas Sanchez Izquierdo,R,185,ESP,25.873,376,132,P0IY,,,Juan Carlos Prado Angelo,R,185,BOL,19.896,290,180,3-6 6-3 6-4,3,R32,176,0,2,91,61,35,16,14,4,8,4,4,87,43,27,22,14,5,10
2025-2835,Piracicaba,Clay,32,C,O,20250127,16,TE16,,,Carlos Taberner,R,183,ESP,27.472,182,320,M0EY,,,Alex Marti Pujolras,R,185,ESP,25.963,332,152,6-3 6-7(5) 6-1,3,R32,180,3,2,98,59,44,23,15,10,12,5,10,89,43,30,20,13,5,10
2025-2835,Piracicaba,Clay,32,C,O,20250127,17,U182,1,,Camilo Ugo Carabelli,R,185,ARG,25.615,93,618,CC66,,,Andrea Collarini,L,183,ARG,32.991,215,273,6-4 6-4,3,R16,98,4,1,54,37,30,10,10,0,1,1,4,56,37,28,6,10,1,4
2025-2835,Piracicaba,Clay,32,C,O,20250127,18,CE77,2,,Federico Coria,R,180,ARG,32.887,95,617,S0GZ,,,Nikolas Sanchez Izquierdo,R,185,ESP,25.873,376,132,6-3 7-5,3,R16,114,4,3,70,43,26,13,11,1,5,0,3,57,32,19,8,10,3,9
2025-2835,Piracicaba,Clay,32,C,O,20250127,19,DA31,3,,Hugo Dellien,R,180,BOL,31.617,122,496,SL94,,,Pedro Sakamoto,R,178,BRA,31.581,344,144,7-6(7) 4-6 7-6(6),3,R16,193,4,3,117,80,54,20,17,6,10,6,2,117,73,56,21,17,5,8
2025-2835,Piracicaba,Clay,32,C,O,20250127,20,TE16,,,Carlos Taberner,R,183,ESP,27.472,182,320,GE33,4,,Daniel Elahi Galan,R,191,COL,28.611,121,498,7-5 7-6(6),3,R16,136,3,5,78,40,34,20,12,3,4,9,3,86,51,38,16,12,2,4
2025-2835,Piracicaba,Clay,32,C,O,20250127,21,B0FV,6,,Roman Andres Burruchaga,R,183,ARG,23.012,152,366,D0AR,,,Mateus Alves,R,193,BRA,24.011,288,183,7-6(3) 4-6 6-3,3,R16,184,5,8,94,49,36,27,16,2,5,6,0,98,41,28,35,15,5,8
2025-2835,Piracicaba,Clay,32,C,O,20250127,22,H0DU,7,,Gustavo Heide,R,191,BRA,22.913,174,326,D0HD,,,Gabriel Debru,R,193,FRA,19.102,249,228,6-3 6-3,3,R16,85,4,1,50,29,20,14,9,3,4,1,5,57,36,25,5,9,4,8
2025-2835,Piracicaba,Clay,32,C,O,20250127,23,FA43,,,Juan Pablo Ficovich,R,188,ARG,28.008,189,312,N0AM,,,Emilio Nava,R,185,USA,23.154,211,279,7-6(13) 6-7(2) 6-3,3,R16,179,2,6,122,74,58,20,17,5,9,14,7,108,60,43,24,16,7,12
2025-2835,Piracicaba,Clay,32,C,O,20250127,24,MJ98,,,Facundo Mena,R,183,ARG,32.348,224,267,PH64,,,Andrea Pellegrino,R,185,ITA,27.849,259,209,6-4 7-6(3),3,R16,117,8,5,73,40,32,20,11,1,1,1,1,69,44,31,15,11,1,2
2025-2835,Piracicaba,Clay,32,C,O,20250127,25,B0FV,6,,Roman Andres Burruchaga,R,183,ARG,23.012,152,366,U182,1,,Camilo Ugo Carabelli,R,185,ARG,25.615,93,618,7-5 4-5 RET,3,QF,108,5,3,73,39,26,19,10,3,5,4,3,74,48,31,11,11,4,7
2025-2835,Piracicaba,Clay,32,C,O,20250127,26,MJ98,,,Facundo Mena,R,183,ARG,32.348,224,267,CE77,2,,Federico Coria,R,180,ARG,32.887,95,617,7-6(2) 6-3,3,QF,117,14,0,65,46,37,14,11,1,1,4,4,81,50,36,13,10,10,11
2025-2835,Piracicaba,Clay,32,C,O,20250127,27,DA31,3,,Hugo Dellien,R,180,BOL,31.617,122,496,FA43,,,Juan Pablo Ficovich,R,188,ARG,28.008,189,312,7-5 7-5,3,QF,94,7,3,72,50,41,9,12,0,1,8,2,69,45,29,15,12,6,9
2025-2835,Piracicaba,Clay,32,C,O,20250127,28,H0DU,7,,Gustavo Heide,R,191,BRA,22.913,174,326,TE16,,,Carlos Taberner,R,183,ESP,27.472,182,320,7-6(8) 6-3,3,QF,120,14,2,62,36,33,18,11,2,3,4,2,75,45,32,17,10,2,4
2025-2835,Piracicaba,Clay,32,C,O,20250127,29,MJ98,,,Facundo Mena,R,183,ARG,32.348,224,267,DA31,3,,Hugo Dellien,R,180,BOL,31.617,122,496,3-6 6-3 6-0,3,SF,113,6,2,74,40,27,25,12,4,5,1,3,71,51,27,11,12,3,7
2025-2835,Piracicaba,Clay,32,C,O,20250127,30,B0FV,6,,Roman Andres Burruchaga,R,183,ARG,23.012,152,366,H0DU,7,,Gustavo Heide,R,191,BRA,22.913,174,326,7-5 3-6 7-6(0),3,SF,182,5,8,93,49,40,21,17,2,7,11,3,109,49,36,29,16,2,6
2025-2835,Piracicaba,Clay,32,C,O,20250127,31,B0FV,6,,Roman Andres Burruchaga,R,183,ARG,23.012,152,366,MJ98,,,Facundo Mena,R,183,ARG,32.348,224,267,7-6(8) 6-7(6) 7-6(4),3,F,226,4,8,128,78,57,30,18,4,7,6,1,142,80,56,35,18,3,6
2025-2967,Brisbane 1,Hard,32,C,O,20250127,1,H0BH,1,,Rinky Hijikata,R,178,AUS,23.926,73,759,J0D5,,,Hayden Jones,R,175,AUS,18.412,970,15,6-7(3) 6-4 6-0,3,R32,185,5,2,88,49,33,24,14,4,6,11,3,124,77,49,18,14,17,23
2025-2967,Brisbane 1,Hard,32,C,O,20250127,2,W09E,2,,Adam Walton,R,183,AUS,25.782,87,646,I0B0,,,Andre Ilagan,L,173,USA,24.197,417,112,6-2 6-4,3,R32,98,7,0,57,40,28,10,9,2,3,1,1,71,50,27,9,9,5,9
2025-2967,Brisbane 1,Hard,32,C,O,20250127,3,EA27,,,Blake Ellis,R,191,AUS,26.059,317,163,TC01,3,,Li Tu,R,183,AUS,28.671,169,336,7-6(3) 6-4,3,R32,95,12,0,67,50,40,11,11,3,3,11,1,63,47,36,9,11,2,3
2025-2967,Brisbane 1,Hard,32,C,O,20250127,4,BI81,4,,Alex Bolt,L,183,AUS,32.06,168,339,H0HS,,,Matt Hulme,R,191,AUS,25.944,817,26,7-5 6-3,3,R32,98,6,0,52,32,25,13,10,1,2,5,0,80,63,34,8,11,5,9
2025-2967,Brisbane 1,Hard,32,C,O,20250127,5,S0N0,5,,Tristan Schoolkate,R,183,AUS,23.918,147,378,Z0CQ,,,Yi Zhou,R,193,CHN,19.874,373,133,7-5 6-3,3,R32,106,13,2,58,36,31,14,11,3,3,5,1,66,44,33,9,10,4,6
2025-2967,Brisbane 1,Hard,32,C,O,20250127,6,J553,6,,Omar Jasika,L,183,AUS,27.696,208,283,B0OT,,,Jacob Bradshaw,R,188,AUS,22.264,538,67,6-3 6-1,3,R32,88,2,1,47,33,28,7,8,2,2,2,3,52,33,18,8,8,4,8
2025-2967,Brisbane 1,Hard,32,C,O,20250127,7,S0AQ,7,,Yuta Shimizu,L,163,JPN,25.637,196,305,I426,,,Masamichi Imamura,R,178,JPN,26.179,352,139,6-4 6-4,3,R32,94,3,4,72,48,32,14,10,4,5,2,2,72,46,27,14,10,5,8
2025-2967,Brisbane 1,Hard,32,C,O,20250127,8,TA46,8,,Bernard Tomic,R,196,AUS,32.268,220,269,BV21,,,Charles Broom,R,178,GBR,26.762,285,184,6-1 0-6 7-6(3),3,R32,116,13,4,87,61,46,9,13,5,8,7,3,85,60,38,15,12,6,8
2025-2967,Brisbane 1,Hard,32,C,O,20250127,9,D0A2,,,Matthew Dellavedova,R,191,AUS,24.663,387,124,S0IA,,,Dane Sweeny,R,170,AUS,23.956,389,123,6-3 6-3,3,R32,111,2,1,62,39,21,15,9,2,4,1,3,61,32,19,13,9,3,8
2025-2967,Brisbane 1,Hard,32,C,O,20250127,10,G09C,,,Marek Gengel,R,185,CZE,29.363,254,215,N707,,,Naoki Nakagawa,R,180,JPN,28.189,374,133,6-4 6-3,3,R32,83,6,1,51,35,29,11,10,0,0,9,2,59,29,23,13,9,2,4
2025-2967,Brisbane 1,Hard,32,C,O,20250127,11,H0BA,,,Shinji Hazawa,R,175,JPN,25.796,977,15,I0AX,,,Kokoro Isomura,R,175,JPN,22.015,448,94,6-4 1-0 RET,3,R32,54,10,1,31,23,20,4,6,0,0,0,0,31,23,16,3,5,0,1
2025-2967,Brisbane 1,Hard,32,C,O,20250127,12,KB95,,,Jason Kubler,R,178,AUS,31.693,836,24,MI01,,,Hiroki Moriya,R,168,JPN,34.283,405,117,6-0 6-4,3,R32,80,11,0,50,33,26,6,8,2,3,0,2,46,27,13,9,8,3,8
2025-2967,Brisbane 1,Hard,32,C,O,20250127,13,LI10,,,Christian Langmo,R,191,USA,28.657,403,117,ME89,,,Illya Marchenko,R,185,UKR,37.388,528,69,6-4 6-3,3,R32,86,12,2,52,35,32,6,9,2,2,5,5,64,33,26,12,10,5,8
2025-2967,Brisbane 1,Hard,32,C,O,20250127,14,M0TE,,,Pavle Marinkov,R,188,AUS,18.979,886,20,B0D8,,,Jacob Brumm,R,180,USA,26.16,642,48,6-3 4-6 6-2,3,R32,153,9,5,83,47,36,18,14,5,7,1,5,78,39,25,20,13,2,6
2025-2967,Brisbane 1,Hard,32,C,O,20250127,15,M0OQ,,,James McCabe,R,188,AUS,21.566,225,266,B0EK,,,Moerani Bouzige,R,180,AUS,25.544,414,113,6-1 7-6(4),3,R32,99,15,4,55,30,28,17,10,0,0,5,5,66,45,30,9,9,4,6
2025-2967,Brisbane 1,Hard,32,C,O,20250127,16,N0AL,,,Govind Nanda,R,178,USA,23.943,436,100,J620,,,Maxime Janvier,R,196,FRA,28.277,299,175,1-6 7-6(6) 7-5,3,R32,188,2,0,106,76,53,14,15,10,13,16,8,116,64,50,24,16,7,9
2025-2967,Brisbane 1,Hard,32,C,O,20250127,17,M0OQ,,,James McCabe,R,188,AUS,21.566,225,266,H0BH,1,,Rinky Hijikata,R,178,AUS,23.926,73,759,6-4 7-5,3,R16,112,15,1,71,39,27,20,11,5,6,3,7,61,35,27,11,11,1,4
2025-2967,Brisbane 1,Hard,32,C,O,20250127,18,W09E,2,,Adam Walton,R,183,AUS,25.782,87,646,H0BA,,,Shinji Hazawa,R,175,JPN,25.796,977,15,6-4 6-3,3,R16,94,7,1,50,37,29,7,9,1,2,5,2,60,37,24,10,10,2,6
2025-2967,Brisbane 1,Hard,32,C,O,20250127,19,BI81,4,,Alex Bolt,L,183,AUS,32.06,168,339,N0AL,,,Govind Nanda,R,178,USA,23.943,436,100,4-6 7-6(8) 7-6(4),3,R16,192,17,2,119,67,45,35,17,9,11,12,1,114,77,57,20,17,4,5
2025-2967,Brisbane 1,Hard,32,C,O,20250127,20,S0N0,5,,Tristan Schoolkate,R,183,AUS,23.918,147,378,D0A2,,,Matthew Dellavedova,R,191,AUS,24.663,387,124,6-2 7-6(6),3,R16,109,13,4,56,34,32,12,10,0,1,0,0,73,51,32,10,10,1,4
2025-2967,Brisbane 1,Hard,32,C,O,20250127,21,J553,6,,Omar Jasika,L,183,AUS,27.696,208,283,LI10,,,Christian Langmo,R,191,USA,28.657,403,117,7-5 7-5,3,R16,120,15,0,68,56,43,9,12,4,4,8,2,72,49,33,15,12,6,8
2025-2967,Brisbane 1,Hard,32,C,O,20250127,22,G09C,,,Marek Gengel,R,185,CZE,29.363,254,215,S0AQ,7,,Yuta Shimizu,L,163,JPN,25.637,196,305,3-6 6-4 6-0,3,R16,111,8,2,64,43,33,14,13,2,4,2,3,75,45,32,12,12,4,8
2025-2967,Brisbane 1,Hard,32,C,O,20250127,23,TA46,8,,Bernard Tomic,R,196,AUS,32.268,220,269,KB95,,,Jason Kubler,R,178,AUS,31.693,836,24,6-3 6-7(6) 7-6(3),3,R16,173,17,2,110,74,55,20,17,5,7,15,6,107,58,45,23,16,6,9
2025-2967,Brisbane 1,Hard,32,C,O,20250127,24,EA27,,,Blake Ellis,R,191,AUS,26.059,317,163,M0TE,,,Pavle Marinkov,R,188,AUS,18.979,886,20,6-4 7-5,3,R16,93,10,2,52,36,31,10,11,0,1,5,4,60,36,26,11,11,1,4
2025-2967,Brisbane 1,Hard,32,C,O,20250127,25,W09E,2,,Adam Walton,R,183,AUS,25.782,87,646,TA46,8,,Bernard Tomic,R,196,AUS,32.268,220,269,6-4 7-5,3,QF,99,8,1,63,36,30,15,11,2,3,8,2,85,54,35,13,11,7,10
2025-2967,Brisbane 1,Hard,32,C,O,20250127,26,S0N0,5,,Tristan Schoolkate,R,183,AUS,23.918,147,378,BI81,4,,Alex Bolt,L,183,AUS,32.06,168,339,6-3 7-5,3,QF,102,14,7,67,36,29,17,10,1,1,6,3,82,58,34,12,11,6,9
2025-2967,Brisbane 1,Hard,32,C,O,20250127,27,J553,6,,Omar Jasika,L,183,AUS,27.696,208,283,M0OQ,,,James McCabe,R,188,AUS,21.566,225,266,6-7(7) 6-2 7-5,3,QF,199,5,3,119,89,61,12,16,5,8,15,0,126,78,53,19,16,11,17
2025-2967,Brisbane 1,Hard,32,C,O,20250127,28,G09C,,,Marek Gengel,R,185,CZE,29.363,254,215,EA27,,,Blake Ellis,R,191,AUS,26.059,317,163,6-4 3-6 7-5,3,QF,136,13,3,82,60,49,11,15,2,3,9,0,98,51,38,29,16,4,6
2025-2967,Brisbane 1,Hard,32,C,O,20250127,29,S0N0,5,,Tristan Schoolkate,R,183,AUS,23.918,147,378,W09E,2,,Adam Walton,R,183,AUS,25.782,87,646,4-6 6-3 7-6(5),3,SF,154,20,6,108,65,51,23,16,7,9,4,0,107,79,52,18,15,10,12
2025-2967,Brisbane 1,Hard,32,C,O,20250127,30,G09C,,,Marek Gengel,R,185,CZE,29.363,254,215,J553,6,,Omar Jasika,L,183,AUS,27.696,208,283,7-6(4) 6-3,3,SF,103,12,2,83,56,44,13,11,9,10,6,1,75,57,37,11,10,5,7
2025-2967,Brisbane 1,Hard,32,C,O,20250127,31,S0N0,5,,Tristan Schoolkate,R,183,AUS,23.918,147,378,G09C,,,Marek Gengel,R,185,CZE,29.363,254,215,7-6(3) 7-6(4),3,F,123,19,5,89,55,46,15,12,5,6,7,4,87,62,48,9,12,5,6
2025-7652,Koblenz,Hard,32,C,I,20250127,1,S0AK,1,,Henri Squire,R,196,GER,24.334,193,310,KC33,,,Dimitar Kuzmanov,R,183,BUL,31.502,337,147,3-6 6-4 6-3,3,R32,132,19,2,73,49,40,10,14,4,7,3,4,126,77,49,23,14,16,20
2025-7652,Koblenz,Hard,32,C,I,20250127,2,BU54,,,Geoffrey Blancaneaux,R,180,FRA,26.472,289,182,E768,3,,Antoine Escoffier,R,185,FRA,32.912,212,277,6-1 3-6 6-3,3,R32,147,5,1,79,40,31,20,13,2,4,4,2,93,54,36,14,12,9,13
2025-7652,Koblenz,Hard,32,C,I,20250127,3,MW76,4,,Matteo Martineau,R,183,FRA,26.031,223,267,Z419,,,Bernabe Zapata Miralles,R,183,ESP,28.041,281,185,6-2 7-6(5),3,R32,93,12,6,73,43,34,13,10,4,6,0,2,69,41,25,12,10,2,6
2025-7652,Koblenz,Hard,32,C,I,20250127,4,BV16,5,,Ugo Blanchet,R,175,FRA,26.062,226,266,GG65,,,Michael Geerts,R,178,BEL,30.029,301,174,4-6 6-1 6-4,3,R32,119,12,2,80,44,37,20,14,2,3,5,2,93,56,35,22,13,6,9
2025-7652,Koblenz,Hard,32,C,I,20250127,5,V717,,,Alexey Vatutin,R,178,RUS,32.252,324,156,ML57,6,,Gianluca Mager,R,188,ITA,30.157,297,176,6-4 6-2,3,R32,64,7,4,52,34,28,9,9,1,2,8,2,57,35,20,10,9,2,6
2025-7652,Koblenz,Hard,32,C,I,20250127,6,Z0A1,,,Giulio Zeppieri,L,183,ITA,23.14,330,153,A0BA,7,,Federico Arnaboldi,R,185,ITA,24.611,228,261,6-4 6-2,3,R32,61,3,2,44,26,22,14,9,0,0,2,0,50,26,18,12,9,2,5
2025-7652,Koblenz,Hard,32,C,I,20250127,7,B0C5,,,Florian Broska,R,175,GER,27.072,576,60,D0LJ,,,Diego Dedura,L,180,GER,16.879,575,60,7-6(7) 6-1,3,R32,82,4,0,58,42,30,11,10,0,1,0,2,71,57,32,6,9,5,8
2025-7652,Koblenz,Hard,32,C,I,20250127,8,B0LW,,,Mika Brunold,R,191,SUI,20.32,334,150,E0DD,,,Justin Engel,R,185,GER,17.325,369,134,6-2 6-2,3,R32,63,2,4,49,30,25,11,8,3,3,2,3,51,33,21,6,8,7,11
2025-7652,Koblenz,Hard,32,C,I,20250127,9,E0AC,,,Mathys Erhard,R,188,FRA,23.255,291,180,U176,,,Vadym Ursu,R,183,UKR,28.071,404,117,7-6(5) 6-3,3,R32,112,2,5,88,56,37,14,11,4,7,7,6,84,54,35,12,10,5,9
2025-7652,Koblenz,Hard,32,C,I,20250127,10,GE28,,,Ivan Gakhov,L,191,RUS,28.23,308,170,S0VU,,,Max Schoenhaus,R,180,GER,17.492,1291,6,6-2 3-6 6-3,3,R32,97,5,3,84,54,40,17,13,2,3,3,3,71,48,32,14,13,0,3
2025-7652,Koblenz,Hard,32,C,I,20250127,11,MN20,,,Daniel Masur,R,183,GER,30.226,265,202,V0DI,,,Samuel Vincent Ruggeri,R,191,ITA,22.686,293,179,6-4 6-1,3,R32,70,4,0,45,24,20,14,8,1,1,6,1,51,31,22,8,9,5,9
2025-7652,Koblenz,Hard,32,C,I,20250127,12,N0BG,,,Luca Nardi,R,185,ITA,21.478,83,677,SO20,,,Jelle Sels,R,188,NED,29.467,318,162,6-3 6-4,3,R32,83,9,1,57,45,38,5,10,5,5,5,0,63,39,27,11,9,4,6
2025-7652,Koblenz,Hard,32,C,I,20250127,13,N731,,,Christoph Negritu,R,193,GER,30.856,343,144,N0B4,,,Ryan Nijboer,R,180,NED,25.503,383,125,4-6 6-2 7-5,3,R32,141,5,2,89,55,39,19,15,4,6,5,4,95,62,45,13,15,7,11
2025-7652,Koblenz,Hard,32,C,I,20250127,14,P0D0,,,Jakub Paul,R,180,SUI,25.854,385,125,M0AC,,,Rudolf Molleker,R,188,GER,24.255,268,201,6-4 7-6(2),3,R32,78,7,0,64,40,33,12,11,2,4,5,1,56,41,26,8,11,0,3
2025-7652,Koblenz,Hard,32,C,I,20250127,15,R0ED,,,Max Hans Rehberg,R,183,GER,21.374,261,206,PL64,,,Oleg Prihodko,R,180,UKR,27.318,350,139,6-4 6-4,3,R32,74,4,0,54,42,32,9,10,1,1,2,0,57,36,27,12,10,5,7
2025-7652,Koblenz,Hard,32,C,I,20250127,16,S0NV,,,Abdullah Shelbayh,L,180,JOR,21.199,266,202,W0BB,,,Max Wiskandt,R,191,GER,22.987,502,78,7-6(5) 6-4,3,R32,117,2,3,80,50,34,14,11,5,8,3,5,90,60,35,11,11,5,9
2025-7652,Koblenz,Hard,32,C,I,20250127,17,S0AK,1,,Henri Squire,R,196,GER,24.334,193,310,S0NV,,,Abdullah Shelbayh,L,180,JOR,21.199,266,202,6-3 6-2,3,R16,67,11,3,44,27,23,8,8,2,3,2,3,59,35,22,7,9,1,6
2025-7652,Koblenz,Hard,32,C,I,20250127,18,MW76,4,,Matteo Martineau,R,183,FRA,26.031,223,267,B0C5,,,Florian Broska,R,175,GER,27.072,576,60,6-4 5-7 6-4,3,R16,132,16,1,95,71,55,12,16,4,5,5,4,120,75,54,21,16,8,10
2025-7652,Koblenz,Hard,32,C,I,20250127,19,BV16,5,,Ugo Blanchet,R,175,FRA,26.062,226,266,R0ED,,,Max Hans Rehberg,R,183,GER,21.374,261,206,2-6 7-6(5) 7-6(4),3,R16,171,4,4,116,65,47,27,16,6,9,5,0,113,97,67,9,16,1,2
2025-7652,Koblenz,Hard,32,C,I,20250127,20,B0LW,,,Mika Brunold,R,191,SUI,20.32,334,150,N731,,,Christoph Negritu,R,193,GER,30.856,343,144,6-2 6-4,3,R16,95,2,3,70,41,27,17,9,7,7,4,2,65,41,29,9,9,5,8
2025-7652,Koblenz,Hard,32,C,I,20250127,21,N0BG,,,Luca Nardi,R,185,ITA,21.478,83,677,BU54,,,Geoffrey Blancaneaux,R,180,FRA,26.472,289,182,6-2 6-2,3,R16,85,5,3,55,30,23,14,8,4,4,1,1,58,30,16,13,8,5,9
2025-7652,Koblenz,Hard,32,C,I,20250127,22,P0D0,,,Jakub Paul,R,180,SUI,25.854,385,125,MN20,,,Daniel Masur,R,183,GER,30.226,265,202,7-6(4) 7-5,3,R16,92,3,1,67,44,32,14,12,3,5,3,3,74,57,37,9,12,4,7
2025-7652,Koblenz,Hard,32,C,I,20250127,23,V717,,,Alexey Vatutin,R,178,RUS,32.252,324,156,GE28,,,Ivan Gakhov,L,191,RUS,28.23,308,170,4-6 6-2 6-4,3,R16,111,1,3,84,60,37,15,14,2,6,4,1,93,66,38,10,14,8,14
2025-7652,Koblenz,Hard,32,C,I,20250127,24,Z0A1,,,Giulio Zeppieri,L,183,ITA,23.14,330,153,E0AC,,,Mathys Erhard,R,188,FRA,23.255,291,180,6-3 1-6 6-3,3,R16,105,11,3,82,45,30,23,13,3,5,3,0,69,47,35,12,12,2,4
2025-7652,Koblenz,Hard,32,C,I,20250127,25,Z0A1,,,Giulio Zeppieri,L,183,ITA,23.14,330,153,S0AK,1,,Henri Squire,R,196,GER,24.334,193,310,4-6 7-6(7) 6-3,3,QF,121,16,2,104,70,55,19,16,1,3,17,2,99,68,55,14,15,5,7
2025-7652,Koblenz,Hard,32,C,I,20250127,26,BV16,5,,Ugo Blanchet,R,175,FRA,26.062,226,266,MW76,4,,Matteo Martineau,R,183,FRA,26.031,223,267,7-6(3) 3-6 7-6(1),3,QF,150,8,3,101,49,40,30,16,4,6,10,4,124,89,62,15,17,5,6
2025-7652,Koblenz,Hard,32,C,I,20250127,27,N0BG,,,Luca Nardi,R,185,ITA,21.478,83,677,B0LW,,,Mika Brunold,R,191,SUI,20.32,334,150,6-4 7-5,3,QF,94,4,2,71,47,33,8,11,8,11,1,4,65,39,25,10,11,4,9
2025-7652,Koblenz,Hard,32,C,I,20250127,28,P0D0,,,Jakub Paul,R,180,SUI,25.854,385,125,V717,,,Alexey Vatutin,R,178,RUS,32.252,324,156,6-3 2-6 6-3,3,QF,112,1,3,101,68,43,16,13,10,13,0,2,71,45,29,14,13,2,6
2025-7652,Koblenz,Hard,32,C,I,20250127,29,BV16,5,,Ugo Blanchet,R,175,FRA,26.062,226,266,P0D0,,,Jakub Paul,R,180,SUI,25.854,385,125,7-6(6) 6-4,3,SF,99,7,2,85,55,39,13,11,5,7,0,2,68,48,29,11,11,1,4
2025-7652,Koblenz,Hard,32,C,I,20250127,30,N0BG,,,Luca Nardi,R,185,ITA,21.478,83,677,Z0A1,,,Giulio Zeppieri,L,183,ITA,23.14,330,153,6-4 7-6(4),3,SF,89,6,4,64,43,37,12,11,0,0,4,2,75,50,34,15,11,7,8
2025-7652,Koblenz,Hard,32,C,I,20250127,31,BV16,5,,Ugo Blanchet,R,175,FRA,26.062,226,266,N0BG,,,Luca Nardi,R,185,ITA,21.478,83,677,6-3 3-6 7-6(5),3,F,131,12,7,111,60,44,24,15,4,7,8,3,90,70,52,7,15,4,7
2025-9154,Cleveland,Hard,32,C,I,20250127,1,C0HT,,,Murphy Cassone,R,188,USA,22.45,270,197,GJ16,1,,Federico Agustin Gomez,R,191,ARG,28.17,134,451,7-6(5) 6-4,3,R32,85,5,4,67,40,35,16,11,1,1,7,6,75,40,30,19,11,0,1
2025-9154,Cleveland,Hard,32,C,I,20250127,2,B0PW,,,Kaylan Bigun,L,183,USA,18.683,823,25,A829,2,,Radu Albot,R,175,MDA,35.211,157,357,6-3 7-6(7),3,R32,95,8,3,68,46,36,14,11,5,6,3,3,77,55,35,11,10,4,6
2025-9154,Cleveland,Hard,32,C,I,20250127,3,S0ZE,,,Colton Smith,R,183,USA,21.9,367,134,Q02L,3,,Ethan Quinn,R,191,USA,20.879,160,351,1-6 6-1 6-4,3,R32,105,7,5,76,50,34,10,12,6,10,1,0,74,47,24,16,12,3,8
2025-9154,Cleveland,Hard,32,C,I,20250127,4,T0BW,4,,James Trotter,R,183,JPN,25.5,186,315,P0FU,,,Filip Pieczonka,L,196,POL,20.802,789,29,6-3 3-6 7-6(4),3,R32,126,12,6,85,54,43,20,15,1,2,10,4,94,49,39,24,15,0,1
2025-9154,Cleveland,Hard,32,C,I,20250127,5,H09P,5,,Brandon Holt,R,185,USA,26.812,181,321,I0AP,,,Kalin Ivanovski,R,196,MKD,20.715,1317,5,6-1 6-1,3,R32,59,4,0,54,39,26,9,7,2,2,2,5,43,20,13,3,7,3,8
2025-9154,Cleveland,Hard,32,C,I,20250127,6,S0JA,6,,Eliot Spizzirri,R,185,USA,23.097,222,267,E873,,,Ernesto Escobedo,R,185,MEX,28.567,446,95,6-4 6-3,3,R32,75,4,1,43,26,21,12,9,1,2,2,3,66,38,22,13,10,5,9
2025-9154,Cleveland,Hard,32,C,I,20250127,7,SM88,7,,Karue Sell,R,183,BRA,31.206,279,191,A09P,,,Alafia Ayeni,R,191,USA,25.467,480,83,6-3 7-6(5),3,R32,107,5,3,70,46,36,13,10,4,4,13,8,84,38,30,20,11,6,8
2025-9154,Cleveland,Hard,32,C,I,20250127,8,W09G,8,,J.J. Wolf,R,183,USA,26.103,258,209,B0CD,,,Jenson Brooksby,R,193,USA,24.255,1091,10,6-2 6-4,3,R32,92,3,0,58,36,28,9,9,1,3,5,3,61,34,19,10,9,6,11
2025-9154,Cleveland,Hard,32,C,I,20250127,9,A09W,,,Juan Carlos Aguilar,R,170,CAN,26.188,505,77,R0LH,,,Jackson Ross,R,175,USA,23.882,1285,6,6-4 6-2,3,R32,91,6,2,66,37,27,16,9,5,6,3,7,66,32,21,13,9,5,9
2025-9154,Cleveland,Hard,32,C,I,20250127,10,D0D4,,,Stefan Dostanic,R,188,USA,23.231,509,76,S0DL,,,Ryan Seggerman,R,193,USA,25.478,432,104,7-6(8) 7-5,3,R32,80,9,7,71,40,37,19,12,2,2,18,4,85,50,39,18,12,2,3
2025-9154,Cleveland,Hard,32,C,I,20250127,11,G0IW,,,Antoine Ghibaudo,R,191,FRA,20.005,594,57,M0EG,,,Tristan McCormick,R,196,USA,25.826,704,39,6-3 6-3,3,R32,92,3,2,49,30,23,15,9,3,3,6,1,67,51,30,7,9,1,4
2025-9154,Cleveland,Hard,32,C,I,20250127,12,H0B7,,,Trey Hilderbrand,R,196,USA,24.704,690,40,PH67,,,Nathan Ponwith,R,188,USA,26.773,754,33,7-6(5) 4-6 6-0,3,R32,145,14,10,95,54,39,19,14,3,7,2,2,104,70,40,17,14,7,13
2025-9154,Cleveland,Hard,32,C,I,20250127,13,K0DB,,,Cannon Kingsley,R,191,USA,23.729,599,56,P0HT,,,Jack Pinnington Jones,R,180,GBR,21.832,379,129,6-1 6-4,3,R32,67,6,1,52,34,26,10,9,0,0,4,5,47,29,20,7,8,2,5
2025-9154,Cleveland,Hard,32,C,I,20250127,14,KE64,,,Stefan Kozlov,R,183,USA,26.987,354,138,B0J8,,,Micah Braswell,R,183,USA,23.231,439,99,4-6 6-3 6-4,3,R32,158,6,8,96,50,37,21,15,3,7,5,7,114,58,38,26,14,15,20
2025-9154,Cleveland,Hard,32,C,I,20250127,15,MP01,,,Michael Mmoh,R,188,USA,27.047,333,150,RG42,,,Alex Rybakov,L,185,USA,28,551,64,6-7(3) 6-3 6-2,3,R32,145,6,3,99,68,52,16,15,5,5,5,1,80,62,44,8,14,0,3
2025-9154,Cleveland,Hard,32,C,I,20250127,16,Z0AK,,,Tyler Zink,R,185,USA,23.992,473,86,M0NB,,,Aidan Mayo,R,183,USA,21.708,272,195,6-3 6-4,3,R32,72,4,0,50,35,28,12,10,0,0,3,4,49,23,20,12,9,1,3
2025-9154,Cleveland,Hard,32,C,I,20250127,17,T0BW,4,,James Trotter,R,183,JPN,25.5,186,315,H0B7,,,Trey Hilderbrand,R,196,USA,24.704,690,40,6-7(3) 6-2 6-4,3,R16,129,12,3,83,46,39,23,15,2,3,8,7,95,54,39,21,15,5,9
2025-9154,Cleveland,Hard,32,C,I,20250127,18,Z0AK,,,Tyler Zink,R,185,USA,23.992,473,86,H09P,5,,Brandon Holt,R,185,USA,26.812,181,321,W/O,3,R16,,,,,,,,,,,,,,,,,,,
2025-9154,Cleveland,Hard,32,C,I,20250127,19,S0JA,6,,Eliot Spizzirri,R,185,USA,23.097,222,267,MP01,,,Michael Mmoh,R,188,USA,27.047,333,150,6-4 7-5,3,R16,109,3,1,71,48,37,12,11,3,4,7,0,66,37,25,16,11,3,6
2025-9154,Cleveland,Hard,32,C,I,20250127,20,SM88,7,,Karue Sell,R,183,BRA,31.206,279,191,K0DB,,,Cannon Kingsley,R,191,USA,23.729,599,56,6-4 6-4,3,R16,83,5,1,55,31,25,16,10,0,0,6,1,67,41,29,13,10,1,3
2025-9154,Cleveland,Hard,32,C,I,20250127,21,W09G,8,,J.J. Wolf,R,183,USA,26.103,258,209,G0IW,,,Antoine Ghibaudo,R,191,FRA,20.005,594,57,7-6(11) 4-6 6-3,3,R16,184,8,3,114,72,53,25,16,7,9,21,8,121,79,54,24,15,6,8
2025-9154,Cleveland,Hard,32,C,I,20250127,22,C0HT,,,Murphy Cassone,R,188,USA,22.45,270,197,A09W,,,Juan Carlos Aguilar,R,170,CAN,26.188,505,77,6-1 6-4,3,R16,63,10,3,42,30,29,7,9,0,0,1,3,55,35,22,8,8,6,9
2025-9154,Cleveland,Hard,32,C,I,20250127,23,KE64,,,Stefan Kozlov,R,183,USA,26.987,354,138,B0PW,,,Kaylan Bigun,L,183,USA,18.683,823,25,6-2 6-3,3,R16,78,5,1,69,39,28,16,9,7,8,0,3,46,25,16,6,8,2,6
2025-9154,Cleveland,Hard,32,C,I,20250127,24,S0ZE,,,Colton Smith,R,183,USA,21.9,367,134,D0D4,,,Stefan Dostanic,R,188,USA,23.231,509,76,6-4 6-4,3,R16,89,2,5,73,45,31,14,10,8,10,3,3,59,36,25,10,10,4,8
2025-9154,Cleveland,Hard,32,C,I,20250127,25,S0JA,6,,Eliot Spizzirri,R,185,USA,23.097,222,267,T0BW,4,,James Trotter,R,183,JPN,25.5,186,315,5-7 6-3 7-6(4),3,QF,137,6,3,95,64,47,17,16,2,4,23,0,105,77,57,12,17,9,12
2025-9154,Cleveland,Hard,32,C,I,20250127,26,S0ZE,,,Colton Smith,R,183,USA,21.9,367,134,SM88,7,,Karue Sell,R,183,BRA,31.206,279,191,7-6(4) 6-2,3,QF,78,9,0,55,41,34,11,10,0,1,3,6,63,32,23,14,10,2,5
2025-9154,Cleveland,Hard,32,C,I,20250127,27,W09G,8,,J.J. Wolf,R,183,USA,26.103,258,209,KE64,,,Stefan Kozlov,R,183,USA,26.987,354,138,6-1 6-3,3,QF,102,8,3,70,46,34,7,8,6,8,1,4,57,28,11,12,8,5,11
2025-9154,Cleveland,Hard,32,C,I,20250127,28,Z0AK,,,Tyler Zink,R,185,USA,23.992,473,86,C0HT,,,Murphy Cassone,R,188,USA,22.45,270,197,6-7(4) 7-6(1) 7-5,3,QF,170,14,1,119,77,56,25,18,4,7,12,7,129,87,61,19,18,8,12
2025-9154,Cleveland,Hard,32,C,I,20250127,29,S0JA,6,,Eliot Spizzirri,R,185,USA,23.097,222,267,Z0AK,,,Tyler Zink,R,185,USA,23.992,473,86,6-4 6-3,3,SF,92,2,1,63,46,30,13,9,3,3,8,2,71,45,33,9,10,5,8
2025-9154,Cleveland,Hard,32,C,I,20250127,30,S0ZE,,,Colton Smith,R,183,USA,21.9,367,134,W09G,8,,J.J. Wolf,R,183,USA,26.103,258,209,7-6(7) 6-1,3,SF,91,8,1,64,40,32,15,10,0,1,5,0,62,41,29,9,9,4,7
2025-9154,Cleveland,Hard,32,C,I,20250127,31,S0ZE,,,Colton Smith,R,183,USA,21.9,367,134,S0JA,6,,Eliot Spizzirri,R,185,USA,23.097,222,267,6-4 6-7(6) 6-3,3,F,,,,,,,,,,,,,,,,,,,
2025-2965,Rosario,Clay,32,C,O,20250203,1,B0BI,,,Sebastian Baez,R,170,ARG,24.101,31,1600,N0AM,,,Emilio Nava,R,185,USA,23.173,215,274,6-3 6-3,3,R32,90,1,0,60,42,22,14,9,7,9,4,6,66,35,22,11,9,5,10
2025-2965,Rosario,Clay,32,C,O,20250203,2,MW75,,,Felipe Meligeni Alves,R,185,BRA,26.957,150,374,MP20,2,,Alexandre Muller,R,183,FRA,28.005,58,953,6-4 6-4,3,R32,88,4,0,71,50,33,16,10,9,9,3,3,53,28,22,14,10,1,3
2025-2965,Rosario,Clay,32,C,O,20250203,3,C0DF,3,,Francisco Comesana,R,178,ARG,24.329,87,664,T0DM,,,Juan Bautista Torres,R,178,ARG,22.842,277,193,2-6 6-4 6-3,3,R32,139,8,1,90,58,37,15,14,3,8,0,1,69,48,31,9,13,3,8
2025-2965,Rosario,Clay,32,C,O,20250203,4,D923,4,,Damir Dzumhur,R,175,BIH,32.709,89,646,TA29,,,Marco Trungelliti,R,178,ARG,35.009,141,421,6-4 6-4,3,R32,92,0,1,57,29,20,17,10,0,2,0,3,66,35,21,15,10,7,11
2025-2965,Rosario,Clay,32,C,O,20250203,5,P0CT,5,,Francesco Passaro,R,180,ITA,24.074,91,629,GE33,,,Daniel Elahi Galan,R,191,COL,28.63,122,498,2-6 6-3 6-3,3,R32,125,3,2,83,45,26,24,13,4,8,1,2,81,57,35,11,13,8,13
2025-2965,Rosario,Clay,32,C,O,20250203,6,U182,6,,Camilo Ugo Carabelli,R,185,ARG,25.634,110,557,SM37,,,Diego Schwartzman,R,170,ARG,32.468,382,124,4-6 6-3 6-4,3,R32,136,5,1,95,61,42,15,15,6,10,0,2,88,58,30,19,14,4,9
2025-2965,Rosario,Clay,32,C,O,20250203,7,CE77,7,,Federico Coria,R,180,ARG,32.906,100,587,S0WT,,,Joel Schwaerzler,L,188,AUT,19.02,320,162,4-6 6-3 6-4,3,R32,166,6,5,110,82,58,11,15,7,9,2,0,96,70,46,13,14,4,7
2025-2965,Rosario,Clay,32,C,O,20250203,8,N897,8,,Sumit Nagal,R,178,IND,27.469,105,565,O376,,,Renzo Olivo,R,178,ARG,32.89,351,141,5-7 6-1 6-0,3,R32,126,1,2,67,49,34,11,13,0,2,3,3,78,51,30,11,12,5,11
2025-2965,Rosario,Clay,32,C,O,20250203,9,C0C8,,,Juan Manuel Cerundolo,L,183,ARG,23.22,140,422,P0IY,,,Juan Carlos Prado Angelo,R,185,BOL,19.915,291,180,6-4 7-5,3,R32,101,2,3,60,32,28,17,11,1,1,4,1,60,31,23,16,11,0,2
2025-2965,Rosario,Clay,32,C,O,20250203,10,CC66,,,Andrea Collarini,L,183,ARG,33.01,213,279,PG20,,,Dmitry Popko,R,191,KAZ,28.279,207,289,6-1 6-4,3,R32,89,2,0,52,36,28,9,8,4,4,2,0,60,32,23,7,9,1,5
2025-2965,Rosario,Clay,32,C,O,20250203,11,DA31,,,Hugo Dellien,R,180,BOL,31.636,119,515,T0AP,,,Chun-Hsin Tseng,R,175,TPE,23.491,120,509,4-6 6-4 4-1 RET,3,R32,114,1,1,84,67,46,7,13,3,5,6,0,59,35,26,12,12,2,5
2025-2965,Rosario,Clay,32,C,O,20250203,12,DC48,,,Murkel Dellien,R,193,BOL,27.384,200,304,D0AR,,,Mateus Alves,R,193,BRA,24.03,287,184,7-5 3-6 6-1,3,R32,143,10,3,82,61,47,10,14,3,4,8,2,106,63,45,18,14,7,10
2025-2965,Rosario,Clay,32,C,O,20250203,13,FA43,,,Juan Pablo Ficovich,R,188,ARG,28.027,183,320,B0FV,,,Roman Andres Burruchaga,R,183,ARG,23.031,131,460,6-3 6-4,3,R32,88,4,1,54,37,25,12,10,3,4,2,2,54,34,21,10,9,2,5
2025-2965,Rosario,Clay,32,C,O,20250203,14,H0DU,,,Gustavo Heide,R,191,BRA,22.932,161,351,MJ98,,,Facundo Mena,R,183,ARG,32.367,186,316,6-2 3-1 RET,3,R32,74,2,1,31,16,13,11,6,0,0,4,2,61,39,21,10,6,11,14
2025-2965,Rosario,Clay,32,C,O,20250203,15,J0AW,,,Guido Ivan Justo,R,178,ARG,27.132,427,105,T0A1,,,Thiago Agustin Tirante,R,185,ARG,23.819,126,487,3-6 6-1 6-2,3,R32,127,2,0,69,55,39,7,12,2,4,0,1,91,71,37,9,12,8,13
2025-2965,Rosario,Clay,32,C,O,20250203,16,PH64,,,Andrea Pellegrino,R,185,ITA,27.869,254,216,V0DP,,,Adolfo Daniel Vallejo,R,183,PAR,20.769,211,281,6-4 6-2,3,R32,97,6,3,62,46,30,11,9,3,3,1,0,58,41,23,11,9,6,9
2025-2965,Rosario,Clay,32,C,O,20250203,17,B0BI,,,Sebastian Baez,R,170,ARG,24.101,31,1600,H0DU,,,Gustavo Heide,R,191,BRA,22.932,161,351,7-6(1) 7-6(5),3,R16,120,0,0,76,50,37,16,12,0,1,2,5,75,51,40,10,12,0,1
2025-2965,Rosario,Clay,32,C,O,20250203,18,C0DF,3,,Francisco Comesana,R,178,ARG,24.329,87,664,PH64,,,Andrea Pellegrino,R,185,ITA,27.869,254,216,7-5 7-5,3,R16,108,13,5,72,43,36,13,12,2,3,0,4,67,41,32,12,12,1,4
2025-2965,Rosario,Clay,32,C,O,20250203,19,FA43,,,Juan Pablo Ficovich,R,188,ARG,28.027,183,320,D923,4,,Damir Dzumhur,R,175,BIH,32.709,89,646,6-2 7-6(4),3,R16,111,3,1,61,35,24,18,10,3,5,5,4,76,45,26,16,10,6,10
2025-2965,Rosario,Clay,32,C,O,20250203,20,P0CT,5,,Francesco Passaro,R,180,ITA,24.074,91,629,CC66,,,Andrea Collarini,L,183,ARG,33.01,213,279,7-6(4) 6-3,3,R16,99,7,1,52,40,34,6,10,0,1,1,3,70,46,32,9,11,5,8
2025-2965,Rosario,Clay,32,C,O,20250203,21,U182,6,,Camilo Ugo Carabelli,R,185,ARG,25.634,110,557,J0AW,,,Guido Ivan Justo,R,178,ARG,27.132,427,105,7-5 2-6 7-5,3,R16,158,1,2,94,62,40,16,16,5,10,4,3,97,79,51,8,16,5,10
2025-2965,Rosario,Clay,32,C,O,20250203,22,C0C8,,,Juan Manuel Cerundolo,L,183,ARG,23.22,140,422,CE77,7,,Federico Coria,R,180,ARG,32.906,100,587,7-5 2-6 6-3,3,R16,151,3,1,97,55,31,27,15,3,7,2,5,83,62,36,14,14,3,7
2025-2965,Rosario,Clay,32,C,O,20250203,23,DA31,,,Hugo Dellien,R,180,BOL,31.636,119,515,N897,8,,Sumit Nagal,R,178,IND,27.469,105,565,6-1 6-4,3,R16,94,4,2,74,60,40,7,9,7,8,0,1,53,38,22,4,8,6,10
2025-2965,Rosario,Clay,32,C,O,20250203,24,DC48,,,Murkel Dellien,R,193,BOL,27.384,200,304,MW75,,,Felipe Meligeni Alves,R,185,BRA,26.957,150,374,4-6 7-6(2) 6-3,3,R16,167,6,1,97,67,50,15,16,4,6,3,1,107,74,49,17,15,7,9
2025-2965,Rosario,Clay,32,C,O,20250203,25,B0BI,,,Sebastian Baez,R,170,ARG,24.101,31,1600,P0CT,5,,Francesco Passaro,R,180,ITA,24.074,91,629,6-1 6-2,3,QF,66,2,0,43,31,21,7,7,3,4,0,2,52,38,16,5,8,6,12
2025-2965,Rosario,Clay,32,C,O,20250203,26,DA31,,,Hugo Dellien,R,180,BOL,31.636,119,515,C0DF,3,,Francisco Comesana,R,178,ARG,24.329,87,664,7-6(7) 3-6 6-3,3,QF,136,4,0,88,64,49,16,15,2,4,6,3,97,62,45,20,15,4,6
2025-2965,Rosario,Clay,32,C,O,20250203,27,U182,6,,Camilo Ugo Carabelli,R,185,ARG,25.634,110,557,FA43,,,Juan Pablo Ficovich,R,188,ARG,28.027,183,320,3-6 6-1 6-0,3,QF,101,3,0,64,39,28,16,11,1,2,2,2,65,34,22,12,11,1,6
2025-2965,Rosario,Clay,32,C,O,20250203,28,DC48,,,Murkel Dellien,R,193,BOL,27.384,200,304,C0C8,,,Juan Manuel Cerundolo,L,183,ARG,23.22,140,422,7-6(6) 4-6 7-5,3,QF,184,1,3,104,68,49,14,17,5,10,2,1,113,69,41,27,17,5,10
2025-2965,Rosario,Clay,32,C,O,20250203,29,DA31,,,Hugo Dellien,R,180,BOL,31.636,119,515,B0BI,,,Sebastian Baez,R,170,ARG,24.101,31,1600,6-3 6-7(13) 6-2,3,SF,150,1,0,93,60,43,19,15,2,4,3,2,105,79,45,15,14,6,11
2025-2965,Rosario,Clay,32,C,O,20250203,30,U182,6,,Camilo Ugo Carabelli,R,185,ARG,25.634,110,557,DC48,,,Murkel Dellien,R,193,BOL,27.384,200,304,6-3 3-6 6-3,3,SF,164,0,2,81,59,39,11,14,6,10,2,1,106,64,43,13,13,10,15
2025-2965,Rosario,Clay,32,C,O,20250203,31,U182,6,,Camilo Ugo Carabelli,R,185,ARG,25.634,110,557,DA31,,,Hugo Dellien,R,180,BOL,31.636,119,515,3-6 6-3 6-2,3,F,148,3,3,85,58,37,14,13,6,10,1,2,99,70,39,11,13,9,15
2025-2969,Brisbane 2,Hard,32,C,O,20250203,1,W09E,1,,Adam Walton,R,183,AUS,25.802,88,655,N0AL,,,Govind Nanda,R,178,USA,23.962,423,106,6-2 6-4,3,R32,93,5,1,58,43,33,8,9,3,3,2,0,54,33,21,12,9,7,10
2025-2969,Brisbane 2,Hard,32,C,O,20250203,2,KB95,,,Jason Kubler,R,178,AUS,31.713,780,30,S0N0,2,,Tristan Schoolkate,R,183,AUS,23.937,135,447,6-4 3-6 6-3,3,R32,142,12,5,84,43,35,25,14,3,4,11,3,84,52,40,16,14,7,9
2025-2969,Brisbane 2,Hard,32,C,O,20250203,3,J620,,,Maxime Janvier,R,196,FRA,28.296,297,175,BI81,3,,Alex Bolt,L,183,AUS,32.079,197,307,6-4 6-4,3,R32,83,5,9,59,42,28,6,10,0,3,2,1,55,35,20,7,10,3,8
2025-2969,Brisbane 2,Hard,32,C,O,20250203,4,TC01,4,,Li Tu,R,183,AUS,28.69,170,336,S0C2,,,Hikaru Shiraishi,R,168,JPN,24.704,559,63,6-1 6-1,3,R32,63,14,0,32,25,24,4,7,0,0,0,5,54,32,17,6,7,6,11
2025-2969,Brisbane 2,Hard,32,C,O,20250203,5,S0AQ,5,,Yuta Shimizu,L,163,JPN,25.656,194,311,M0SC,,,Hayato Matsuoka,R,180,JPN,20.052,696,39,6-3 3-6 6-3,3,R32,142,3,3,94,52,37,24,14,12,13,4,0,71,43,32,17,13,1,3
2025-2969,Brisbane 2,Hard,32,C,O,20250203,6,J553,6,,Omar Jasika,L,183,AUS,27.715,248,230,EA27,,,Blake Ellis,R,191,AUS,26.078,300,173,6-3 6-2,3,R32,83,3,4,54,39,31,7,9,1,1,8,1,58,37,25,6,8,4,7
2025-2969,Brisbane 2,Hard,32,C,O,20250203,7,I426,,,Masamichi Imamura,R,178,JPN,26.198,355,139,TA46,7,,Bernard Tomic,R,196,AUS,32.287,230,256,6-2 3-6 6-2,3,R32,107,8,1,71,38,28,19,12,0,1,3,0,72,49,36,9,13,5,9
2025-2969,Brisbane 2,Hard,32,C,O,20250203,8,M0OQ,8,,James McCabe,R,188,AUS,21.585,217,271,B0OT,,,Jacob Bradshaw,R,188,AUS,22.283,526,71,6-3 6-1,3,R32,83,6,1,48,23,20,15,8,1,1,1,2,51,31,18,9,8,5,9
2025-2969,Brisbane 2,Hard,32,C,O,20250203,9,DC38,,,Jake Delaney,R,185,AUS,27.726,505,78,M0TE,,,Pavle Marinkov,R,188,AUS,18.998,841,24,7-6(5) 3-6 7-6(5),3,R32,181,26,4,108,73,59,11,16,2,5,9,4,103,62,43,29,17,0,2
2025-2969,Brisbane 2,Hard,32,C,O,20250203,10,G09C,,,Marek Gengel,R,185,CZE,29.383,229,257,BV21,,,Charles Broom,R,178,GBR,26.782,292,180,6-1 6-2,3,R32,84,6,1,56,34,26,9,8,6,8,2,4,49,25,11,7,7,5,11
2025-2969,Brisbane 2,Hard,32,C,O,20250203,11,H09F,,,Yu Hsiou Hsu,R,178,TPE,25.843,250,224,B0EK,,,Moerani Bouzige,R,180,AUS,25.563,407,113,7-5 7-6(2),3,R32,136,10,0,69,53,42,10,12,0,1,4,0,77,48,38,13,12,8,10
2025-2969,Brisbane 2,Hard,32,C,O,20250203,12,H0HS,,,Matt Hulme,R,191,AUS,25.963,823,25,Z0CQ,,,Yi Zhou,R,193,CHN,19.893,370,133,0-6 6-4 6-4,3,R32,147,10,1,100,73,42,18,13,11,14,10,2,79,49,34,17,13,0,2
2025-2969,Brisbane 2,Hard,32,C,O,20250203,13,I0B0,,,Andre Ilagan,L,173,USA,24.216,410,112,S0LD,,,Keisuke Saitoh,L,163,JPN,23.767,604,55,7-5 6-2,3,R32,81,9,1,55,47,40,4,10,1,1,2,1,62,39,26,11,10,4,7
2025-2969,Brisbane 2,Hard,32,C,O,20250203,14,LI10,,,Christian Langmo,R,191,USA,28.676,389,121,S0IA,,,Dane Sweeny,R,170,AUS,23.975,412,111,6-2 6-2,3,R32,92,7,2,59,37,28,11,8,5,5,2,6,49,32,19,6,8,2,6
2025-2969,Brisbane 2,Hard,32,C,O,20250203,15,MI01,,,Hiroki Moriya,R,168,JPN,34.303,426,105,W0A4,,,Arthur Weber,L,185,FRA,32.739,569,61,6-4 6-2,3,R32,80,3,1,58,41,27,9,9,2,4,2,0,46,35,15,5,9,2,7
2025-2969,Brisbane 2,Hard,32,C,O,20250203,16,O09T,,,Kosuke Ogura,R,170,JPN,28.986,707,38,N707,,,Naoki Nakagawa,R,180,JPN,28.208,371,133,7-6(4) 7-6(5),3,R32,145,1,1,106,81,51,15,12,8,10,10,1,91,45,33,25,12,4,6
2025-2969,Brisbane 2,Hard,32,C,O,20250203,17,W09E,1,,Adam Walton,R,183,AUS,25.802,88,655,MI01,,,Hiroki Moriya,R,168,JPN,34.303,426,105,6-3 6-4,3,R16,103,4,0,49,36,28,12,10,0,0,0,3,72,39,26,17,9,5,7
2025-2969,Brisbane 2,Hard,32,C,O,20250203,18,TC01,4,,Li Tu,R,183,AUS,28.69,170,336,DC38,,,Jake Delaney,R,185,AUS,27.726,505,78,6-0 6-7(7) 6-4,3,R16,132,14,0,69,43,41,22,14,0,0,8,5,98,67,52,10,14,10,14
2025-2969,Brisbane 2,Hard,32,C,O,20250203,19,S0AQ,5,,Yuta Shimizu,L,163,JPN,25.656,194,311,O09T,,,Kosuke Ogura,R,170,JPN,28.986,707,38,6-2 2-6 6-1,3,R16,97,6,1,65,42,30,17,12,8,10,2,3,75,43,25,17,11,6,10
2025-2969,Brisbane 2,Hard,32,C,O,20250203,20,J553,6,,Omar Jasika,L,183,AUS,27.715,248,230,G09C,,,Marek Gengel,R,185,CZE,29.383,229,257,7-6(1) 3-6 6-3,3,R16,164,7,3,122,85,60,17,15,9,11,11,4,101,66,44,20,15,8,10
2025-2969,Brisbane 2,Hard,32,C,O,20250203,21,M0OQ,8,,James McCabe,R,188,AUS,21.585,217,271,H0HS,,,Matt Hulme,R,191,AUS,25.963,823,25,6-3 6-4,3,R16,80,7,1,53,29,24,16,10,0,0,3,2,53,36,26,9,9,3,5
2025-2969,Brisbane 2,Hard,32,C,O,20250203,22,I0B0,,,Andre Ilagan,L,173,USA,24.216,410,112,I426,,,Masamichi Imamura,R,178,JPN,26.198,355,139,2-6 7-6(3) 6-0,3,R16,139,7,2,95,64,41,16,13,7,10,5,1,90,50,32,20,13,2,6
2025-2969,Brisbane 2,Hard,32,C,O,20250203,23,KB95,,,Jason Kubler,R,178,AUS,31.713,780,30,H09F,,,Yu Hsiou Hsu,R,178,TPE,25.843,250,224,6-2 6-1,3,R16,78,11,1,42,34,25,5,7,3,3,2,2,48,32,13,9,8,3,8
2025-2969,Brisbane 2,Hard,32,C,O,20250203,24,LI10,,,Christian Langmo,R,191,USA,28.676,389,121,J620,,,Maxime Janvier,R,196,FRA,28.296,297,175,5-7 6-4 6-4,3,R16,168,8,2,98,64,48,21,16,8,9,6,5,111,72,50,22,16,8,10
2025-2969,Brisbane 2,Hard,32,C,O,20250203,25,W09E,1,,Adam Walton,R,183,AUS,25.802,88,655,I0B0,,,Andre Ilagan,L,173,USA,24.216,410,112,6-3 6-4,3,QF,79,9,0,61,44,32,9,10,0,1,3,1,61,42,25,11,9,6,9
2025-2969,Brisbane 2,Hard,32,C,O,20250203,26,J553,6,,Omar Jasika,L,183,AUS,27.715,248,230,TC01,4,,Li Tu,R,183,AUS,28.69,170,336,2-6 7-5 6-2,3,QF,109,13,3,90,60,41,17,14,5,7,10,2,79,49,38,15,14,1,4
2025-2969,Brisbane 2,Hard,32,C,O,20250203,27,LI10,,,Christian Langmo,R,191,USA,28.676,389,121,S0AQ,5,,Yuta Shimizu,L,163,JPN,25.656,194,311,6-4 6-7(5) 6-3,3,QF,126,21,1,94,64,54,18,16,1,1,9,3,94,56,44,23,15,5,7
2025-2969,Brisbane 2,Hard,32,C,O,20250203,28,KB95,,,Jason Kubler,R,178,AUS,31.713,780,30,M0OQ,8,,James McCabe,R,188,AUS,21.585,217,271,7-6(1) 6-1,3,QF,91,12,0,56,36,30,14,10,2,3,7,2,61,34,25,8,9,4,7
2025-2969,Brisbane 2,Hard,32,C,O,20250203,29,W09E,1,,Adam Walton,R,183,AUS,25.802,88,655,J553,6,,Omar Jasika,L,183,AUS,27.715,248,230,6-2 6-4,3,SF,70,9,1,55,42,33,8,9,1,1,2,5,55,32,19,12,9,2,5
2025-2969,Brisbane 2,Hard,32,C,O,20250203,30,KB95,,,Jason Kubler,R,178,AUS,31.713,780,30,LI10,,,Christian Langmo,R,191,USA,28.676,389,121,6-4 6-4,3,SF,89,9,6,60,36,29,12,10,1,2,8,2,74,56,32,10,10,7,10
2025-2969,Brisbane 2,Hard,32,C,O,20250203,31,W09E,1,,Adam Walton,R,183,AUS,25.802,88,655,KB95,,,Jason Kubler,R,178,AUS,31.713,780,30,7-6(6) 7-6(4),3,F,126,16,1,86,66,45,11,12,4,6,9,3,87,55,39,14,12,2,4
2025-7849,Chennai,Hard,32,C,O,20250203,1,HD68,1,,Billy Harris,R,193,GBR,30.026,129,481,Y171,,,Eric Vanshelboim,R,188,KAZ,31.704,263,204,7-5 6-2,3,R32,94,2,2,64,35,23,13,10,5,8,1,3,54,34,17,9,10,1,7
2025-7849,Chennai,Hard,32,C,O,20250203,2,HG86,2,,Lloyd Harris,R,193,RSA,27.943,144,409,LB66,,,Yurii Dzhavakian,R,180,FRA,32.701,169,336,6-3 5-7 6-0,3,R32,157,11,4,107,59,38,25,13,10,12,3,14,113,59,43,16,14,8,14
2025-7849,Chennai,Hard,32,C,O,20250203,3,Y218,,,Elias Ymer,R,185,SWE,28.819,332,153,A0CJ,3,,Duje Ajdukovic,R,188,CRO,23.995,158,354,6-2 6-7(4) 6-2,3,R32,124,1,2,88,57,43,17,14,2,3,8,4,96,56,39,16,14,3,8
2025-7849,Chennai,Hard,32,C,O,20250203,4,GK06,4,,Alexis Galarneau,R,180,CAN,25.927,177,326,E687,,,Egor Agafonov,R,175,GBR,34.702,173,332,6-4 6-1,3,R32,65,4,3,50,27,23,10,9,1,2,7,4,50,28,18,7,8,2,6
2025-7849,Chennai,Hard,32,C,O,20250203,5,M0HU,5,,Shintaro Mochizuki,R,175,JPN,21.676,181,321,Z419,,,Enrico Dalla Valle,R,183,ESP,28.06,283,185,6-2 6-1,3,R32,88,3,3,65,37,25,16,8,10,11,2,0,57,40,16,8,7,10,15
2025-7849,Chennai,Hard,32,C,O,20250203,6,BU10,,,Jacopo Berrettini,R,191,ITA,26.188,324,156,SY67,6,,Sho Shimabukuro,R,180,JPN,27.515,193,311,6-3 7-6(4),3,R32,103,3,5,70,47,31,12,11,1,4,4,5,74,40,28,12,10,7,11
2025-7849,Chennai,Hard,32,C,O,20250203,7,S0GR,7,,Timofey Skatov,R,173,KAZ,24.036,202,296,Z09Z,,,Hynek Barton,R,198,KAZ,24.312,226,260,6-4 6-4,3,R32,87,3,3,49,29,24,13,10,0,1,11,5,66,38,25,12,10,7,10
2025-7849,Chennai,Hard,32,C,O,20250203,8,O0BE,,,Oleksandr Ovcharenko,R,185,UKR,23.299,311,166,P09O,8,,Zsombor Piros,R,180,HUN,25.311,214,276,7-6(4) 6-4,3,R32,132,1,2,90,57,38,18,11,6,7,6,3,72,35,25,22,11,5,7
2025-7849,Chennai,Hard,32,C,O,20250203,9,CI14,,,Jay Clarke,R,183,GBR,26.524,266,201,RB56,,,Ramkumar Ramanathan,R,188,IND,30.24,400,116,6-3 7-5,3,R32,76,4,3,60,38,32,11,11,0,1,6,5,62,33,26,9,10,1,4
2025-7849,Chennai,Hard,32,C,O,20250203,10,GG65,,,Michael Geerts,R,178,BEL,30.048,298,174,S0TX,,,Maxim Zhukov,L,193,GBR,18.853,402,114,6-2 7-6(5),3,R32,96,3,4,67,36,28,19,10,2,2,4,3,63,38,27,13,10,1,3
2025-7849,Chennai,Hard,32,C,O,20250203,11,J0AZ,,,Kyrian Jacquet,R,175,FRA,23.734,273,194,S0RI,,,Karan Singh,R,185,IND,21.599,500,79,6-3 6-3,3,R32,73,7,5,57,31,28,14,9,3,3,2,1,56,30,21,11,9,2,5
2025-7849,Chennai,Hard,32,C,O,20250203,12,KC56,,,Aslan Karatsev,R,185,RUS,31.417,225,260,DF92,,,Corentin Denolly,L,188,FRA,27.663,296,176,7-6(4) 6-4,3,R32,95,9,6,83,52,37,18,11,6,7,5,4,69,46,34,11,11,1,3
2025-7849,Chennai,Hard,32,C,O,20250203,13,KI48,,,Ergi Kirkin,R,180,TUR,26.021,305,171,V708,,,Jiri Vesely,L,198,CZE,31.57,357,138,6-7(7) 7-6(3) RET,3,R32,129,17,2,96,65,48,17,12,7,8,11,6,88,54,42,18,12,3,4
2025-7849,Chennai,Hard,32,C,O,20250203,14,N09U,,,Rio Noguchi,R,168,JPN,26.103,251,223,CG33,,,Kimmer Coppejans,R,178,BEL,30.99,339,146,7-5 3-1 RET,3,R32,87,1,0,56,30,21,11,8,4,7,1,3,51,23,12,12,8,5,10
2025-7849,Chennai,Hard,32,C,O,20250203,15,S0GD,,,Dalibor Svrcina,R,178,CZE,22.341,223,264,GF95,,,Sascha Gueymard Wayenburg,R,196,FRA,28.868,191,311,5-7 7-6(2) 6-0,3,R32,159,3,6,112,53,37,23,15,10,17,7,10,113,58,32,23,15,11,20
2025-7849,Chennai,Hard,32,C,O,20250203,16,Z0AB,,,Alexey Zakharov,R,188,RUS,24.789,333,152,MP13,,,Mukund Sasikumar,R,185,IND,28.055,394,119,6-3 6-7(3) 6-1,3,R32,136,8,0,80,49,37,16,13,2,4,4,4,97,57,36,15,15,3,10
2025-7849,Chennai,Hard,32,C,O,20250203,17,HD68,1,,Billy Harris,R,193,GBR,30.026,129,481,KI48,,,Ergi Kirkin,R,180,TUR,26.021,305,171,6-3 6-3,3,R16,78,8,1,54,34,29,8,9,5,6,4,1,45,19,14,12,9,0,4
2025-7849,Chennai,Hard,32,C,O,20250203,18,S0GD,,,Dalibor Svrcina,R,178,CZE,22.341,223,264,HG86,2,,Lloyd Harris,R,193,RSA,27.943,144,409,6-1 6-1,3,R16,72,2,6,47,31,25,2,7,3,5,1,2,49,29,12,4,7,5,12
2025-7849,Chennai,Hard,32,C,O,20250203,19,J0AZ,,,Kyrian Jacquet,R,175,FRA,23.734,273,194,GK06,4,,Alexis Galarneau,R,180,CAN,25.927,177,326,6-2 6-2,3,R16,63,1,1,50,23,19,16,8,3,3,0,2,45,25,13,10,8,2,6
2025-7849,Chennai,Hard,32,C,O,20250203,20,M0HU,5,,Shintaro Mochizuki,R,175,JPN,21.676,181,321,GG65,,,Michael Geerts,R,178,BEL,30.048,298,174,6-4 6-4,3,R16,93,1,4,59,35,27,10,10,2,4,2,1,68,42,31,6,10,3,7
2025-7849,Chennai,Hard,32,C,O,20250203,21,S0GR,7,,Timofey Skatov,R,173,KAZ,24.036,202,296,KC56,,,Aslan Karatsev,R,185,RUS,31.417,225,260,6-4 7-5,3,R16,120,1,2,68,42,32,15,11,5,6,7,2,73,46,30,15,11,5,8
2025-7849,Chennai,Hard,32,C,O,20250203,22,N09U,,,Rio Noguchi,R,168,JPN,26.103,251,223,BU10,,,Jacopo Berrettini,R,191,ITA,26.188,324,156,7-5 6-3,3,R16,97,0,2,57,36,27,5,10,1,4,2,3,73,39,25,12,11,7,13
2025-7849,Chennai,Hard,32,C,O,20250203,23,O0BE,,,Oleksandr Ovcharenko,R,185,UKR,23.299,311,166,Z0AB,,,Alexey Zakharov,R,188,RUS,24.789,333,152,0-6 7-6(5) 6-4,3,R16,160,6,3,116,82,50,15,14,4,9,14,6,86,53,42,13,14,1,4
2025-7849,Chennai,Hard,32,C,O,20250203,24,Y218,,,Elias Ymer,R,185,SWE,28.819,332,153,CI14,,,Jay Clarke,R,183,GBR,26.524,266,201,7-5 7-6(2),3,R16,147,4,1,79,52,37,16,12,3,4,3,5,96,46,31,25,12,5,7
2025-7849,Chennai,Hard,32,C,O,20250203,25,HD68,1,,Billy Harris,R,193,GBR,30.026,129,481,S0GR,7,,Timofey Skatov,R,173,KAZ,24.036,202,296,6-3 7-6(6),3,QF,156,2,2,82,51,34,14,10,3,5,4,3,88,52,32,15,11,12,16
2025-7849,Chennai,Hard,32,C,O,20250203,26,J0AZ,,,Kyrian Jacquet,R,175,FRA,23.734,273,194,M0HU,5,,Shintaro Mochizuki,R,175,JPN,21.676,181,321,6-1 4-6 7-6(6),3,QF,143,4,8,99,49,32,24,15,2,7,0,1,102,58,32,21,14,8,14
2025-7849,Chennai,Hard,32,C,O,20250203,27,S0GD,,,Dalibor Svrcina,R,178,CZE,22.341,223,264,O0BE,,,Oleksandr Ovcharenko,R,185,UKR,23.299,311,166,6-3 6-0,3,QF,70,4,0,47,26,19,14,8,2,3,0,0,43,32,15,4,7,6,11
2025-7849,Chennai,Hard,32,C,O,20250203,28,Y218,,,Elias Ymer,R,185,SWE,28.819,332,153,N09U,,,Rio Noguchi,R,168,JPN,26.103,251,223,6-2 6-3,3,QF,80,2,3,53,37,29,10,9,1,1,0,1,51,29,16,13,8,3,6
2025-7849,Chennai,Hard,32,C,O,20250203,29,Y218,,,Elias Ymer,R,185,SWE,28.819,332,153,HD68,1,,Billy Harris,R,193,GBR,30.026,129,481,7-6(5) 7-6(2),3,SF,149,10,4,101,61,47,22,12,7,7,4,3,75,46,39,15,12,1,1
2025-7849,Chennai,Hard,32,C,O,20250203,30,J0AZ,,,Kyrian Jacquet,R,175,FRA,23.734,273,194,S0GD,,,Dalibor Svrcina,R,178,CZE,22.341,223,264,6-4 6-1,3,SF,83,4,1,58,35,25,14,9,3,4,0,2,58,42,24,5,8,2,6
2025-7849,Chennai,Hard,32,C,O,20250203,31,J0AZ,,,Kyrian Jacquet,R,175,FRA,23.734,273,194,Y218,,,Elias Ymer,R,185,SWE,28.819,332,153,7-6(1) 6-4,3,F,98,3,1,62,41,32,12,11,0,2,2,2,70,47,28,13,11,4,7
2025-7874,Lille,Hard,32,C,I,20250203,1,BM95,,,Benjamin Bonzi,R,183,FRA,28.654,62,909,H996,,,Pierre-Hugues Herbert,R,188,FRA,33.884,180,322,6-3 1-6 6-4,3,R32,113,1,1,89,58,42,12,13,5,8,10,3,85,57,42,12,13,5,8
2025-7874,Lille,Hard,32,C,I,20250203,2,PL64,,,Oleg Prihodko,R,180,UKR,27.337,327,155,N0BG,,,Luca Nardi,R,185,ITA,21.498,77,731,6-3 7-5,3,R32,70,1,1,55,40,32,11,11,0,1,2,1,57,41,26,8,10,3,6
2025-7874,Lille,Hard,32,C,I,20250203,3,PF39,3,,Lucas Pouille,R,185,FRA,30.946,102,575,C0BH,,,Clement Chidekh,R,180,FRA,23.644,185,317,5-7 7-6(3) 6-4,3,R32,167,16,4,144,79,55,30,17,14,17,5,5,109,64,43,26,17,2,5
2025-7874,Lille,Hard,32,C,I,20250203,4,MQ75,4,,Kamil Majchrzak,R,183,POL,29.06,116,521,V0DZ,,,Luca Van Assche,R,178,FRA,20.734,165,346,6-4 7-6(5),3,R32,100,11,2,77,55,40,9,11,2,3,6,1,66,51,40,4,11,5,7
2025-7874,Lille,Hard,32,C,I,20250203,5,K0EP,6,,Jerome Kym,R,198,SUI,21.977,136,444,Z09F,,,Patrick Zahraj,R,191,GER,25.552,451,94,6-1 4-6 6-1,3,R32,97,8,1,66,51,39,4,12,4,7,2,3,78,58,34,3,12,5,12
2025-7874,Lille,Hard,32,C,I,20250203,6,B0PG,8,,Alexander Blockx,R,193,BEL,19.825,151,373,DF88,,,Aziz Dougaz,L,188,TUN,27.86,222,265,7-5 6-1,3,R32,80,7,1,52,34,28,9,10,1,2,1,1,68,46,25,9,9,8,12
2025-7874,Lille,Hard,32,C,I,20250203,7,PJ74,,,Lucas Poullain,R,175,FRA,29.166,461,91,G0GD,9,,Matteo Gigante,L,180,ITA,23.083,153,368,6-2 6-3,3,R32,75,0,0,55,39,26,11,9,1,2,1,1,46,27,14,9,8,3,7
2025-7874,Lille,Hard,32,C,I,20250203,8,B0ER,,,Arthur Bouquier,R,188,FRA,24.11,424,106,MW76,,,Matteo Martineau,R,183,FRA,26.051,210,281,6-3 7-6(3),3,R32,90,7,0,76,54,40,13,11,9,10,3,1,67,44,29,12,10,1,3
2025-7874,Lille,Hard,32,C,I,20250203,9,G0IX,,,Arthur Gea,R,180,FRA,20.088,322,158,G0IB,,,Tom Gentzsch,R,191,GER,21.415,473,86,6-4 7-5,3,R32,112,3,2,63,45,37,9,11,3,3,2,4,81,52,34,15,11,8,10
2025-7874,Lille,Hard,32,C,I,20250203,10,GF95,,,Hugo Grenier,R,196,FRA,28.868,191,311,A0GC,,,Terence Atmane,L,193,FRA,23.069,160,352,3-6 6-3 6-4,3,R32,108,12,7,75,56,45,7,14,0,2,1,4,91,58,41,15,14,9,12
2025-7874,Lille,Hard,32,C,I,20250203,11,HB48,,,Calvin Hemery,R,191,FRA,30.018,212,279,M0WZ,,,Lucas Marionneau,R,188,FRA,18.464,1216,7,6-2 6-2,3,R32,58,6,1,43,32,28,5,8,0,0,0,1,46,26,13,9,8,0,4
2025-7874,Lille,Hard,32,C,I,20250203,12,K0E6,,,Alibek Kachmazov,R,185,RUS,22.467,190,312,J09X,,,Filip Cristian Jianu,R,180,ROU,23.379,232,254,7-5 6-3,3,R32,85,5,0,59,41,27,17,11,0,1,1,0,65,43,29,10,10,4,7
2025-7874,Lille,Hard,32,C,I,20250203,13,M0TO,,,Mae Malige,R,173,FRA,18.853,632,49,S0AK,,,Henri Squire,R,196,GER,24.353,178,324,6-2 3-6 7-6(5),3,R32,136,3,1,108,69,41,22,14,10,13,6,1,97,69,46,14,15,6,10
2025-7874,Lille,Hard,32,C,I,20250203,14,P0GN,,,Tom Paris,R,193,FRA,22.423,511,74,PD31,,,Benoit Paire,R,196,FRA,35.743,466,89,6-3 5-7 6-4,3,R32,119,9,3,82,48,42,17,16,1,3,13,3,101,57,40,24,15,2,5
2025-7874,Lille,Hard,32,C,I,20250203,15,R0ED,,,Max Hans Rehberg,R,183,GER,21.394,271,196,P0D0,,,Jakub Paul,R,180,SUI,25.873,360,137,3-6 7-6(4) 7-5,3,R32,144,3,0,97,77,53,13,16,1,3,1,0,113,83,57,18,17,6,8
2025-7874,Lille,Hard,32,C,I,20250203,16,R0EB,,,Valentin Royer,R,188,FRA,23.685,208,283,K0HC,,,Maks Kasnikowski,R,180,POL,21.582,219,270,6-0 6-3,3,R32,51,7,0,38,31,29,3,8,0,0,1,1,42,26,14,6,7,3,7
2025-7874,Lille,Hard,32,C,I,20250203,17,B0ER,,,Arthur Bouquier,R,188,FRA,24.11,424,106,BM95,,,Benjamin Bonzi,R,183,FRA,28.654,62,909,6-2 6-7(5) 6-3,3,R16,109,14,8,100,65,48,20,15,7,8,7,1,85,56,37,19,14,1,5
2025-7874,Lille,Hard,32,C,I,20250203,18,PF39,3,,Lucas Pouille,R,185,FRA,30.946,102,575,GF95,,,Hugo Grenier,R,196,FRA,28.868,191,311,7-6(5) 6-3,3,R16,,,,,,,,,,,,,,,,,,,
2025-7874,Lille,Hard,32,C,I,20250203,19,HB48,,,Calvin Hemery,R,191,FRA,30.018,212,279,MQ75,4,,Kamil Majchrzak,R,183,POL,29.06,116,521,6-4 6-3,3,R16,74,13,0,59,41,33,7,10,5,6,3,2,56,34,23,10,9,2,5
2025-7874,Lille,Hard,32,C,I,20250203,20,R0ED,,,Max Hans Rehberg,R,183,GER,21.394,271,196,K0EP,6,,Jerome Kym,R,198,SUI,21.977,136,444,W/O,3,R16,,,,,,,,,,,,,,,,,,,
2025-7874,Lille,Hard,32,C,I,20250203,21,B0PG,8,,Alexander Blockx,R,193,BEL,19.825,151,373,K0E6,,,Alibek Kachmazov,R,185,RUS,22.467,190,312,6-3 6-4,3,R16,81,7,1,67,40,28,16,10,5,6,3,1,50,31,19,10,9,1,4
2025-7874,Lille,Hard,32,C,I,20250203,22,G0IX,,,Arthur Gea,R,180,FRA,20.088,322,158,PL64,,,Oleg Prihodko,R,180,UKR,27.337,327,155,6-3 7-5,3,R16,88,1,2,65,43,32,13,11,5,6,5,1,57,43,30,5,10,0,3
2025-7874,Lille,Hard,32,C,I,20250203,23,P0GN,,,Tom Paris,R,193,FRA,22.423,511,74,PJ74,,,Lucas Poullain,R,175,FRA,29.166,461,91,7-6(5) 6-3,3,R16,128,3,4,70,33,25,17,10,6,9,1,0,91,63,37,12,11,7,12
2025-7874,Lille,Hard,32,C,I,20250203,24,R0EB,,,Valentin Royer,R,188,FRA,23.685,208,283,M0TO,,,Mae Malige,R,173,FRA,18.853,632,49,6-4 4-6 6-2,3,R16,130,2,2,90,65,46,10,14,5,8,4,3,92,56,36,17,14,8,13
2025-7874,Lille,Hard,32,C,I,20250203,25,PF39,3,,Lucas Pouille,R,185,FRA,30.946,102,575,B0PG,8,,Alexander Blockx,R,193,BEL,19.825,151,373,7-6(4) 6-3,3,QF,97,5,1,81,58,41,14,11,5,6,5,1,68,38,23,20,10,0,2
2025-7874,Lille,Hard,32,C,I,20250203,26,B0ER,,,Arthur Bouquier,R,188,FRA,24.11,424,106,P0GN,,,Tom Paris,R,193,FRA,22.423,511,74,6-3 6-1,3,QF,64,7,2,48,31,25,8,8,0,0,3,0,52,29,16,9,8,7,11
2025-7874,Lille,Hard,32,C,I,20250203,27,HB48,,,Calvin Hemery,R,191,FRA,30.018,212,279,R0ED,,,Max Hans Rehberg,R,183,GER,21.394,271,196,6-4 6-0,3,QF,68,7,1,36,23,21,7,8,0,1,1,1,60,43,24,5,8,4,9
2025-7874,Lille,Hard,32,C,I,20250203,28,R0EB,,,Valentin Royer,R,188,FRA,23.685,208,283,G0IX,,,Arthur Gea,R,180,FRA,20.088,322,158,7-6(2) 6-2,3,QF,95,2,0,65,41,34,10,10,4,6,3,3,66,38,25,10,10,4,8
2025-7874,Lille,Hard,32,C,I,20250203,29,PF39,3,,Lucas Pouille,R,185,FRA,30.946,102,575,R0EB,,,Valentin Royer,R,188,FRA,23.685,208,283,3-6 6-4 6-2,3,SF,117,16,4,105,66,42,20,14,10,13,4,2,78,55,38,11,13,3,7
2025-7874,Lille,Hard,32,C,I,20250203,30,B0ER,,,Arthur Bouquier,R,188,FRA,24.11,424,106,HB48,,,Calvin Hemery,R,191,FRA,30.018,212,279,7-6(2) 4-6 6-4,3,SF,114,9,0,81,58,47,17,16,0,1,15,4,105,77,61,10,16,5,6
2025-7874,Lille,Hard,32,C,I,20250203,31,B0ER,,,Arthur Bouquier,R,188,FRA,24.11,424,106,PF39,3,,Lucas Pouille,R,185,FRA,30.946,102,575,6-3 3-5 RET,3,F,70,7,3,51,37,31,5,9,2,3,4,1,58,34,24,12,8,5,6
2025-9623,Tenerife 1,Hard,32,C,O,20250203,1,KE73,1,,Dominik Koepfer,L,180,GER,30.768,113,540,Z419,,,Bernabe Zapata Miralles,R,183,ESP,28.06,283,185,6-2 6-2,3,R32,65,4,0,44,28,24,11,8,2,2,3,1,61,41,21,11,8,4,8
2025-9623,Tenerife 1,Hard,32,C,O,20250203,2,M0NL,,,Inaki Montes-De La Torre,R,178,ESP,22.338,554,64,RH24,2,,Emil Ruusuvuori,R,188,FIN,25.843,142,413,7-5 6-3,3,R32,109,1,2,94,62,38,17,11,13,15,7,2,53,36,25,5,10,3,7
2025-9623,Tenerife 1,Hard,32,C,O,20250203,3,CD85,3,,Pablo Carreno Busta,R,188,ESP,33.566,149,374,A0BA,,,Federico Arnaboldi,R,185,ITA,24.63,224,261,6-0 7-6(2),3,R32,113,1,0,69,50,32,12,9,4,6,2,3,76,53,30,7,9,6,11
2025-9623,Tenerife 1,Hard,32,C,O,20250203,4,R0GO,4,,Henrique Rocha,R,180,POR,20.83,162,350,N731,,,Christoph Negritu,R,193,GER,30.875,325,155,6-4 6-1,3,R32,80,1,1,54,38,27,9,9,3,4,5,0,56,38,22,7,8,3,7
2025-9623,Tenerife 1,Hard,32,C,O,20250203,5,M0HT,5,,Alejandro Moro Canas,R,183,ESP,24.159,164,347,Y171,,,Denis Yevseyev,R,188,KAZ,31.704,263,204,6-1 4-6 6-3,3,R32,117,6,3,87,62,43,12,13,2,4,4,1,73,49,32,13,13,3,8
2025-9623,Tenerife 1,Hard,32,C,O,20250203,6,G0FW,6,,Vilius Gaubas,R,178,LTU,20.099,195,311,Z0A1,,,Giulio Zeppieri,L,183,ITA,23.159,304,171,W/O,3,R32,,,,,,,,,,,,,,,,,,,
2025-9623,Tenerife 1,Hard,32,C,O,20250203,7,P0HP,,,Lukas Pokorny,R,191,SVK,22.932,464,90,CH12,7,,Jan Choinski,R,196,GBR,28.652,198,307,6-4 6-4,3,R32,74,8,1,55,39,31,9,10,1,2,1,2,57,38,23,12,10,7,10
2025-9623,Tenerife 1,Hard,32,C,O,20250203,8,BV25,,,Javier Barranco Cosano,L,180,ESP,26.215,241,234,N0CS,8,,Lukas Neumayer,R,183,AUT,22.412,220,269,1-6 6-4 6-4,3,R32,119,2,3,88,56,37,12,14,4,9,1,5,83,47,35,15,13,5,9
2025-9623,Tenerife 1,Hard,32,C,O,20250203,9,A09U,,,Nicolas Alvarez Varona,R,188,ESP,23.715,346,142,R0FP,,,Daniel Rincon,L,185,ESP,22.075,257,212,6-2 6-4,3,R32,87,9,1,58,36,26,11,9,1,2,0,2,52,33,19,7,9,0,4
2025-9623,Tenerife 1,Hard,32,C,O,20250203,10,B0MM,,,Edas Butvilas,R,191,LTU,20.534,249,229,M0IF,,,Francesco Maestrelli,R,196,ITA,22.122,243,233,6-4 6-2,3,R32,88,1,1,65,44,29,14,9,7,8,2,1,55,33,19,11,9,2,6
2025-9623,Tenerife 1,Hard,32,C,O,20250203,11,FC49,,,Giovanni Fonio,R,183,ITA,26.746,397,118,RH50,,,Arthur Reymond,L,180,FRA,25.843,579,60,4-6 6-1 6-2,3,R32,100,6,4,73,45,33,14,12,1,3,5,8,95,57,38,12,13,9,15
2025-9623,Tenerife 1,Hard,32,C,O,20250203,12,HG94,,,Benjamin Hassan,R,183,LBN,29.999,227,260,S0UV,,,Rei Sakamoto,R,193,JPN,18.615,364,135,4-6 6-2 6-4,3,R32,129,6,1,96,63,44,15,14,5,8,6,3,105,67,44,16,14,6,11
2025-9623,Tenerife 1,Hard,32,C,O,20250203,13,L0CX,,,Pablo Llamas Ruiz,R,188,ESP,22.311,369,133,AG08,,,Andres Andrade,R,180,ECU,26.141,239,236,6-3 3-6 6-4,3,R32,128,1,1,90,68,41,11,14,8,12,7,0,85,50,32,17,14,4,9
2025-9623,Tenerife 1,Hard,32,C,O,20250203,14,M0EA,,,Pol Martin Tiffon,R,183,ESP,25.517,252,220,CG04,,,Pedro Cachin,R,185,ARG,29.815,303,171,2-6 6-4 6-2,3,R32,115,5,4,90,49,35,19,13,7,10,4,1,76,56,37,9,13,3,7
2025-9623,Tenerife 1,Hard,32,C,O,20250203,15,M0ON,,,Johannus Monday,L,198,GBR,23.034,319,162,S0JA,,,Eliot Spizzirri,R,185,USA,23.116,192,311,6-2 6-4,3,R32,103,5,3,61,44,30,7,9,7,9,2,1,73,47,27,7,9,10,15
2025-9623,Tenerife 1,Hard,32,C,O,20250203,16,S0NV,,,Abdullah Shelbayh,L,180,JOR,21.218,261,205,B0ID,,,Ignacio Buse,R,183,PER,20.862,234,245,6-7(5) 6-2 7-5,3,R32,194,4,2,120,71,46,30,16,3,5,6,0,123,76,49,20,16,4,9
2025-9623,Tenerife 1,Hard,32,C,O,20250203,17,M0ON,,,Johannus Monday,L,198,GBR,23.034,319,162,KE73,1,,Dominik Koepfer,L,180,GER,30.768,113,540,3-6 7-6(4) 7-6(4),3,R16,145,3,2,102,76,58,16,16,4,6,7,3,100,69,54,22,17,1,2
2025-9623,Tenerife 1,Hard,32,C,O,20250203,18,CD85,3,,Pablo Carreno Busta,R,188,ESP,33.566,149,374,FC49,,,Giovanni Fonio,R,183,ITA,26.746,397,118,6-1 6-2,3,R16,68,1,0,47,35,24,10,8,1,1,2,1,46,31,17,7,7,6,10
2025-9623,Tenerife 1,Hard,32,C,O,20250203,19,R0GO,4,,Henrique Rocha,R,180,POR,20.83,162,350,B0MM,,,Edas Butvilas,R,191,LTU,20.534,249,229,6-4 7-5,3,R16,92,1,3,68,45,31,12,11,3,5,1,5,67,49,28,9,11,2,6
2025-9623,Tenerife 1,Hard,32,C,O,20250203,20,M0HT,5,,Alejandro Moro Canas,R,183,ESP,24.159,164,347,L0CX,,,Pablo Llamas Ruiz,R,188,ESP,22.311,369,133,7-6(4) 6-4,3,R16,119,1,1,81,60,35,13,11,8,11,3,1,82,58,34,10,11,7,11
2025-9623,Tenerife 1,Hard,32,C,O,20250203,21,G0FW,6,,Vilius Gaubas,R,178,LTU,20.099,195,311,A09U,,,Nicolas Alvarez Varona,R,188,ESP,23.715,346,142,4-6 6-4 7-6(4),3,R16,174,2,4,105,76,48,15,16,3,8,6,2,106,78,51,12,16,4,9
2025-9623,Tenerife 1,Hard,32,C,O,20250203,22,HG94,,,Benjamin Hassan,R,183,LBN,29.999,227,260,M0NL,,,Inaki Montes-De La Torre,R,178,ESP,22.338,554,64,6-2 7-5,3,R16,95,2,2,58,30,22,13,10,1,4,1,3,76,51,25,12,10,10,16
2025-9623,Tenerife 1,Hard,32,C,O,20250203,23,M0EA,,,Pol Martin Tiffon,R,183,ESP,25.517,252,220,BV25,,,Javier Barranco Cosano,L,180,ESP,26.215,241,234,6-2 6-4,3,R16,71,3,2,56,31,23,16,9,1,2,3,5,50,33,22,4,9,1,5
2025-9623,Tenerife 1,Hard,32,C,O,20250203,24,S0NV,,,Abdullah Shelbayh,L,180,JOR,21.218,261,205,P0HP,,,Lukas Pokorny,R,191,SVK,22.932,464,90,6-4 6-1,3,R16,75,1,1,59,39,30,10,9,5,5,5,2,48,29,19,9,8,1,4
2025-9623,Tenerife 1,Hard,32,C,O,20250203,25,CD85,3,,Pablo Carreno Busta,R,188,ESP,33.566,149,374,G0FW,6,,Vilius Gaubas,R,178,LTU,20.099,195,311,4-6 6-3 7-6(3),3,QF,148,8,2,96,73,49,10,16,2,6,3,2,97,65,43,14,15,8,12
2025-9623,Tenerife 1,Hard,32,C,O,20250203,26,R0GO,4,,Henrique Rocha,R,180,POR,20.83,162,350,S0NV,,,Abdullah Shelbayh,L,180,JOR,21.218,261,205,4-6 7-6(2) 6-4,3,QF,170,2,1,111,68,48,26,16,8,10,5,5,115,65,43,30,16,11,13
2025-9623,Tenerife 1,Hard,32,C,O,20250203,27,M0HT,5,,Alejandro Moro Canas,R,183,ESP,24.159,164,347,HG94,,,Benjamin Hassan,R,183,LBN,29.999,227,260,6-4 3-6 6-3,3,QF,134,0,4,85,62,41,10,14,4,7,4,2,88,47,31,21,14,6,10
2025-9623,Tenerife 1,Hard,32,C,O,20250203,28,M0EA,,,Pol Martin Tiffon,R,183,ESP,25.517,252,220,M0ON,,,Johannus Monday,L,198,GBR,23.034,319,162,7-5 6-2,3,QF,82,4,1,64,42,31,14,10,4,4,2,2,65,50,32,7,10,8,11
2025-9623,Tenerife 1,Hard,32,C,O,20250203,29,CD85,3,,Pablo Carreno Busta,R,188,ESP,33.566,149,374,M0EA,,,Pol Martin Tiffon,R,183,ESP,25.517,252,220,6-4 6-0,3,SF,83,4,0,62,45,31,11,8,9,9,3,2,53,31,19,8,8,7,11
2025-9623,Tenerife 1,Hard,32,C,O,20250203,30,M0HT,5,,Alejandro Moro Canas,R,183,ESP,24.159,164,347,R0GO,4,,Henrique Rocha,R,180,POR,20.83,162,350,6-2 6-7(6) 6-0,3,SF,141,3,0,81,62,39,14,13,5,7,2,2,92,55,30,16,13,7,14
2025-9623,Tenerife 1,Hard,32,C,O,20250203,31,CD85,3,,Pablo Carreno Busta,R,188,ESP,33.566,149,374,M0HT,5,,Alejandro Moro Canas,R,183,ESP,24.159,164,347,6-3 6-2,3,F,83,2,1,51,35,27,10,9,3,3,2,1,52,34,22,7,8,2,5
2025-2839,Tenerife 2,Hard,32,C,O,20250210,1,KE73,1,,Dominik Koepfer,L,180,GER,30.787,118,496,FC49,,,Giovanni Fonio,R,183,ITA,26.765,393,121,6-3 4-6 6-2,3,R32,128,5,3,100,58,39,24,13,10,11,3,3,94,58,38,17,14,8,12
2025-2839,Tenerife 2,Hard,32,C,O,20250210,2,RH24,2,,Emil Ruusuvuori,R,188,FIN,25.862,147,388,CH12,,,Jan Choinski,R,196,GBR,28.671,201,307,6-3 6-1,3,R32,71,4,0,45,29,21,12,8,1,1,1,1,60,30,19,11,8,6,10
2025-2839,Tenerife 2,Hard,32,C,O,20250210,3,CD85,3,,Pablo Carreno Busta,R,188,ESP,33.585,133,449,C0AJ,,,Jie Cui,R,183,CHN,27.047,283,188,6-3 6-4,3,R32,96,11,0,53,36,28,10,10,1,2,0,1,74,53,33,9,9,7,10
2025-2839,Tenerife 2,Hard,32,C,O,20250210,4,CG04,,,Pedro Cachin,R,185,ARG,29.834,300,175,R0GO,4,,Henrique Rocha,R,180,POR,20.849,155,366,6-2 RET,3,R32,42,2,2,35,17,13,9,4,4,4,1,2,29,18,10,4,4,3,5
2025-2839,Tenerife 2,Hard,32,C,O,20250210,5,M0HT,5,,Alejandro Moro Canas,R,183,ESP,24.178,146,391,M0EA,,,Pol Martin Tiffon,R,183,ESP,25.536,239,239,6-4 6-2,3,R32,87,3,1,56,42,28,6,9,2,4,2,3,65,28,18,15,9,8,13
2025-2839,Tenerife 2,Hard,32,C,O,20250210,6,M0JZ,,,Filip Misolic,R,180,AUT,23.51,313,166,TE16,6,,Carlos Taberner,R,183,ESP,27.51,176,330,4-6 6-1 6-3,3,R32,122,7,2,83,58,46,8,13,4,6,3,1,70,47,29,12,13,5,10
2025-2839,Tenerife 2,Hard,32,C,O,20250210,7,A09U,,,Nicolas Alvarez Varona,R,188,ESP,23.734,336,152,S0JA,7,,Eliot Spizzirri,R,185,USA,23.135,197,311,7-5 6-0,3,R32,93,4,1,71,53,37,9,9,10,10,1,1,48,34,19,7,9,2,6
2025-2839,Tenerife 2,Hard,32,C,O,20250210,8,S0NV,,,Abdullah Shelbayh,L,180,JOR,21.238,265,205,G0FW,8,,Vilius Gaubas,R,178,LTU,20.118,184,321,4-6 6-4 7-5,3,R32,155,6,5,97,65,47,14,16,6,10,1,0,100,75,43,15,16,9,14
2025-2839,Tenerife 2,Hard,32,C,O,20250210,9,AG08,,,Andres Andrade,R,180,ECU,26.16,243,236,M0NL,,,Inaki Montes-De La Torre,R,178,ESP,22.357,526,70,7-6(6) 6-0,3,R32,100,8,0,62,39,30,12,9,1,2,1,5,66,42,28,7,9,2,6
2025-2839,Tenerife 2,Hard,32,C,O,20250210,10,BV25,,,Javier Barranco Cosano,L,180,ESP,26.234,257,215,A0BA,,,Federico Arnaboldi,R,185,ITA,24.649,225,261,6-2 6-2,3,R32,84,3,0,57,39,28,8,8,4,5,1,2,42,16,7,10,8,2,7
2025-2839,Tenerife 2,Hard,32,C,O,20250210,11,D916,,,Steven Diez,R,175,CAN,33.906,604,55,L0CX,,,Pablo Llamas Ruiz,R,188,ESP,22.33,359,139,6-4 6-3,3,R32,77,0,3,49,21,14,19,9,0,1,2,3,58,39,26,8,10,3,7
2025-2839,Tenerife 2,Hard,32,C,O,20250210,12,E768,,,Antoine Escoffier,R,185,FRA,32.95,220,267,B0MM,,,Edas Butvilas,R,191,LTU,20.553,245,234,6-2 3-6 6-0,3,R32,109,0,3,61,30,19,21,11,0,2,1,0,94,68,32,16,12,9,15
2025-2839,Tenerife 2,Hard,32,C,O,20250210,13,HG94,,,Benjamin Hassan,R,183,LBN,30.018,221,266,N0CS,,,Lukas Neumayer,R,183,AUT,22.431,218,269,4-6 6-1 7-5,3,R32,120,7,3,77,35,27,24,15,1,5,0,2,93,69,35,16,14,8,14
2025-2839,Tenerife 2,Hard,32,C,O,20250210,14,P0D0,,,Jakub Paul,R,180,SUI,25.892,355,141,B0ID,,,Ignacio Buse,R,183,PER,20.882,234,245,6-3 6-1,3,R32,75,0,0,68,53,34,9,8,6,6,0,0,53,33,19,8,8,6,10
2025-2839,Tenerife 2,Hard,32,C,O,20250210,15,R0FP,,,Daniel Rincon,L,185,ESP,22.094,260,212,R0KD,,,Mees Rottgering,L,180,NED,17.599,838,24,7-6(10) 6-2,3,R32,133,7,3,83,49,31,18,10,7,9,3,8,93,63,40,9,10,4,8
2025-2839,Tenerife 2,Hard,32,C,O,20250210,16,R0E0,,,Chris Rodesch,R,198,LUX,23.567,276,193,M0ON,,,Johannus Monday,L,198,GBR,23.053,303,174,7-6(2) 6-3,3,R32,118,10,1,87,63,41,13,10,6,7,4,3,75,51,33,12,11,9,12
2025-2839,Tenerife 2,Hard,32,C,O,20250210,17,KE73,1,,Dominik Koepfer,L,180,GER,30.787,118,496,R0E0,,,Chris Rodesch,R,198,LUX,23.567,276,193,7-5 6-3,3,R16,89,4,3,65,38,31,12,10,2,3,1,5,77,54,31,12,11,2,6
2025-2839,Tenerife 2,Hard,32,C,O,20250210,18,BV25,,,Javier Barranco Cosano,L,180,ESP,26.234,257,215,RH24,2,,Emil Ruusuvuori,R,188,FIN,25.862,147,388,7-5 1-6 6-3,3,R16,129,5,4,90,53,33,21,14,5,8,5,5,91,56,43,14,14,3,6
2025-2839,Tenerife 2,Hard,32,C,O,20250210,19,CD85,3,,Pablo Carreno Busta,R,188,ESP,33.585,133,449,E768,,,Antoine Escoffier,R,185,FRA,32.95,220,267,W/O,3,R16,,,,,,,,,,,,,,,,,,,
2025-2839,Tenerife 2,Hard,32,C,O,20250210,20,HG94,,,Benjamin Hassan,R,183,LBN,30.018,221,266,M0HT,5,,Alejandro Moro Canas,R,183,ESP,24.178,146,391,6-3 1-6 6-2,3,R16,110,3,4,74,46,33,14,12,4,7,1,4,82,62,41,5,12,10,14
2025-2839,Tenerife 2,Hard,32,C,O,20250210,21,A09U,,,Nicolas Alvarez Varona,R,188,ESP,23.734,336,152,D916,,,Steven Diez,R,175,CAN,33.906,604,55,2-2 RET,3,R16,33,1,0,16,12,7,1,2,2,3,0,0,14,10,5,2,2,1,2
2025-2839,Tenerife 2,Hard,32,C,O,20250210,22,M0JZ,,,Filip Misolic,R,180,AUT,23.51,313,166,P0D0,,,Jakub Paul,R,180,SUI,25.892,355,141,6-4 6-4,3,R16,114,1,2,65,43,30,11,10,5,7,0,0,96,62,33,16,10,11,15
2025-2839,Tenerife 2,Hard,32,C,O,20250210,23,R0FP,,,Daniel Rincon,L,185,ESP,22.094,260,212,CG04,,,Pedro Cachin,R,185,ARG,29.834,300,175,6-1 7-6(5),3,R16,97,3,0,58,42,30,11,9,2,3,1,1,84,66,37,8,10,7,11
2025-2839,Tenerife 2,Hard,32,C,O,20250210,24,S0NV,,,Abdullah Shelbayh,L,180,JOR,21.238,265,205,AG08,,,Andres Andrade,R,180,ECU,26.16,243,236,7-6(5) 2-6 6-4,3,R16,166,5,5,103,53,33,24,15,6,12,2,4,111,72,48,17,15,7,12
2025-2839,Tenerife 2,Hard,32,C,O,20250210,25,M0JZ,,,Filip Misolic,R,180,AUT,23.51,313,166,KE73,1,,Dominik Koepfer,L,180,GER,30.787,118,496,6-2 2-6 7-6(4),3,QF,147,4,1,96,65,41,15,14,1,6,5,2,91,57,38,16,14,4,9
2025-2839,Tenerife 2,Hard,32,C,O,20250210,26,CD85,3,,Pablo Carreno Busta,R,188,ESP,33.585,133,449,S0NV,,,Abdullah Shelbayh,L,180,JOR,21.238,265,205,6-2 2-1 RET,3,QF,46,5,1,30,24,21,3,6,0,0,2,4,30,20,11,3,5,0,2
2025-2839,Tenerife 2,Hard,32,C,O,20250210,27,HG94,,,Benjamin Hassan,R,183,LBN,30.018,221,266,BV25,,,Javier Barranco Cosano,L,180,ESP,26.234,257,215,5-4 RET,3,QF,46,6,2,32,18,13,8,5,3,4,0,0,26,16,10,6,4,1,2
2025-2839,Tenerife 2,Hard,32,C,O,20250210,28,R0FP,,,Daniel Rincon,L,185,ESP,22.094,260,212,A09U,,,Nicolas Alvarez Varona,R,188,ESP,23.734,336,152,7-6(4) 5-7 6-1,3,QF,154,8,0,89,56,40,20,16,1,4,4,5,99,58,40,20,15,7,11
2025-2839,Tenerife 2,Hard,32,C,O,20250210,29,CD85,3,,Pablo Carreno Busta,R,188,ESP,33.585,133,449,HG94,,,Benjamin Hassan,R,183,LBN,30.018,221,266,6-3 6-2,3,SF,75,4,1,54,42,31,5,9,1,2,2,4,60,30,20,11,8,9,13
2025-2839,Tenerife 2,Hard,32,C,O,20250210,30,M0JZ,,,Filip Misolic,R,180,AUT,23.51,313,166,R0FP,,,Daniel Rincon,L,185,ESP,22.094,260,212,6-3 6-2,3,SF,78,2,1,52,32,27,9,9,0,1,0,3,53,34,21,7,8,4,8
2025-2839,Tenerife 2,Hard,32,C,O,20250210,31,CD85,3,,Pablo Carreno Busta,R,188,ESP,33.585,133,449,M0JZ,,,Filip Misolic,R,180,AUT,23.51,313,166,6-3 6-2,3,F,85,1,0,64,47,37,8,9,6,6,2,2,49,28,17,9,8,0,3
2025-6961,New Delhi,Hard,32,C,O,20250210,1,KI82,1,,Vit Kopriva,R,178,CZE,27.658,127,482,DF92,,,Corentin Denolly,L,188,FRA,27.682,319,163,6-3 6-4,3,R32,87,2,4,66,35,25,14,10,3,6,4,1,59,40,20,7,9,3,8
2025-6961,New Delhi,Hard,32,C,O,20250210,2,HD68,2,,Billy Harris,R,193,GBR,30.045,116,499,V0D4,,,Eric Vanshelboim,R,188,UKR,23.576,501,79,6-1 6-4,3,R32,63,0,0,48,35,28,8,9,0,0,0,3,42,25,18,7,8,0,3
2025-6961,New Delhi,Hard,32,C,O,20250210,3,S0N0,3,,Tristan Schoolkate,R,183,AUS,23.956,140,431,KI48,,,Ergi Kirkin,R,180,TUR,26.04,302,175,6-0 7-6(10),3,R32,95,6,4,64,35,25,17,9,3,5,0,4,60,31,19,12,9,5,10
2025-6961,New Delhi,Hard,32,C,O,20250210,4,Y218,,,Elias Ymer,R,185,SWE,28.838,267,203,M0K4,5,,Elmer Moller,R,183,DEN,21.593,152,372,6-3 6-1,3,R32,83,2,4,52,25,22,15,8,4,4,1,10,68,26,17,17,8,8,12
2025-6961,New Delhi,Hard,32,C,O,20250210,5,M0HU,6,,Shintaro Mochizuki,R,175,JPN,21.695,171,335,H09N,,,August Holmgren,R,188,DEN,26.806,206,293,6-3 7-5,3,R32,89,2,2,60,35,26,16,11,3,5,6,4,63,38,20,15,10,2,6
2025-6961,New Delhi,Hard,32,C,O,20250210,6,J0AZ,,,Kyrian Jacquet,R,175,FRA,23.754,204,294,SY67,7,,Sho Shimabukuro,R,180,JPN,27.535,198,311,6-1 6-2,3,R32,58,2,2,48,27,21,14,8,2,2,3,3,42,20,12,8,7,3,7
2025-6961,New Delhi,Hard,32,C,O,20250210,7,S0GR,8,,Timofey Skatov,R,173,KAZ,24.055,199,310,S0RI,,,Karan Singh,R,185,IND,21.618,500,79,6-4 6-0,3,R32,84,3,2,61,32,23,17,8,6,6,2,1,48,20,11,14,8,1,5
2025-6961,New Delhi,Hard,32,C,O,20250210,8,A0FM,,,Egor Agafonov,R,188,RUS,22.434,506,77,O0BE,,,Oleksandr Ovcharenko,R,185,UKR,23.318,296,177,6-3 6-0,3,R32,68,3,7,47,26,20,9,7,6,7,1,3,51,23,11,9,8,5,11
2025-6961,New Delhi,Hard,32,C,O,20250210,9,B0OU,,,Hynek Barton,R,183,CZE,20.851,423,108,N09U,,,Rio Noguchi,R,168,JPN,26.122,242,237,3-6 6-3 6-4,3,R32,109,9,1,99,70,48,17,14,8,9,0,0,76,50,37,17,14,0,2
2025-6961,New Delhi,Hard,32,C,O,20250210,10,CI14,,,Jay Clarke,R,183,GBR,26.543,264,206,I426,,,Masamichi Imamura,R,178,JPN,26.218,354,141,6-1 6-4,3,R32,74,7,4,44,22,21,12,9,1,2,2,2,63,37,24,10,8,3,7
2025-6961,New Delhi,Hard,32,C,O,20250210,11,GG65,,,Michael Geerts,R,178,BEL,30.067,297,177,P09O,,,Zsombor Piros,R,180,HUN,25.331,213,276,6-3 7-5,3,R32,93,1,1,61,38,27,9,10,3,6,3,2,64,28,15,17,11,2,8
2025-6961,New Delhi,Hard,32,C,O,20250210,12,I0B0,,,Andre Ilagan,L,173,USA,24.235,406,114,G09C,,,Marek Gengel,R,185,CZE,29.402,231,248,6-2 6-2,3,R32,62,1,1,50,33,20,13,8,2,3,1,2,46,23,12,9,8,1,6
2025-6961,New Delhi,Hard,32,C,O,20250210,13,M0OQ,,,James McCabe,R,188,AUS,21.604,215,271,DG80,,,Enrico Dalla Valle,R,196,ITA,26.894,290,182,2-6 6-2 6-3,3,R32,128,8,6,94,59,41,18,13,8,10,6,4,75,43,33,14,12,7,10
2025-6961,New Delhi,Hard,32,C,O,20250210,14,MP13,,,Mukund Sasikumar,R,185,IND,28.074,429,105,G0GW,,,Sascha Gueymard Wayenburg,R,191,FRA,21.53,255,219,4-6 6-2 6-0,3,R32,91,6,4,62,37,30,15,12,0,2,6,13,75,41,27,10,12,5,11
2025-6961,New Delhi,Hard,32,C,O,20250210,15,S0GD,,,Dalibor Svrcina,R,178,CZE,22.36,224,264,RB56,,,Ramkumar Ramanathan,R,188,IND,30.259,403,116,6-2 2-6 6-0,3,R32,101,1,3,66,42,32,9,11,3,6,2,2,64,36,22,9,11,4,10
2025-6961,New Delhi,Hard,32,C,O,20250210,16,VA25,,,Valentin Vacherot,R,193,MON,26.237,205,294,V708,,,Jiri Vesely,L,198,CZE,31.589,362,138,6-1 6-4,3,R32,65,7,1,54,38,31,10,9,4,4,6,1,43,29,20,5,8,0,3
2025-6961,New Delhi,Hard,32,C,O,20250210,17,KI82,1,,Vit Kopriva,R,178,CZE,27.658,127,482,S0GD,,,Dalibor Svrcina,R,178,CZE,22.36,224,264,6-4 6-1,3,R16,81,4,2,61,34,25,10,9,5,8,0,2,42,25,8,8,8,0,6
2025-6961,New Delhi,Hard,32,C,O,20250210,18,HD68,2,,Billy Harris,R,193,GBR,30.045,116,499,M0OQ,,,James McCabe,R,188,AUS,21.604,215,271,7-6(2) 6-3,3,R16,94,5,2,68,37,26,20,11,4,5,5,7,70,47,34,7,10,4,6
2025-6961,New Delhi,Hard,32,C,O,20250210,19,S0N0,3,,Tristan Schoolkate,R,183,AUS,23.956,140,431,VA25,,,Valentin Vacherot,R,193,MON,26.237,205,294,7-6(4) 3-6 6-4,3,R16,172,5,7,101,57,39,22,15,9,13,9,4,116,78,48,19,16,11,15
2025-6961,New Delhi,Hard,32,C,O,20250210,20,M0HU,6,,Shintaro Mochizuki,R,175,JPN,21.695,171,335,B0OU,,,Hynek Barton,R,183,CZE,20.851,423,108,2-6 6-4 6-3,3,R16,125,2,1,69,46,33,12,13,1,4,4,5,112,60,38,25,14,13,17
2025-6961,New Delhi,Hard,32,C,O,20250210,21,I0B0,,,Andre Ilagan,L,173,USA,24.235,406,114,S0GR,8,,Timofey Skatov,R,173,KAZ,24.055,199,310,6-2 6-3,3,R16,90,6,1,65,50,34,7,9,2,3,1,4,56,32,21,7,8,7,11
2025-6961,New Delhi,Hard,32,C,O,20250210,22,GG65,,,Michael Geerts,R,178,BEL,30.067,297,177,MP13,,,Mukund Sasikumar,R,185,IND,28.074,429,105,6-4 7-5,3,R16,104,3,2,58,38,24,15,11,1,3,4,2,74,36,23,17,11,7,11
2025-6961,New Delhi,Hard,32,C,O,20250210,23,J0AZ,,,Kyrian Jacquet,R,175,FRA,23.754,204,294,CI14,,,Jay Clarke,R,183,GBR,26.543,264,206,7-5 6-3,3,R16,98,2,4,72,45,28,15,11,4,6,3,3,60,34,22,11,10,7,11
2025-6961,New Delhi,Hard,32,C,O,20250210,24,Y218,,,Elias Ymer,R,185,SWE,28.838,267,203,A0FM,,,Egor Agafonov,R,188,RUS,22.434,506,77,6-3 6-4,3,R16,91,4,1,71,45,35,9,10,7,8,1,8,68,41,27,12,9,3,6
2025-6961,New Delhi,Hard,32,C,O,20250210,25,KI82,1,,Vit Kopriva,R,178,CZE,27.658,127,482,M0HU,6,,Shintaro Mochizuki,R,175,JPN,21.695,171,335,6-2 6-4,3,QF,104,2,2,74,39,24,18,9,7,9,1,4,63,41,25,5,9,8,13
2025-6961,New Delhi,Hard,32,C,O,20250210,26,HD68,2,,Billy Harris,R,193,GBR,30.045,116,499,Y218,,,Elias Ymer,R,185,SWE,28.838,267,203,6-2 4-6 7-6(1),3,QF,154,4,8,86,48,39,17,15,4,8,3,9,107,67,44,16,15,8,13
2025-6961,New Delhi,Hard,32,C,O,20250210,27,S0N0,3,,Tristan Schoolkate,R,183,AUS,23.956,140,431,I0B0,,,Andre Ilagan,L,173,USA,24.235,406,114,6-7(2) 7-6(1) 6-2,3,QF,162,16,9,120,63,43,23,16,10,16,4,2,104,75,33,17,16,6,14
2025-6961,New Delhi,Hard,32,C,O,20250210,28,J0AZ,,,Kyrian Jacquet,R,175,FRA,23.754,204,294,GG65,,,Michael Geerts,R,178,BEL,30.067,297,177,6-3 7-6(3),3,QF,102,5,2,68,35,28,20,11,4,5,4,4,71,43,28,15,10,4,6
2025-6961,New Delhi,Hard,32,C,O,20250210,29,J0AZ,,,Kyrian Jacquet,R,175,FRA,23.754,204,294,KI82,1,,Vit Kopriva,R,178,CZE,27.658,127,482,6-3 6-1,3,SF,67,2,2,39,25,21,10,8,0,1,0,3,51,21,10,13,8,7,12
2025-6961,New Delhi,Hard,32,C,O,20250210,30,HD68,2,,Billy Harris,R,193,GBR,30.045,116,499,S0N0,3,,Tristan Schoolkate,R,183,AUS,23.956,140,431,4-6 7-6(4) 6-2,3,SF,143,4,5,91,61,47,18,15,5,8,5,4,101,66,44,17,15,4,8
2025-6961,New Delhi,Hard,32,C,O,20250210,31,J0AZ,,,Kyrian Jacquet,R,175,FRA,23.754,204,294,HD68,2,,Billy Harris,R,193,GBR,30.045,116,499,6-4 6-2,3,F,91,4,5,61,37,27,11,9,6,8,4,1,60,34,20,10,9,3,8
2025-2961,Brazzaville,Clay,32,C,O,20250217,1,BU54,2,,Geoffrey Blancaneaux,R,180,FRA,26.53,265,202,D0L3,,,Samir Hamza Reguig,R,188,CRO,19.584,264,202,6-3 7-6(3),3,R32,123,0,7,78,52,39,10,10,6,8,0,0,69,47,31,8,11,0,4
2025-2961,Brazzaville,Clay,32,C,O,20250217,2,P0GN,3,,Max Houkes,R,193,FRA,22.461,456,93,K926,,,Kryce-Didier Momo-Kassa,R,183,KAZ,37.147,143,415,6-0 6-0,3,R32,34,5,1,26,15,15,9,6,0,0,0,8,30,9,4,2,6,2,8
2025-2961,Brazzaville,Clay,32,C,O,20250217,3,P0GN,5,,Guy Den Ouden,R,193,FRA,22.461,456,93,DB63,,,Ivan Denisov,R,188,SRB,29.714,98,613,6-1 6-3,3,R32,101,1,2,61,40,27,13,8,3,3,1,2,45,28,17,8,8,1,5
2025-2961,Brazzaville,Clay,32,C,O,20250217,4,AA27,7,,Franco Agamenone,R,191,ITA,31.844,391,122,B0IY,,,Alec Beckley,R,183,RSA,23.669,581,60,6-4 4-6 6-4,3,R32,162,2,6,82,52,38,16,15,2,5,1,4,111,67,42,22,15,11,15
2025-2961,Brazzaville,Clay,32,C,O,20250217,5,MF35,8,,Andrej Martin,R,183,SVK,35.411,433,104,M0IF,,,Nicholas Alan Van Aken,R,196,ITA,22.16,243,233,6-0 6-0,3,R32,42,4,2,34,23,18,7,6,0,0,1,3,39,24,7,4,6,2,8
2025-2961,Brazzaville,Clay,32,C,O,20250217,6,SL28,,,Rodrigo Alujas,R,193,GER,34.817,44,1200,L0GH,,,Guelfo Borghini Baldovinetti,R,191,EST,21.771,204,282,6-1 6-3,3,R32,89,5,0,54,31,22,14,8,4,5,0,1,56,28,14,10,8,6,11
2025-2961,Brazzaville,Clay,32,C,O,20250217,7,BI23,,,Dinko Dinev,L,183,GBR,31.121,766,31,H997,,,Paterne Mamata,R,193,GER,33.265,101,578,5-7 6-1 6-2,3,R32,129,4,2,95,62,40,17,14,7,10,2,3,75,34,21,18,13,4,10
2025-2961,Brazzaville,Clay,32,C,O,20250217,8,J0D2,,,Maximus Jones,R,185,THA,20.452,714,37,H997,,,Matteo Covato,R,193,GER,33.265,101,578,6-1 7-5,3,R32,80,2,0,50,33,27,11,10,1,2,5,3,60,43,21,10,9,4,8
2025-2961,Brazzaville,Clay,32,C,O,20250217,9,A09T,,,Dominik Kellovsky,R,183,FRA,25.851,517,73,B0P4,,,Mateo Barreiros Reyes,R,191,POL,18.579,916,19,5-7 6-2 6-2,3,R32,161,4,1,81,50,37,16,14,3,6,3,5,88,48,28,20,14,3,9
2025-2961,Brazzaville,Clay,32,C,O,20250217,10,D0L3,,,Paulo Andre Saraiva Dos Santos,R,188,CRO,19.584,264,202,F0DM,,,Dillon Beckles,R,175,GBR,22.604,579,60,6-2 6-3,3,R32,58,3,1,42,27,21,9,8,3,4,1,1,50,32,14,10,9,3,8
2025-2961,Brazzaville,Clay,32,C,O,20250217,11,Y268,,,Mikael Ymer,R,185,SWE,26.442,794,28,F0DM,,,Julien De Cuyper,R,175,GBR,22.604,579,60,6-3 6-2,3,R32,87,1,2,53,35,22,9,8,4,6,0,1,53,30,11,11,9,2,8
2025-2961,Brazzaville,Clay,32,C,O,20250217,12,HB48,1,,Calvin Hemery,R,191,FRA,30.056,190,314,Y268,,,Mikael Ymer,R,185,SWE,26.442,794,28,7-6(5) 2-6 6-2,3,R16,153,14,5,91,57,46,16,14,4,6,3,3,97,63,48,17,14,4,6
2025-2961,Brazzaville,Clay,32,C,O,20250217,13,BU54,2,,Geoffrey Blancaneaux,R,180,FRA,26.53,265,202,P0GN,,,Dominik Kellovsky,R,193,FRA,22.461,456,93,7-5 6-1,3,R16,108,4,3,49,33,28,12,10,0,0,2,3,64,35,23,14,9,6,9
2025-2961,Brazzaville,Clay,32,C,O,20250217,14,BI23,3,,Max Houkes,L,183,GBR,31.121,766,31,P0GN,,,Rodrigo Alujas,R,193,FRA,22.461,456,93,6-3 6-3,3,R16,72,2,2,45,31,22,11,9,3,5,2,2,48,38,19,4,9,6,11
2025-2961,Brazzaville,Clay,32,C,O,20250217,15,SL28,,,Dinko Dinev,R,193,GER,34.817,44,1200,KI82,4,,Maxime Chazal,R,178,CZE,27.677,120,498,6-4 6-4,3,R16,96,12,2,62,45,36,8,10,1,1,3,2,58,40,31,6,10,2,4
2025-2961,Brazzaville,Clay,32,C,O,20250217,16,A09T,6,,Eliakim Coulibaly,R,183,FRA,25.851,517,73,J0AZ,,,Credit Chaiyarin,R,175,FRA,23.773,156,369,6-2 1-0 RET,3,R16,37,4,2,24,15,14,4,4,2,2,0,0,26,16,10,3,5,3,6
2025-2961,Brazzaville,Clay,32,C,O,20250217,17,AA27,7,,Franco Agamenone,R,191,ITA,31.844,391,122,J0AZ,,,Maximilian Neuchrist,R,175,FRA,23.773,156,369,6-4 6-1,3,R16,91,5,2,46,31,26,10,9,0,0,1,2,65,40,26,10,8,7,10
2025-2961,Brazzaville,Clay,32,C,O,20250217,18,J0D2,,,Maximus Jones,R,185,THA,20.452,714,37,MF35,8,,Andrej Martin,R,183,SVK,35.411,433,104,7-5 3-6 7-6(5),3,R16,185,7,5,122,78,53,22,17,8,11,8,6,111,56,45,29,16,8,10
2025-2961,Brazzaville,Clay,32,C,O,20250217,19,HB48,1,,Calvin Hemery,R,191,FRA,30.056,190,314,AA27,7,,Franco Agamenone,R,191,ITA,31.844,391,122,6-3 6-3,3,QF,112,5,5,63,38,26,13,9,4,5,3,4,59,37,25,7,9,3,7
2025-2961,Brazzaville,Clay,32,C,O,20250217,20,BU54,2,,Geoffrey Blancaneaux,R,180,FRA,26.53,265,202,BI23,,,Paulo Andre Saraiva Dos Santos,L,183,GBR,31.121,766,31,6-0 4-6 6-1,3,QF,121,0,1,69,53,36,9,12,3,5,2,8,63,39,21,8,11,1,7
2025-2961,Brazzaville,Clay,32,C,O,20250217,21,J0D2,,,Maximus Jones,R,185,THA,20.452,714,37,BI23,3,,Max Houkes,L,183,GBR,31.121,766,31,2-6 6-3 6-1,3,QF,150,5,7,99,51,33,26,12,10,12,3,5,72,47,30,13,12,6,10
2025-2961,Brazzaville,Clay,32,C,O,20250217,22,SL28,,,Dinko Dinev,R,193,GER,34.817,44,1200,A09T,6,,Eliakim Coulibaly,R,183,FRA,25.851,517,73,3-6 6-3 6-4,3,QF,137,2,2,100,59,38,24,14,8,10,12,9,80,45,35,17,14,3,6
2025-2961,Brazzaville,Clay,32,C,O,20250217,23,HB48,1,,Calvin Hemery,R,191,FRA,30.056,190,314,J0D2,,,Maximus Jones,R,185,THA,20.452,714,37,6-1 6-4,3,SF,70,11,3,46,27,25,11,9,0,0,1,2,45,27,15,10,8,3,6
2025-2961,Brazzaville,Clay,32,C,O,20250217,24,BU54,2,,Geoffrey Blancaneaux,R,180,FRA,26.53,265,202,B0LN,,,Dinko Dinev,R,178,SUI,22.94,1866,1,6-1 6-2,3,SF,67,1,1,38,28,25,7,8,0,0,3,2,47,30,15,6,7,3,7
2025-2961,Brazzaville,Clay,32,C,O,20250217,25,BU54,2,,Geoffrey Blancaneaux,R,180,FRA,26.53,265,202,HB48,1,,Calvin Hemery,R,191,FRA,30.056,190,314,6-3 6-4,3,F,100,4,2,65,44,33,13,10,1,1,3,7,55,31,27,9,9,2,4
2025-7916,Glasgow,Hard,32,C,I,20250217,1,LB66,1,,Constant Lestienne,R,180,FRA,32.739,172,336,S0TX,,,Henry Searle,L,193,GBR,18.891,407,114,7-5 6-0,3,R32,90,4,0,69,45,36,11,9,4,4,8,5,73,45,31,7,9,10,14
2025-7916,Glasgow,Hard,32,C,I,20250217,2,W0BH,2,,Coleman Wong,R,191,HKG,20.701,165,343,M0AC,,,Rudolf Molleker,R,188,GER,24.312,281,190,6-3 6-2,3,R32,59,4,2,45,24,20,16,9,0,0,4,5,59,38,24,9,8,5,8
2025-7916,Glasgow,Hard,32,C,I,20250217,3,E687,,,Daniel Evans,R,175,GBR,34.741,167,340,P0BK,,,Stuart Parker,R,185,GBR,27.554,585,59,6-3 7-6(5),3,R32,118,5,1,72,44,31,19,11,0,0,4,2,72,38,28,17,10,5,6
2025-7916,Glasgow,Hard,32,C,I,20250217,4,D0DP,4,,Liam Draxl,R,185,CAN,23.203,184,318,A0AB,,,Adrian Andreev,R,175,BUL,23.77,232,244,6-4 6-1,3,R32,70,11,1,39,29,25,7,8,0,0,5,1,58,37,26,6,9,5,9
2025-7916,Glasgow,Hard,32,C,I,20250217,5,MW76,,,Matteo Martineau,R,183,FRA,26.089,278,193,C0BH,5,,Clement Chidekh,R,180,FRA,23.682,215,266,6-4 7-6(3),3,R32,92,13,3,62,41,34,13,11,1,2,4,0,70,48,32,11,11,2,4
2025-7916,Glasgow,Hard,32,C,I,20250217,6,B0U4,,,Nicolai Budkov Kjaer,R,191,NOR,18.464,439,101,GF95,6,,Hugo Grenier,R,196,FRA,28.906,169,337,6-3 3-6 6-2,3,R32,116,5,0,87,58,41,13,13,5,7,7,3,80,49,33,13,13,2,6
2025-7916,Glasgow,Hard,32,C,I,20250217,7,H0BF,,,Philip Henning,R,180,RSA,24.271,331,154,O0A2,7,,Gauthier Onclin,R,180,BEL,23.975,218,264,6-4 6-3,3,R32,92,4,0,50,37,29,8,10,1,2,1,3,70,42,26,12,9,3,6
2025-7916,Glasgow,Hard,32,C,I,20250217,8,H0DC,,,Giles Hussey,L,185,GBR,27.732,383,126,K0HC,8,,Maks Kasnikowski,R,180,POL,21.621,224,256,6-4 6-7(6) 6-4,3,R32,181,18,4,130,69,47,30,16,12,16,2,3,120,73,42,24,16,10,16
2025-7916,Glasgow,Hard,32,C,I,20250217,9,BV24,,,Raul Brancaccio,R,183,ITA,27.792,434,103,HG94,,,Benjamin Hassan,R,183,LBN,30.037,205,281,7-5 2-6 6-3,3,R32,98,1,4,95,57,34,17,15,2,8,7,4,78,47,31,13,14,5,11
2025-7916,Glasgow,Hard,32,C,I,20250217,10,DC76,,,Viktor Durasovic,R,185,NOR,27.918,280,190,S0H9,,,James Story,R,185,GBR,23.956,734,34,6-1 6-7(7) 6-2,3,R32,134,8,4,92,63,48,17,14,5,5,9,2,106,67,42,19,13,5,9
2025-7916,Glasgow,Hard,32,C,I,20250217,11,M0ON,,,Johannus Monday,L,198,GBR,23.072,300,174,S0UV,,,Rei Sakamoto,R,193,JPN,18.653,364,136,7-6(6) 6-4,3,R32,98,6,1,68,47,33,16,11,2,3,8,2,80,55,38,11,11,1,3
2025-7916,Glasgow,Hard,32,C,I,20250217,12,R0ED,,,Max Hans Rehberg,R,183,GER,21.432,256,215,N731,,,Christoph Negritu,R,193,GER,30.913,325,159,6-1 6-2,3,R32,68,3,0,53,38,26,12,8,3,3,5,3,43,25,15,5,7,2,6
2025-7916,Glasgow,Hard,32,C,I,20250217,13,R0FP,,,Daniel Rincon,L,185,ESP,22.114,254,218,R0E0,,,Chris Rodesch,R,198,LUX,23.587,263,203,6-4 6-7(8) 6-4,3,R32,141,6,3,100,60,44,27,16,1,2,9,3,120,87,61,18,16,12,15
2025-7916,Glasgow,Hard,32,C,I,20250217,14,Y171,,,Denis Yevseyev,R,188,KAZ,31.743,262,204,W0AH,,,Harry Wendelken,R,178,GBR,23.168,649,46,7-5 6-3,3,R32,89,4,3,60,31,24,19,11,2,3,5,3,64,36,25,13,10,3,6
2025-7916,Glasgow,Hard,32,C,I,20250217,15,Z419,,,Bernabe Zapata Miralles,R,183,ESP,28.099,323,160,MN20,,,Daniel Masur,R,183,GER,30.283,293,180,6-2 6-3,3,R32,73,1,3,55,32,27,12,9,2,2,1,7,56,32,23,9,8,3,6
2025-7916,Glasgow,Hard,32,C,I,20250217,16,Z09Z,,,Beibit Zhukayev,R,198,KAZ,24.35,221,260,BU70,,,Remy Bertola,R,175,SUI,26.467,287,184,7-6(3) 6-3,3,R32,81,11,2,59,38,33,15,11,2,3,4,2,63,39,30,13,10,1,3
2025-7916,Glasgow,Hard,32,C,I,20250217,17,R0ED,,,Max Hans Rehberg,R,183,GER,21.432,256,215,LB66,1,,Constant Lestienne,R,180,FRA,32.739,172,336,6-3 7-6(5),3,R16,106,1,0,58,33,27,11,10,4,7,4,1,67,37,24,14,11,4,9
2025-7916,Glasgow,Hard,32,C,I,20250217,18,DC76,,,Viktor Durasovic,R,185,NOR,27.918,280,190,W0BH,2,,Coleman Wong,R,191,HKG,20.701,165,343,4-6 6-1 6-2,3,R16,103,10,1,86,43,33,24,13,6,7,8,2,75,47,33,9,12,7,11
2025-7916,Glasgow,Hard,32,C,I,20250217,19,R0FP,,,Daniel Rincon,L,185,ESP,22.114,254,218,E687,,,Daniel Evans,R,175,GBR,34.741,167,340,7-6(7) 7-6(9),3,R16,141,7,4,98,60,44,14,12,6,9,5,1,78,44,32,19,12,1,4
2025-7916,Glasgow,Hard,32,C,I,20250217,20,D0DP,4,,Liam Draxl,R,185,CAN,23.203,184,318,Z419,,,Bernabe Zapata Miralles,R,183,ESP,28.099,323,160,6-3 6-2,3,R16,70,5,2,45,34,29,5,8,0,0,3,1,54,37,23,6,9,1,5
2025-7916,Glasgow,Hard,32,C,I,20250217,21,B0U4,,,Nicolai Budkov Kjaer,R,191,NOR,18.464,439,101,BV24,,,Raul Brancaccio,R,183,ITA,27.792,434,103,6-4 7-6(7),3,R16,91,8,0,67,46,37,14,11,1,1,2,6,86,57,41,13,11,3,4
2025-7916,Glasgow,Hard,32,C,I,20250217,22,MW76,,,Matteo Martineau,R,183,FRA,26.089,278,193,Z09Z,,,Beibit Zhukayev,R,198,KAZ,24.35,221,260,6-4 6-4,3,R16,80,12,1,59,40,31,12,10,1,1,9,1,60,34,26,14,10,3,5
2025-7916,Glasgow,Hard,32,C,I,20250217,23,M0ON,,,Johannus Monday,L,198,GBR,23.072,300,174,H0DC,,,Giles Hussey,L,185,GBR,27.732,383,126,7-5 6-3,3,R16,93,4,0,46,27,22,18,10,0,0,5,7,87,46,33,16,11,11,14
2025-7916,Glasgow,Hard,32,C,I,20250217,24,Y171,,,Denis Yevseyev,R,188,KAZ,31.743,262,204,H0BF,,,Philip Henning,R,180,RSA,24.271,331,154,6-2 6-3,3,R16,65,9,2,59,40,34,7,9,4,4,2,0,48,26,16,9,8,1,4
2025-7916,Glasgow,Hard,32,C,I,20250217,25,B0U4,,,Nicolai Budkov Kjaer,R,191,NOR,18.464,439,101,D0DP,4,,Liam Draxl,R,185,CAN,23.203,184,318,6-3 1-6 6-1,3,QF,107,10,0,73,48,37,10,12,2,4,1,0,76,59,37,7,11,5,8
2025-7916,Glasgow,Hard,32,C,I,20250217,26,DC76,,,Viktor Durasovic,R,185,NOR,27.918,280,190,MW76,,,Matteo Martineau,R,183,FRA,26.089,278,193,4-6 6-3 7-6(3),3,QF,156,10,2,116,76,56,19,16,7,9,12,5,111,73,54,16,15,7,9
2025-7916,Glasgow,Hard,32,C,I,20250217,27,R0ED,,,Max Hans Rehberg,R,183,GER,21.432,256,215,M0ON,,,Johannus Monday,L,198,GBR,23.072,300,174,7-6(5) 4-6 4-2 RET,3,QF,131,6,1,83,61,47,12,14,2,3,8,2,82,57,44,14,14,2,3
2025-7916,Glasgow,Hard,32,C,I,20250217,28,R0FP,,,Daniel Rincon,L,185,ESP,22.114,254,218,Y171,,,Denis Yevseyev,R,188,KAZ,31.743,262,204,6-3 6-3,3,QF,66,10,2,57,34,28,11,9,3,3,3,0,48,27,17,12,9,2,5
2025-7916,Glasgow,Hard,32,C,I,20250217,29,B0U4,,,Nicolai Budkov Kjaer,R,191,NOR,18.464,439,101,R0ED,,,Max Hans Rehberg,R,183,GER,21.432,256,215,6-3 7-6(3),3,SF,89,11,1,64,47,37,12,11,2,3,1,3,61,42,30,8,10,0,2
2025-7916,Glasgow,Hard,32,C,I,20250217,30,DC76,,,Viktor Durasovic,R,185,NOR,27.918,280,190,R0FP,,,Daniel Rincon,L,185,ESP,22.114,254,218,6-7(2) 6-3 6-0,3,SF,134,4,2,73,45,35,13,13,2,4,8,2,115,65,42,17,14,13,20
2025-7916,Glasgow,Hard,32,C,I,20250217,31,B0U4,,,Nicolai Budkov Kjaer,R,191,NOR,18.464,439,101,DC76,,,Viktor Durasovic,R,185,NOR,27.918,280,190,6-4 6-3,3,F,76,3,1,48,33,27,13,10,0,0,6,3,63,40,26,12,9,2,4
2025-9162,Pau,Hard,32,C,I,20250217,1,F0BY,1,,Jacob Fearnley,R,183,GBR,23.595,81,731,P0HP,,,Lukas Pokorny,R,191,SVK,22.971,443,101,6-4 6-4,3,R32,83,2,3,64,41,32,14,10,3,3,9,2,67,39,28,12,10,3,5
2025-9162,Pau,Hard,32,C,I,20250217,2,C0JP,2,,Raphael Collignon,R,191,BEL,23.097,122,487,B0A0,,,Maxence Beauge,R,183,FRA,24.695,695,40,7-6(3) 4-6 6-3,3,R32,125,6,8,94,67,53,9,16,4,8,11,0,91,66,45,13,15,3,7
2025-9162,Pau,Hard,32,C,I,20250217,3,G628,3,,Richard Gasquet,R,183,FRA,38.669,141,421,BV21,,,Charles Broom,R,178,GBR,26.82,304,172,6-3 7-6(4),3,R32,96,11,1,77,47,36,17,11,7,8,11,0,67,45,31,13,10,7,9
2025-9162,Pau,Hard,32,C,I,20250217,4,B0ER,,,Arthur Bouquier,R,188,FRA,24.148,251,219,L0IL,4,,Martin Landaluce,R,193,ESP,19.11,133,448,6-7(3) 6-3 7-5,3,R32,142,20,4,100,68,49,17,16,3,5,3,6,112,76,49,20,17,6,11
2025-9162,Pau,Hard,32,C,I,20250217,5,M0G4,5,,Harold Mayot,R,180,FRA,23.036,135,447,C0AJ,,,Jie Cui,R,183,CHN,27.066,282,188,6-2 6-2,3,R32,82,6,2,57,36,26,10,8,4,5,2,0,61,44,22,5,8,8,13
2025-9162,Pau,Hard,32,C,I,20250217,6,CG04,,,Pedro Cachin,R,185,ARG,29.854,284,185,BK24,6,,Gregoire Barrere,R,183,FRA,31.003,150,381,7-5 6-3,3,R32,78,2,1,71,48,33,8,11,3,6,1,3,60,35,21,10,10,0,5
2025-9162,Pau,Hard,32,C,I,20250217,7,B0PG,7,,Alexander Blockx,R,193,BEL,19.863,158,367,GH33,,,Manuel Guinard,R,198,FRA,29.259,286,184,2-3 RET,3,R32,24,1,1,18,7,5,5,3,3,4,0,0,11,6,5,3,2,0,0
2025-9162,Pau,Hard,32,C,I,20250217,8,KI63,8,,Lukas Klein,R,193,SVK,26.91,151,372,E768,,,Antoine Escoffier,R,185,FRA,32.969,211,270,6-3 6-4,3,R32,62,4,2,53,34,29,10,10,1,2,6,4,45,29,23,6,9,0,3
2025-9162,Pau,Hard,32,C,I,20250217,9,B0JJ,,,Robin Bertrand,R,178,FRA,21.93,274,196,D0DB,,,Pierre Delage,R,198,FRA,24.071,986,15,6-4 6-2,3,R32,70,2,1,47,35,29,9,9,1,1,9,4,59,33,27,8,9,3,6
2025-9162,Pau,Hard,32,C,I,20250217,10,C0HT,,,Murphy Cassone,R,188,USA,22.508,259,210,V0DZ,,,Luca Van Assche,R,178,FRA,20.772,152,372,2-6 6-0 6-2,3,R32,93,7,1,67,49,34,11,11,5,7,3,5,71,47,28,10,11,3,8
2025-9162,Pau,Hard,32,C,I,20250217,11,F0DM,,,Arthur Fery,R,175,GBR,22.604,579,60,SX90,,,Fajing Sun,R,178,CHN,28.375,279,192,6-1 1-6 6-3,3,R32,105,10,2,65,43,31,10,12,0,3,1,4,86,54,30,15,11,4,8
2025-9162,Pau,Hard,32,C,I,20250217,12,KD87,,,Evgeny Karlovskiy,R,191,RUS,30.533,411,113,J620,,,Maxime Janvier,R,196,FRA,28.334,291,181,6-4 6-7(6) 6-4,3,R32,125,6,1,100,71,54,11,16,4,7,9,8,111,69,45,21,16,9,14
2025-9162,Pau,Hard,32,C,I,20250217,13,M0JZ,,,Filip Misolic,R,180,AUT,23.529,257,214,B0MM,,,Edas Butvilas,R,191,LTU,20.572,242,234,4-6 7-5 6-3,3,R32,128,1,3,96,65,41,20,16,5,9,10,3,97,58,39,17,15,6,11
2025-9162,Pau,Hard,32,C,I,20250217,14,PJ74,,,Lucas Poullain,R,175,FRA,29.205,448,96,G0FW,,,Vilius Gaubas,R,178,LTU,20.137,181,321,5-7 6-2 6-0,3,R32,137,0,2,84,61,36,15,13,4,7,1,3,85,59,35,6,13,2,9
2025-9162,Pau,Hard,32,C,I,20250217,15,V717,,,Alexey Vatutin,R,178,RUS,32.309,329,155,H996,,,Pierre-Hugues Herbert,R,188,FRA,33.922,163,353,6-4 7-6(5),3,R32,106,0,3,72,58,36,6,11,3,6,20,6,90,57,42,6,11,6,10
2025-9162,Pau,Hard,32,C,I,20250217,16,Z09F,,,Patrick Zahraj,R,191,GER,25.591,445,98,K0E6,,,Alibek Kachmazov,R,185,RUS,22.505,197,308,6-3 6-1,3,R32,73,2,2,53,31,26,10,8,1,1,7,3,53,32,20,8,8,6,10
2025-9162,Pau,Hard,32,C,I,20250217,17,F0BY,1,,Jacob Fearnley,R,183,GBR,23.595,81,731,KD87,,,Evgeny Karlovskiy,R,191,RUS,30.533,411,113,6-4 6-2,3,R16,90,2,5,63,35,25,15,9,2,4,3,0,79,58,31,7,9,9,14
2025-9162,Pau,Hard,32,C,I,20250217,18,C0JP,2,,Raphael Collignon,R,191,BEL,23.097,122,487,V717,,,Alexey Vatutin,R,178,RUS,32.309,329,155,6-0 6-1,3,R16,61,2,5,44,26,20,10,6,2,2,1,2,45,27,10,7,7,4,10
2025-9162,Pau,Hard,32,C,I,20250217,19,F0DM,,,Arthur Fery,R,175,GBR,22.604,579,60,G628,3,,Richard Gasquet,R,183,FRA,38.669,141,421,W/O,3,R16,,,,,,,,,,,,,,,,,,,
2025-9162,Pau,Hard,32,C,I,20250217,20,Z09F,,,Patrick Zahraj,R,191,GER,25.591,445,98,M0G4,5,,Harold Mayot,R,180,FRA,23.036,135,447,6-2 6-4,3,R16,79,6,0,48,28,22,10,9,1,3,5,0,53,36,20,7,9,2,7
2025-9162,Pau,Hard,32,C,I,20250217,21,C0HT,,,Murphy Cassone,R,188,USA,22.508,259,210,B0PG,7,,Alexander Blockx,R,193,BEL,19.863,158,367,6-2 6-2,3,R16,65,3,1,49,31,24,11,8,1,1,4,7,52,34,19,8,8,4,8
2025-9162,Pau,Hard,32,C,I,20250217,22,KI63,8,,Lukas Klein,R,193,SVK,26.91,151,372,PJ74,,,Lucas Poullain,R,175,FRA,29.205,448,96,6-3 7-5,3,R16,86,4,2,58,41,33,8,11,3,5,0,2,65,46,23,12,10,3,7
2025-9162,Pau,Hard,32,C,I,20250217,23,B0ER,,,Arthur Bouquier,R,188,FRA,24.148,251,219,B0JJ,,,Robin Bertrand,R,178,FRA,21.93,274,196,5-7 7-6(3) 7-6(8),3,R16,157,30,9,108,81,63,9,18,3,7,2,3,127,83,50,28,18,5,8
2025-9162,Pau,Hard,32,C,I,20250217,24,M0JZ,,,Filip Misolic,R,180,AUT,23.529,257,214,CG04,,,Pedro Cachin,R,185,ARG,29.854,284,185,6-4 3-6 6-2,3,R16,103,4,1,72,42,31,23,13,3,4,9,2,83,59,46,9,14,7,10
2025-9162,Pau,Hard,32,C,I,20250217,25,KI63,8,,Lukas Klein,R,193,SVK,26.91,151,372,F0BY,1,,Jacob Fearnley,R,183,GBR,23.595,81,731,6-3 6-3,3,QF,82,6,1,60,39,33,7,9,6,7,1,8,70,32,17,21,9,7,11
2025-9162,Pau,Hard,32,C,I,20250217,26,C0JP,2,,Raphael Collignon,R,191,BEL,23.097,122,487,M0JZ,,,Filip Misolic,R,180,AUT,23.529,257,214,6-4 6-3,3,QF,69,4,2,45,36,30,6,9,0,0,0,0,58,43,28,6,10,5,8
2025-9162,Pau,Hard,32,C,I,20250217,27,B0ER,,,Arthur Bouquier,R,188,FRA,24.148,251,219,C0HT,,,Murphy Cassone,R,188,USA,22.508,259,210,4-6 7-6(9) 6-2,3,QF,121,18,3,94,64,51,18,15,1,2,6,3,105,77,53,18,15,4,6
2025-9162,Pau,Hard,32,C,I,20250217,28,Z09F,,,Patrick Zahraj,R,191,GER,25.591,445,98,F0DM,,,Arthur Fery,R,175,GBR,22.604,579,60,6-3 3-6 6-3,3,QF,122,13,4,83,51,40,18,14,1,2,4,0,91,61,43,14,13,6,8
2025-9162,Pau,Hard,32,C,I,20250217,29,C0JP,2,,Raphael Collignon,R,191,BEL,23.097,122,487,B0ER,,,Arthur Bouquier,R,188,FRA,24.148,251,219,6-4 7-6(5),3,SF,91,2,3,75,44,33,16,11,1,2,5,2,64,41,32,12,11,1,3
2025-9162,Pau,Hard,32,C,I,20250217,30,Z09F,,,Patrick Zahraj,R,191,GER,25.591,445,98,KI63,8,,Lukas Klein,R,193,SVK,26.91,151,372,6-3 6-4,3,SF,74,9,2,59,42,36,6,10,1,1,9,3,57,39,26,8,9,1,3
2025-9162,Pau,Hard,32,C,I,20250217,31,C0JP,2,,Raphael Collignon,R,191,BEL,23.097,122,487,Z09F,,,Patrick Zahraj,R,191,GER,25.591,445,98,6-2 6-4,3,F,92,5,4,63,39,29,12,9,7,8,2,2,63,43,23,11,9,6,10
2025-2913,Kigali 1,Clay,32,C,O,20250224,1,MF35,,,Andrej Martin,R,183,SVK,35.431,427,108,D0C1,1,,Jesper de Jong,R,180,NED,24.736,105,562,7-6(1) 6-3,3,R32,103,6,4,75,48,37,17,11,3,3,9,2,69,38,29,15,10,1,2
2025-2913,Kigali 1,Clay,32,C,O,20250224,2,TE16,2,,Carlos Taberner,R,183,ESP,27.548,173,330,P0DR,,,Andrea Picchione,R,183,ITA,26.719,352,143,6-2 6-2,3,R32,93,2,1,46,22,19,17,8,5,5,4,5,64,36,24,9,8,9,13
2025-2913,Kigali 1,Clay,32,C,O,20250224,3,R0EB,3,,Valentin Royer,R,188,FRA,23.743,182,315,CD00,,,Maxime Chazal,R,175,FRA,31.838,328,158,6-3 6-4,3,R32,87,4,2,50,31,26,12,10,0,1,4,5,59,32,22,11,9,4,7
2025-2913,Kigali 1,Clay,32,C,O,20250224,4,N663,,,Maximilian Neuchrist,R,,AUT,33.596,561,63,HB48,4,,Calvin Hemery,R,191,FRA,30.075,171,336,6-4 2-0 RET,3,R32,65,1,0,38,20,15,12,6,2,2,5,1,37,17,12,9,6,1,3
2025-2913,Kigali 1,Clay,32,C,O,20250224,5,N0CS,5,,Lukas Neumayer,R,183,AUT,22.47,210,267,P0JG,,,Gabriele Pennaforti,R,191,ITA,24.446,420,111,4-6 6-2 6-4,3,R32,165,4,1,87,53,37,19,14,5,7,9,10,95,58,39,16,14,5,9
2025-2913,Kigali 1,Clay,32,C,O,20250224,6,J09X,6,,Filip Cristian Jianu,R,180,ROU,23.436,228,242,I0A7,,,Nicholas David Ionel,R,,ROU,22.371,368,136,6-4 6-4,3,R32,96,2,0,51,33,24,13,10,1,2,2,8,71,44,30,11,10,3,6
2025-2913,Kigali 1,Clay,32,C,O,20250224,7,P0AY,,,Luka Pavlovic,R,196,FRA,24.906,363,137,RB60,7,,Oriol Roca Batalla,R,175,ESP,31.822,252,219,6-2 6-4,3,R32,,,,,,,,,,,,,,,,,,,
2025-2913,Kigali 1,Clay,32,C,O,20250224,8,CF01,,,Marco Cecchinato,R,185,ITA,32.402,425,109,BU54,,,Geoffrey Blancaneaux,R,180,FRA,26.549,221,252,6-4 6-4,3,R32,105,6,4,70,45,37,13,10,8,8,8,5,63,41,31,10,10,6,8
2025-2913,Kigali 1,Clay,32,C,O,20250224,9,C0HB,,,Eliakim Coulibaly,L,180,CIV,22.809,337,153,M0E1,,,Daniel Michalski,R,180,POL,25.123,338,152,6-4 6-4,3,R32,89,7,3,63,43,32,13,10,4,4,3,0,50,33,22,14,10,1,3
2025-2913,Kigali 1,Clay,32,C,O,20250224,10,D0H9,,,Guy Den Ouden,R,183,NED,22.883,336,153,T09X,,,Clement Tabur,R,173,FRA,25.087,341,150,7-6(3) 6-4,3,R32,132,4,1,90,52,36,21,11,5,7,2,8,69,37,24,17,11,1,4
2025-2913,Kigali 1,Clay,32,C,O,20250224,11,E0AC,,,Mathys Erhard,R,188,FRA,23.332,303,173,J0D2,,,Maximus Jones,R,185,THA,20.471,635,49,6-3 7-5,3,R32,111,3,2,68,40,30,17,11,6,7,2,4,70,44,32,6,10,5,8
2025-2913,Kigali 1,Clay,32,C,O,20250224,12,H0CX,,,Max Houkes,L,188,NED,24.646,302,173,J620,,,Maxime Janvier,R,196,FRA,28.353,285,184,6-3 6-4,3,R32,83,4,5,62,39,31,9,9,3,4,6,11,62,37,25,10,10,8,12
2025-2913,Kigali 1,Clay,32,C,O,20250224,13,M0EY,,,Alex Marti Pujolras,R,185,ESP,26.04,344,149,KE36,,,Dominik Kellovsky,R,183,CZE,28.589,526,72,7-6(11) 6-2,3,R32,111,8,5,70,48,37,11,10,1,2,3,2,72,47,29,15,10,4,7
2025-2913,Kigali 1,Clay,32,C,O,20250224,14,O0AD,,,Neil Oberleitner,R,191,AUT,25.558,439,102,GH33,,,Manuel Guinard,R,198,FRA,29.279,286,184,7-5 2-0 RET,3,R32,78,9,1,44,25,18,10,7,3,4,5,4,55,21,13,15,7,8,11
2025-2913,Kigali 1,Clay,32,C,O,20250224,15,S0CG,,,Carlos Sanchez Jover,L,173,ESP,24.597,262,205,DF92,,,Corentin Denolly,L,188,FRA,27.721,323,162,6-3 6-3,3,R32,74,3,2,49,38,28,8,9,3,4,3,8,64,30,23,10,9,6,10
2025-2913,Kigali 1,Clay,32,C,O,20250224,16,S0WT,,,Joel Schwaerzler,L,188,AUT,19.077,311,166,KH56,,,Zdenek Kolar,R,183,CZE,28.378,384,126,6-4 6-4,3,R32,101,5,2,68,47,33,11,10,5,6,1,3,66,44,28,11,10,6,9
2025-2913,Kigali 1,Clay,32,C,O,20250224,17,CF01,,,Marco Cecchinato,R,185,ITA,32.402,425,109,TE16,2,,Carlos Taberner,R,183,ESP,27.548,173,330,7-6(6) 7-5,3,R16,138,4,4,86,53,34,14,12,5,10,3,4,84,49,28,15,12,6,12
2025-2913,Kigali 1,Clay,32,C,O,20250224,18,R0EB,3,,Valentin Royer,R,188,FRA,23.743,182,315,D0H9,,,Guy Den Ouden,R,183,NED,22.883,336,153,4-6 6-1 7-6(4),3,R16,136,2,4,88,53,40,22,15,3,5,7,5,92,51,37,21,14,4,7
2025-2913,Kigali 1,Clay,32,C,O,20250224,19,N0CS,5,,Lukas Neumayer,R,183,AUT,22.47,210,267,S0CG,,,Carlos Sanchez Jover,L,173,ESP,24.597,262,205,6-4 3-6 7-5,3,R16,147,2,3,105,63,42,20,15,4,8,1,5,101,66,47,12,16,5,10
2025-2913,Kigali 1,Clay,32,C,O,20250224,20,J09X,6,,Filip Cristian Jianu,R,180,ROU,23.436,228,242,O0AD,,,Neil Oberleitner,R,191,AUT,25.558,439,102,7-6(5) 6-3,3,R16,100,4,0,63,50,41,8,11,1,1,7,3,68,43,31,15,10,4,5
2025-2913,Kigali 1,Clay,32,C,O,20250224,21,E0AC,,,Mathys Erhard,R,188,FRA,23.332,303,173,P0AY,,,Luka Pavlovic,R,196,FRA,24.906,363,137,6-7(3) 7-6(2) 3-0 RET,3,R16,135,10,1,83,50,40,24,14,2,2,22,4,78,47,36,20,13,0,1
2025-2913,Kigali 1,Clay,32,C,O,20250224,22,H0CX,,,Max Houkes,L,188,NED,24.646,302,173,C0HB,,,Eliakim Coulibaly,L,180,CIV,22.809,337,153,7-6(6) 6-3,3,R16,110,1,4,59,35,28,11,10,1,4,0,4,80,53,37,7,11,8,13
2025-2913,Kigali 1,Clay,32,C,O,20250224,23,MF35,,,Andrej Martin,R,183,SVK,35.431,427,108,M0EY,,,Alex Marti Pujolras,R,185,ESP,26.04,344,149,6-2 5-7 6-3,3,R16,149,2,3,103,59,41,23,14,10,12,7,10,106,57,39,21,15,6,11
2025-2913,Kigali 1,Clay,32,C,O,20250224,24,N663,,,Maximilian Neuchrist,R,,AUT,33.596,561,63,S0WT,,,Joel Schwaerzler,L,188,AUT,19.077,311,166,4-6 7-6(5) 6-1,3,R16,156,5,1,93,60,42,21,14,6,8,5,4,89,50,36,22,15,9,13
2025-2913,Kigali 1,Clay,32,C,O,20250224,25,R0EB,3,,Valentin Royer,R,188,FRA,23.743,182,315,J09X,6,,Filip Cristian Jianu,R,180,ROU,23.436,228,242,6-7(4) 7-6(4) 7-6(3),3,QF,186,13,5,110,77,61,22,18,1,2,5,2,114,80,61,20,18,1,2
2025-2913,Kigali 1,Clay,32,C,O,20250224,26,CF01,,,Marco Cecchinato,R,185,ITA,32.402,425,109,N0CS,5,,Lukas Neumayer,R,183,AUT,22.47,210,267,6-3 6-7(7) 7-5,3,QF,151,2,4,105,67,43,20,17,4,8,4,3,107,68,48,15,16,8,14
2025-2913,Kigali 1,Clay,32,C,O,20250224,27,MF35,,,Andrej Martin,R,183,SVK,35.431,427,108,E0AC,,,Mathys Erhard,R,188,FRA,23.332,303,173,6-2 6-4,3,QF,71,1,1,51,33,21,12,9,0,2,0,4,48,30,17,6,9,1,6
2025-2913,Kigali 1,Clay,32,C,O,20250224,28,N663,,,Maximilian Neuchrist,R,,AUT,33.596,561,63,H0CX,,,Max Houkes,L,188,NED,24.646,302,173,6-4 5-7 7-6(5),3,QF,187,7,3,121,80,52,24,17,3,6,9,5,94,65,46,20,17,1,4
2025-2913,Kigali 1,Clay,32,C,O,20250224,29,R0EB,3,,Valentin Royer,R,188,FRA,23.743,182,315,CF01,,,Marco Cecchinato,R,185,ITA,32.402,425,109,7-5 3-6 6-1,3,SF,117,5,2,84,50,39,17,14,5,8,3,6,78,51,38,8,14,4,9
2025-2913,Kigali 1,Clay,32,C,O,20250224,30,MF35,,,Andrej Martin,R,183,SVK,35.431,427,108,N663,,,Maximilian Neuchrist,R,,AUT,33.596,561,63,3-6 6-4 7-6(5),3,SF,155,8,4,86,52,36,22,15,3,6,1,2,109,81,52,15,16,3,6
2025-2913,Kigali 1,Clay,32,C,O,20250224,31,R0EB,3,,Valentin Royer,R,188,FRA,23.743,182,315,MF35,,,Andrej Martin,R,183,SVK,35.431,427,108,6-1 6-2,3,F,66,7,1,46,34,25,7,8,2,3,2,3,52,30,17,7,7,2,7
2025-2971,San Diego,Hard,32,C,O,20250224,1,C0H0,1,,Arthur Cazaux,R,183,FRA,22.508,101,582,TC01,,,Li Tu,R,183,AUS,28.747,170,336,6-3 6-4,3,R32,84,13,3,61,30,24,16,10,5,7,0,6,61,34,20,11,9,7,11
2025-2971,San Diego,Hard,32,C,O,20250224,2,BI81,,,Alex Bolt,L,183,AUS,32.137,194,307,B0EJ,,,Tristan Boyer,R,188,USA,23.847,113,523,6-3 7-6(4),3,R32,99,4,0,71,44,32,15,11,3,5,1,3,61,40,27,9,10,5,8
2025-2971,San Diego,Hard,32,C,O,20250224,3,MK66,4,,Mackenzie McDonald,R,178,USA,29.862,115,513,SM88,,,Karue Sell,R,183,BRA,31.283,274,195,6-3 6-3,3,R32,65,2,4,48,28,22,10,9,3,5,0,3,53,29,18,7,9,4,9
2025-2971,San Diego,Hard,32,C,O,20250224,4,MQ75,5,,Kamil Majchrzak,R,183,POL,29.117,118,504,S0ZE,,,Colton Smith,R,183,USA,21.977,260,209,7-6(3) 6-4,3,R32,93,3,1,69,42,27,18,11,4,5,4,2,69,51,36,7,11,2,4
2025-2971,San Diego,Hard,32,C,O,20250224,5,DA81,6,,Taro Daniel,R,191,JPN,32.077,119,501,F510,,,Tyler Zink,R,178,ITA,37.758,93,629,6-4 6-4,3,R32,75,5,3,53,33,28,13,10,3,3,3,4,63,35,23,16,10,3,5
2025-2971,San Diego,Hard,32,C,O,20250224,6,KC12,7,,Mitchell Krueger,R,188,USA,31.118,138,423,AG08,,,Andres Andrade,R,180,ECU,26.198,239,232,6-4 3-6 6-1,3,R32,125,1,3,79,47,33,19,13,3,5,4,5,88,46,27,25,13,8,12
2025-2971,San Diego,Hard,32,C,O,20250224,7,Q02L,8,,Ethan Quinn,R,191,USA,20.956,142,413,P0J1,,,Alfredo Perez,L,191,MEX,19.836,355,142,6-4 7-6(3),3,R32,118,2,6,87,47,34,20,11,8,11,2,4,78,44,25,17,11,2,6
2025-2971,San Diego,Hard,32,C,O,20250224,8,B0CD,,,Jenson Brooksby,R,193,USA,24.331,1098,10,W0BH,,,Coleman Wong,R,191,HKG,20.72,166,343,6-2 6-4,3,R32,79,0,3,60,35,23,18,9,4,4,3,3,62,35,23,13,9,5,8
2025-2971,San Diego,Hard,32,C,O,20250224,9,G0GD,,,Matteo Gigante,L,180,ITA,23.14,200,293,N771,,,Rohan Murali,L,188,GBR,29.509,74,784,6-2 6-4,3,R32,84,3,3,57,34,27,7,9,3,5,0,8,59,30,17,13,9,3,8
2025-2971,San Diego,Hard,32,C,O,20250224,10,LB66,,,Constant Lestienne,R,180,FRA,32.758,169,336,D0D4,,,Stefan Dostanic,R,188,USA,23.307,490,82,6-3 6-4,3,R32,92,2,3,60,29,19,18,10,4,6,2,2,68,43,26,8,9,5,9
2025-2971,San Diego,Hard,32,C,O,20250224,11,M0NP,,,Andres Martin,R,183,USA,23.636,528,71,S0K7,,,Zachary Svajda,R,175,USA,22.24,184,314,6-4 3-6 6-3,3,R32,123,2,3,81,49,37,18,14,1,3,2,8,96,49,34,24,14,2,5
2025-2971,San Diego,Hard,32,C,O,20250224,12,MP01,,,Michael Mmoh,R,188,USA,27.124,276,194,B0I5,,,Blaise Bicknell,R,191,JAM,23.247,1056,12,2-6 7-6(4) 6-4,3,R32,180,7,13,126,77,52,18,15,11,17,1,5,102,64,39,18,15,8,13
2025-2971,San Diego,Hard,32,C,O,20250224,13,N0AL,,,Govind Nanda,R,178,USA,24.019,423,109,A0GC,,,Terence Atmane,L,193,FRA,23.127,157,361,7-6(5) 4-6 7-5,3,R32,164,4,2,116,74,53,23,17,6,7,11,8,108,63,49,27,17,4,5
2025-2971,San Diego,Hard,32,C,O,20250224,14,RG42,,,Alex Rybakov,L,185,USA,28.077,593,57,A829,,,Radu Albot,R,175,MDA,35.288,178,319,7-6(2) 6-3,3,R32,109,3,1,86,53,37,16,11,7,9,0,5,69,43,25,12,10,3,6
2025-2971,San Diego,Hard,32,C,O,20250224,15,S0JA,,,Eliot Spizzirri,R,185,USA,23.173,188,311,H0CD,,,Alex Hernandez,R,175,MEX,25.676,653,45,6-3 6-1,3,R32,69,3,0,43,26,23,10,8,1,1,0,3,51,30,16,9,8,1,5
2025-2971,San Diego,Hard,32,C,O,20250224,16,S0VM,,,Trevor Svajda,R,175,USA,18.85,668,43,P0HT,,,Jack Pinnington Jones,R,180,GBR,21.908,354,142,6-3 7-6(4),3,R32,106,1,2,81,46,29,19,11,6,9,3,3,68,42,25,11,10,0,4
2025-2971,San Diego,Hard,32,C,O,20250224,17,C0H0,1,,Arthur Cazaux,R,183,FRA,22.508,101,582,LB66,,,Constant Lestienne,R,180,FRA,32.758,169,336,7-5 6-4,3,R16,111,8,2,66,39,32,11,11,2,4,4,4,83,45,28,17,11,7,11
2025-2971,San Diego,Hard,32,C,O,20250224,18,MK66,4,,Mackenzie McDonald,R,178,USA,29.862,115,513,G0GD,,,Matteo Gigante,L,180,ITA,23.14,200,293,6-3 7-5,3,R16,98,5,2,71,44,31,14,10,8,10,3,6,75,37,25,15,11,7,12
2025-2971,San Diego,Hard,32,C,O,20250224,19,MQ75,5,,Kamil Majchrzak,R,183,POL,29.117,118,504,MP01,,,Michael Mmoh,R,188,USA,27.124,276,194,7-5 7-5,3,R16,121,6,0,83,53,41,14,12,7,8,9,3,73,52,35,11,12,5,8
2025-2971,San Diego,Hard,32,C,O,20250224,20,DA81,6,,Taro Daniel,R,191,JPN,32.077,119,501,RG42,,,Alex Rybakov,L,185,USA,28.077,593,57,7-6(9) 7-6(1),3,R16,145,2,3,103,58,45,26,12,12,13,4,3,87,54,41,17,12,3,4
2025-2971,San Diego,Hard,32,C,O,20250224,21,S0VM,,,Trevor Svajda,R,175,USA,18.85,668,43,KC12,7,,Mitchell Krueger,R,188,USA,31.118,138,423,6-3 6-3,3,R16,78,0,3,52,31,24,11,9,2,3,4,5,69,45,26,11,9,12,16
2025-2971,San Diego,Hard,32,C,O,20250224,22,Q02L,8,,Ethan Quinn,R,191,USA,20.956,142,413,B0CD,,,Jenson Brooksby,R,193,USA,24.331,1098,10,6-3 5-7 7-6(5),3,R16,156,3,4,114,55,38,28,17,7,13,1,6,92,52,35,19,16,5,11
2025-2971,San Diego,Hard,32,C,O,20250224,23,BI81,,,Alex Bolt,L,183,AUS,32.137,194,307,N0AL,,,Govind Nanda,R,178,USA,24.019,423,109,6-4 6-3,3,R16,92,5,1,78,43,30,21,10,9,9,2,0,55,36,24,11,9,5,7
2025-2971,San Diego,Hard,32,C,O,20250224,24,S0JA,,,Eliot Spizzirri,R,185,USA,23.173,188,311,M0NP,,,Andres Martin,R,183,USA,23.636,528,71,1-6 6-1 6-4,3,R16,128,3,1,67,50,32,11,12,2,5,3,3,87,46,27,22,12,11,15
2025-2971,San Diego,Hard,32,C,O,20250224,25,Q02L,8,,Ethan Quinn,R,191,USA,20.956,142,413,C0H0,1,,Arthur Cazaux,R,183,FRA,22.508,101,582,7-5 6-7(1) 6-4,3,QF,195,4,2,130,78,50,28,17,16,19,7,4,121,63,43,31,17,9,14
2025-2971,San Diego,Hard,32,C,O,20250224,26,MK66,4,,Mackenzie McDonald,R,178,USA,29.862,115,513,S0VM,,,Trevor Svajda,R,175,USA,18.85,668,43,6-3 6-4,3,QF,93,5,4,73,41,27,15,9,11,13,3,1,69,37,20,15,10,7,12
2025-2971,San Diego,Hard,32,C,O,20250224,27,MQ75,5,,Kamil Majchrzak,R,183,POL,29.117,118,504,BI81,,,Alex Bolt,L,183,AUS,32.137,194,307,7-6(2) 1-1 RET,3,QF,74,0,2,49,29,22,11,7,5,6,4,2,57,32,22,11,7,3,4
2025-2971,San Diego,Hard,32,C,O,20250224,28,S0JA,,,Eliot Spizzirri,R,185,USA,23.173,188,311,DA81,6,,Taro Daniel,R,191,JPN,32.077,119,501,6-7(2) 6-0 6-4,3,QF,136,6,2,83,54,42,15,14,2,3,3,5,104,57,32,26,14,8,13
2025-2971,San Diego,Hard,32,C,O,20250224,29,MK66,4,,Mackenzie McDonald,R,178,USA,29.862,115,513,MQ75,5,,Kamil Majchrzak,R,183,POL,29.117,118,504,3-6 6-1 6-1,3,SF,105,10,5,66,43,32,9,11,2,4,2,3,84,41,25,17,12,9,15
2025-2971,San Diego,Hard,32,C,O,20250224,30,S0JA,,,Eliot Spizzirri,R,185,USA,23.173,188,311,Q02L,8,,Ethan Quinn,R,191,USA,20.956,142,413,6-3 4-6 6-3,3,SF,140,3,6,111,73,48,19,14,15,18,5,3,88,46,26,23,14,3,8
2025-2971,San Diego,Hard,32,C,O,20250224,31,S0JA,,,Eliot Spizzirri,R,185,USA,23.173,188,311,MK66,4,,Mackenzie McDonald,R,178,USA,29.862,115,513,6-4 2-6 6-4,3,F,128,0,0,91,62,42,15,14,5,8,2,1,77,43,29,22,14,1,4
2025-7808,Bengaluru,Hard,32,C,O,20250224,1,B0OU,,,Hynek Barton,R,183,CZE,20.89,402,118,KI82,1,,Vit Kopriva,R,178,CZE,27.696,121,491,4-6 6-4 6-3,3,R32,123,7,2,96,50,39,25,15,4,5,4,4,76,45,38,15,14,1,3
2025-7808,Bengaluru,Hard,32,C,O,20250224,2,S0N0,2,,Tristan Schoolkate,R,183,AUS,23.995,133,446,SR81,,,Khumoyun Sultanov,R,180,UZB,26.33,220,254,7-5 6-7(5) 6-3,3,R32,142,14,3,94,57,45,21,16,3,5,4,6,109,56,42,22,17,5,10
2025-7808,Bengaluru,Hard,32,C,O,20250224,3,H09P,3,,Brandon Holt,R,185,USA,26.888,144,409,VA25,,,Valentin Vacherot,R,193,MON,26.275,257,214,6-4 6-4,3,R32,75,7,1,62,35,29,16,10,4,4,8,2,57,33,25,13,10,6,8
2025-7808,Bengaluru,Hard,32,C,O,20250224,4,M0AW,,,Nicolas Mejia,R,183,COL,25.038,208,270,M0K4,4,,Elmer Moller,R,183,DEN,21.632,155,372,6-3 6-4,3,R32,87,5,1,56,40,29,11,10,0,1,2,8,63,26,20,16,9,6,9
2025-7808,Bengaluru,Hard,32,C,O,20250224,5,M0OQ,,,James McCabe,R,188,AUS,21.643,207,271,J0AZ,5,,Kyrian Jacquet,R,175,FRA,23.792,152,376,6-7(8) 6-1 6-2,3,R32,127,23,3,104,61,51,18,14,7,8,7,6,77,42,30,17,13,1,6
2025-7808,Bengaluru,Hard,32,C,O,20250224,6,A09U,,,Nicolas Alvarez Varona,R,188,ESP,23.773,321,162,BV16,6,,Ugo Blanchet,R,175,FRA,26.138,158,360,6-3 4-2 RET,3,R32,61,4,2,43,28,20,10,7,0,0,4,2,51,22,17,13,8,2,5
2025-7808,Bengaluru,Hard,32,C,O,20250224,7,M0HU,7,,Shintaro Mochizuki,R,175,JPN,21.733,167,340,RB56,,,Ramkumar Ramanathan,R,188,IND,30.297,446,97,7-6(3) 7-5,3,R32,109,7,4,77,49,36,14,12,1,3,14,7,83,48,33,16,12,7,10
2025-7808,Bengaluru,Hard,32,C,O,20250224,8,B0LQ,,,Petr Bar Biryukov,L,196,RUS,22.99,394,121,D0JI,,,Manas Dhamne,R,183,IND,17.158,773,31,6-3 3-6 7-6(3),3,R32,111,14,5,91,61,48,14,15,5,7,0,6,95,62,42,20,15,1,3
2025-7808,Bengaluru,Hard,32,C,O,20250224,9,CI14,,,Jay Clarke,R,183,GBR,26.582,273,196,S0HR,,,Kasidit Samrej,R,191,THA,24.096,424,109,6-1 6-0,3,R32,60,5,2,36,15,14,14,7,0,0,1,1,53,36,14,8,6,6,11
2025-7808,Bengaluru,Hard,32,C,O,20250224,10,EA27,,,Blake Ellis,R,191,AUS,26.136,304,173,GG65,,,Michael Geerts,R,178,BEL,30.105,301,174,6-7(2) 6-4 7-6(6),3,R32,161,10,6,108,56,44,32,17,2,3,7,4,121,72,53,26,17,4,6
2025-7808,Bengaluru,Hard,32,C,O,20250224,11,G09C,,,Marek Gengel,R,185,CZE,29.44,250,222,DH23,,,S D Prajwal Dev,R,175,IND,28.747,784,30,6-7(2) 6-3 6-3,3,R32,149,7,8,106,64,44,18,15,6,10,6,4,110,60,39,21,15,12,19
2025-7808,Bengaluru,Hard,32,C,O,20250224,12,HD68,,,Billy Harris,R,193,GBR,30.084,110,534,CG94,,,Enzo Couacaud,R,183,FRA,29.988,245,229,6-1 1-0 RET,3,R32,33,4,2,24,13,11,6,4,0,0,1,3,29,13,6,4,4,1,4
2025-7808,Bengaluru,Hard,32,C,O,20250224,13,H09N,,,August Holmgren,R,188,DEN,26.845,201,289,DG80,,,Enrico Dalla Valle,R,196,ITA,26.932,295,178,6-4 6-4,3,R32,85,10,2,58,36,27,16,10,2,2,3,3,65,44,30,9,10,5,7
2025-7808,Bengaluru,Hard,32,C,O,20250224,14,N09U,,,Rio Noguchi,R,168,JPN,26.16,232,237,E0DD,,,Justin Engel,R,185,GER,17.402,347,144,7-5 6-2,3,R32,98,2,2,67,38,29,13,10,2,4,6,9,82,43,26,13,10,10,15
2025-7808,Bengaluru,Hard,32,C,O,20250224,15,R09X,,,Jurij Rodionov,L,191,AUT,25.78,218,258,S0RI,,,Karan Singh,R,185,IND,21.656,501,79,6-4 4-6 7-6(3),3,R32,118,15,5,85,41,37,30,16,1,2,11,2,97,49,35,32,16,2,3
2025-7808,Bengaluru,Hard,32,C,O,20250224,16,TA46,,,Bernard Tomic,R,196,AUS,32.345,219,256,S0O6,,,Ilia Simakin,R,193,RUS,21.331,284,185,3-6 7-6(4) 6-4,3,R32,112,1,2,89,65,49,14,15,3,5,11,4,89,54,43,21,16,1,3
2025-7808,Bengaluru,Hard,32,C,O,20250224,17,S0N0,2,,Tristan Schoolkate,R,183,AUS,23.995,133,446,R09X,,,Jurij Rodionov,L,191,AUT,25.78,218,258,6-3 3-6 6-2,3,R16,117,9,3,90,46,34,23,13,11,13,7,4,86,57,39,12,13,8,12
2025-7808,Bengaluru,Hard,32,C,O,20250224,18,H09P,3,,Brandon Holt,R,185,USA,26.888,144,409,TA46,,,Bernard Tomic,R,196,AUS,32.345,219,256,5-7 6-4 6-4,3,R16,124,9,2,96,62,42,21,16,3,6,6,3,104,59,43,22,16,6,10
2025-7808,Bengaluru,Hard,32,C,O,20250224,19,M0HU,7,,Shintaro Mochizuki,R,175,JPN,21.733,167,340,CI14,,,Jay Clarke,R,183,GBR,26.582,273,196,5-7 6-1 6-2,3,R16,134,3,2,80,43,29,20,14,1,5,1,3,83,42,27,13,13,2,9
2025-7808,Bengaluru,Hard,32,C,O,20250224,20,B0LQ,,,Petr Bar Biryukov,L,196,RUS,22.99,394,121,A09U,,,Nicolas Alvarez Varona,R,188,ESP,23.773,321,162,6-4 7-6(5),3,R16,107,16,5,75,45,36,18,11,3,4,4,6,84,51,40,14,11,5,7
2025-7808,Bengaluru,Hard,32,C,O,20250224,21,B0OU,,,Hynek Barton,R,183,CZE,20.89,402,118,H09N,,,August Holmgren,R,188,DEN,26.845,201,289,7-6(5) 6-3,3,R16,91,8,4,67,39,35,16,11,4,4,6,6,73,42,30,18,10,2,3
2025-7808,Bengaluru,Hard,32,C,O,20250224,22,HD68,,,Billy Harris,R,193,GBR,30.084,110,534,G09C,,,Marek Gengel,R,185,CZE,29.44,250,222,6-4 6-3,3,R16,74,6,1,47,29,25,12,9,0,0,5,4,68,44,30,10,10,6,9
2025-7808,Bengaluru,Hard,32,C,O,20250224,23,M0OQ,,,James McCabe,R,188,AUS,21.643,207,271,N09U,,,Rio Noguchi,R,168,JPN,26.16,232,237,7-5 5-7 7-6(5),3,R16,166,13,4,116,64,47,20,18,5,11,3,5,110,69,47,18,18,4,10
2025-7808,Bengaluru,Hard,32,C,O,20250224,24,M0AW,,,Nicolas Mejia,R,183,COL,25.038,208,270,EA27,,,Blake Ellis,R,191,AUS,26.136,304,173,6-1 7-5,3,R16,85,3,0,43,29,25,11,9,0,0,3,6,67,39,26,10,10,3,7
2025-7808,Bengaluru,Hard,32,C,O,20250224,25,HD68,,,Billy Harris,R,193,GBR,30.084,110,534,S0N0,2,,Tristan Schoolkate,R,183,AUS,23.995,133,446,6-2 1-6 7-5,3,QF,107,10,4,78,49,38,10,13,5,8,6,8,85,52,41,11,14,3,7
2025-7808,Bengaluru,Hard,32,C,O,20250224,26,H09P,3,,Brandon Holt,R,185,USA,26.888,144,409,B0LQ,,,Petr Bar Biryukov,L,196,RUS,22.99,394,121,6-4 6-4,3,QF,72,3,2,63,42,32,11,10,5,6,4,2,63,38,24,15,10,3,6
2025-7808,Bengaluru,Hard,32,C,O,20250224,27,M0HU,7,,Shintaro Mochizuki,R,175,JPN,21.733,167,340,B0OU,,,Hynek Barton,R,183,CZE,20.89,402,118,7-6(5) 6-3,3,QF,97,5,0,68,43,34,15,10,3,3,9,2,75,36,24,24,11,4,6
2025-7808,Bengaluru,Hard,32,C,O,20250224,28,M0OQ,,,James McCabe,R,188,AUS,21.643,207,271,M0AW,,,Nicolas Mejia,R,183,COL,25.038,208,270,4-6 6-4 6-3,3,QF,142,12,3,84,43,35,21,15,5,7,3,2,79,43,34,20,14,4,7
2025-7808,Bengaluru,Hard,32,C,O,20250224,29,H09P,3,,Brandon Holt,R,185,USA,26.888,144,409,HD68,,,Billy Harris,R,193,GBR,30.084,110,534,6-2 7-6(4),3,SF,98,3,1,64,41,29,16,10,5,6,9,4,68,40,28,12,10,6,9
2025-7808,Bengaluru,Hard,32,C,O,20250224,30,M0HU,7,,Shintaro Mochizuki,R,175,JPN,21.733,167,340,M0OQ,,,James McCabe,R,188,AUS,21.643,207,271,6-1 3-6 6-4,3,SF,143,1,6,105,55,43,18,13,12,15,10,5,100,65,43,13,13,8,13
2025-7808,Bengaluru,Hard,32,C,O,20250224,31,H09P,3,,Brandon Holt,R,185,USA,26.888,144,409,M0HU,7,,Shintaro Mochizuki,R,175,JPN,21.733,167,340,6-3 6-3,3,F,82,4,1,55,41,24,9,9,3,5,1,4,59,31,21,8,9,1,6
2025-9516,Lugano,Hard,32,C,I,20250224,1,C0JP,1,,Raphael Collignon,R,191,BEL,23.116,98,608,SS25,,,Vitaliy Sachko,R,188,UKR,27.617,387,125,6-4 7-5,3,R32,105,3,5,78,50,35,14,11,5,6,2,2,67,46,30,11,11,4,7
2025-9516,Lugano,Hard,32,C,I,20250224,2,CG80,2,,Borna Coric,R,188,CRO,28.279,143,410,O0A2,,,Gauthier Onclin,R,180,BEL,23.995,214,264,6-4 6-2,3,R32,73,9,1,47,31,25,12,9,3,3,0,1,48,31,21,10,9,2,5
2025-9516,Lugano,Hard,32,C,I,20250224,3,V0DZ,3,,Luca Van Assche,R,178,FRA,20.791,154,372,W857,,,Tung-Lin Wu,R,188,TPE,26.79,235,234,2-6 6-2 6-0,3,R32,104,6,7,66,39,30,11,11,2,4,6,2,71,38,22,15,11,5,10
2025-9516,Lugano,Hard,32,C,I,20250224,4,B0PG,4,,Alexander Blockx,R,193,BEL,19.882,153,375,P0IY,,,Juan Carlos Prado Angelo,R,185,BOL,19.973,293,180,6-2 6-3,3,R32,61,2,0,48,31,25,11,9,0,1,0,0,43,30,19,4,8,1,5
2025-9516,Lugano,Hard,32,C,I,20250224,5,GF95,5,,Hugo Grenier,R,196,FRA,28.925,196,306,C0AJ,,,Jie Cui,R,183,CHN,27.086,290,181,6-2 6-4,3,R32,90,10,3,49,28,21,14,9,1,2,0,2,70,38,21,14,9,9,13
2025-9516,Lugano,Hard,32,C,I,20250224,6,S0AK,6,,Henri Squire,R,196,GER,24.411,176,324,A0AB,,,Adrian Andreev,R,175,BUL,23.789,233,236,6-3 7-5,3,R32,83,13,4,75,41,37,14,11,7,8,5,1,55,35,23,11,10,1,4
2025-9516,Lugano,Hard,32,C,I,20250224,7,G0FW,7,,Vilius Gaubas,R,178,LTU,20.156,183,315,S0LA,,,Dominic Stricker,L,183,SUI,22.527,288,183,6-3 1-6 6-2,3,R32,95,4,1,74,62,40,7,12,6,9,7,3,74,43,31,13,12,2,6
2025-9516,Lugano,Hard,32,C,I,20250224,8,D0DP,8,,Liam Draxl,R,185,CAN,23.222,175,327,S0UV,,,Rei Sakamoto,R,193,JPN,18.672,371,134,6-4 6-4,3,R32,92,1,2,60,38,27,13,10,3,4,10,2,71,38,29,12,10,5,8
2025-9516,Lugano,Hard,32,C,I,20250224,9,BU70,,,Remy Bertola,R,175,SUI,26.486,287,184,B0MM,,,Edas Butvilas,R,191,LTU,20.591,236,234,2-6 7-5 7-6(4),3,R32,126,8,5,99,61,46,23,16,5,7,6,3,94,58,44,23,16,2,3
2025-9516,Lugano,Hard,32,C,I,20250224,10,C0HT,,,Murphy Cassone,R,188,USA,22.527,247,226,BE90,,,Ricardas Berankis,R,175,LTU,34.68,299,175,6-1 6-2,3,R32,52,4,2,42,31,25,8,8,0,0,1,6,41,21,12,9,7,3,7
2025-9516,Lugano,Hard,32,C,I,20250224,11,CH12,,,Jan Choinski,R,196,GBR,28.709,195,307,Z09F,,,Patrick Zahraj,R,191,GER,25.61,312,166,6-2 6-7(3) 6-3,3,R32,127,7,2,81,57,45,14,14,2,3,6,7,106,61,48,16,15,10,15
2025-9516,Lugano,Hard,32,C,I,20250224,12,DC76,,,Viktor Durasovic,R,185,NOR,27.937,237,233,HG94,,,Benjamin Hassan,R,183,LBN,30.056,203,281,6-4 1-6 6-4,3,R32,119,6,8,94,53,34,18,14,7,12,3,8,93,48,33,19,13,4,8
2025-9516,Lugano,Hard,32,C,I,20250224,13,E768,,,Antoine Escoffier,R,185,FRA,32.988,213,265,B0LW,,,Mika Brunold,R,191,SUI,20.397,309,169,6-2 6-3,3,R32,87,5,1,47,28,24,10,8,3,3,5,7,61,37,23,10,9,2,6
2025-9516,Lugano,Hard,32,C,I,20250224,14,P0HW,,,Dino Prizmic,R,188,CRO,19.556,393,121,P0D0,,,Jakub Paul,R,180,SUI,25.93,342,150,6-3 6-2,3,R32,74,2,3,45,29,26,10,9,0,0,0,2,62,42,23,10,8,4,7
2025-9516,Lugano,Hard,32,C,I,20250224,15,R0KD,,,Mees Rottgering,L,180,NED,17.637,834,24,Z09Z,,,Beibit Zhukayev,R,198,KAZ,24.37,215,262,4-6 7-6(10) 7-6(5),3,R32,166,3,8,129,79,53,30,17,5,7,30,3,112,73,58,21,17,1,2
2025-9516,Lugano,Hard,32,C,I,20250224,16,RH24,,,Emil Ruusuvuori,R,188,FIN,25.9,227,244,C0BH,,,Clement Chidekh,R,180,FRA,23.702,241,231,6-3 3-6 6-4,3,R32,107,11,9,76,51,42,11,14,2,5,0,5,97,53,32,24,14,4,8
2025-9516,Lugano,Hard,32,C,I,20250224,17,C0JP,1,,Raphael Collignon,R,191,BEL,23.116,98,608,DC76,,,Viktor Durasovic,R,185,NOR,27.937,237,233,6-4 7-5,3,R16,81,5,1,57,43,35,6,11,0,1,7,3,63,45,30,8,11,4,7
2025-9516,Lugano,Hard,32,C,I,20250224,18,CG80,2,,Borna Coric,R,188,CRO,28.279,143,410,E768,,,Antoine Escoffier,R,185,FRA,32.988,213,265,6-4 6-4,3,R16,94,8,0,56,34,26,16,10,1,1,7,4,67,34,26,14,10,4,6
2025-9516,Lugano,Hard,32,C,I,20250224,19,V0DZ,3,,Luca Van Assche,R,178,FRA,20.791,154,372,CH12,,,Jan Choinski,R,196,GBR,28.709,195,307,6-3 6-1,3,R16,59,7,2,41,31,25,5,8,0,1,6,1,47,35,19,2,8,2,7
2025-9516,Lugano,Hard,32,C,I,20250224,20,P0HW,,,Dino Prizmic,R,188,CRO,19.556,393,121,B0PG,4,,Alexander Blockx,R,193,BEL,19.882,153,375,6-3 6-2,3,R16,91,4,3,59,34,24,16,9,2,2,2,2,65,42,27,9,8,3,6
2025-9516,Lugano,Hard,32,C,I,20250224,21,C0HT,,,Murphy Cassone,R,188,USA,22.527,247,226,GF95,5,,Hugo Grenier,R,196,FRA,28.925,196,306,7-6(7) 7-6(6),3,R16,124,11,2,103,76,55,13,12,6,7,6,3,74,47,35,21,12,2,3
2025-9516,Lugano,Hard,32,C,I,20250224,22,S0AK,6,,Henri Squire,R,196,GER,24.411,176,324,BU70,,,Remy Bertola,R,175,SUI,26.486,287,184,7-6(5) 6-4,3,R16,81,13,1,62,41,36,15,11,0,0,8,7,74,38,31,21,11,6,7
2025-9516,Lugano,Hard,32,C,I,20250224,23,G0FW,7,,Vilius Gaubas,R,178,LTU,20.156,183,315,R0KD,,,Mees Rottgering,L,180,NED,17.637,834,24,6-7(2) 7-5 6-4,3,R16,156,9,3,97,72,51,13,17,0,3,1,5,103,63,45,21,17,2,7
2025-9516,Lugano,Hard,32,C,I,20250224,24,D0DP,8,,Liam Draxl,R,185,CAN,23.222,175,327,RH24,,,Emil Ruusuvuori,R,188,FIN,25.9,227,244,6-4 7-6(2),3,R16,93,3,1,62,42,31,13,11,1,2,6,1,75,42,31,16,11,7,9
2025-9516,Lugano,Hard,32,C,I,20250224,25,C0JP,1,,Raphael Collignon,R,191,BEL,23.116,98,608,D0DP,8,,Liam Draxl,R,185,CAN,23.222,175,327,6-4 6-4,3,QF,107,4,2,72,55,40,8,10,4,4,0,2,77,52,34,13,10,4,6
2025-9516,Lugano,Hard,32,C,I,20250224,26,CG80,2,,Borna Coric,R,188,CRO,28.279,143,410,S0AK,6,,Henri Squire,R,196,GER,24.411,176,324,6-2 6-2,3,QF,65,12,0,43,29,24,10,8,2,2,4,3,53,32,18,8,8,6,10
2025-9516,Lugano,Hard,32,C,I,20250224,27,C0HT,,,Murphy Cassone,R,188,USA,22.527,247,226,V0DZ,3,,Luca Van Assche,R,178,FRA,20.791,154,372,7-6(2) 0-6 7-6(4),3,QF,132,10,4,103,76,51,11,15,1,5,6,2,90,56,41,23,15,0,1
2025-9516,Lugano,Hard,32,C,I,20250224,28,P0HW,,,Dino Prizmic,R,188,CRO,19.556,393,121,G0FW,7,,Vilius Gaubas,R,178,LTU,20.156,183,315,6-2 6-3,3,QF,86,3,2,48,26,21,16,9,0,0,0,1,56,42,25,5,8,2,5
2025-9516,Lugano,Hard,32,C,I,20250224,29,C0JP,1,,Raphael Collignon,R,191,BEL,23.116,98,608,C0HT,,,Murphy Cassone,R,188,USA,22.527,247,226,7-6(3) 4-6 6-3,3,SF,130,6,9,94,59,47,20,16,1,3,10,3,109,80,60,10,15,10,12
2025-9516,Lugano,Hard,32,C,I,20250224,30,CG80,2,,Borna Coric,R,188,CRO,28.279,143,410,P0HW,,,Dino Prizmic,R,188,CRO,19.556,393,121,6-2 6-4,3,SF,94,10,1,60,40,33,9,9,4,4,1,6,56,34,23,9,9,4,7
2025-9516,Lugano,Hard,32,C,I,20250224,31,CG80,2,,Borna Coric,R,188,CRO,28.279,143,410,C0JP,1,,Raphael Collignon,R,191,BEL,23.116,98,608,6-3 6-1,3,F,58,3,1,39,26,21,11,8,0,0,3,4,41,28,18,3,8,4,8
2025-2915,Kigali 2,Clay,32,C,O,20250303,1,M0EY,,,Alex Marti Pujolras,R,185,ESP,26.059,337,151,D0C1,1,,Jesper de Jong,R,180,NED,24.756,106,562,7-5 3-2 RET,3,R32,85,2,3,59,36,26,16,8,2,2,3,2,49,34,24,8,9,2,4
2025-2915,Kigali 2,Clay,32,C,O,20250303,2,HB48,2,,Calvin Hemery,R,191,FRA,30.094,175,331,E0AA,,,Yanki Erel,L,178,TUR,24.435,606,54,6-3 7-6(4),3,R32,104,12,5,74,38,30,21,11,6,7,1,2,70,45,27,17,10,5,7
2025-2915,Kigali 2,Clay,32,C,O,20250303,3,P0AY,,,Luka Pavlovic,R,196,FRA,24.925,346,147,TE16,3,,Carlos Taberner,R,183,ESP,27.567,174,332,7-6(4) 6-2,3,R32,126,14,9,71,34,31,20,10,7,7,3,6,83,43,27,24,10,5,7
2025-2915,Kigali 2,Clay,32,C,O,20250303,4,R0EB,4,,Valentin Royer,R,188,FRA,23.762,151,387,RB60,,,Oriol Roca Batalla,R,175,ESP,31.841,250,219,6-2 4-6 6-3,3,R32,132,6,4,86,50,38,22,14,4,5,4,3,81,46,31,16,13,3,6
2025-2915,Kigali 2,Clay,32,C,O,20250303,5,N0CS,5,,Lukas Neumayer,R,183,AUT,22.489,208,267,CD00,,,Maxime Chazal,R,175,FRA,31.858,329,156,6-2 6-4,3,R32,74,4,0,52,41,33,6,9,2,2,7,1,53,32,24,9,9,2,5
2025-2915,Kigali 2,Clay,32,C,O,20250303,6,I0A7,,,Nicholas David Ionel,R,,ROU,22.39,383,130,TA46,6,,Bernard Tomic,R,196,AUS,32.364,216,258,6-4 7-6(9),3,R32,114,5,4,74,52,37,10,11,4,7,4,1,85,40,26,22,11,4,8
2025-2915,Kigali 2,Clay,32,C,O,20250303,7,BU54,7,,Geoffrey Blancaneaux,R,180,FRA,26.568,297,177,P0DR,,,Andrea Picchione,R,183,ITA,26.738,355,143,6-3 6-4,3,R32,112,3,2,75,48,34,16,10,7,7,0,3,58,35,21,15,9,3,5
2025-2915,Kigali 2,Clay,32,C,O,20250303,8,M0E1,,,Daniel Michalski,R,180,POL,25.142,334,153,J09X,8,,Filip Cristian Jianu,R,180,ROU,23.455,222,250,6-2 3-6 6-2,3,R32,122,7,2,68,39,33,16,12,1,2,0,1,68,44,28,13,13,1,5
2025-2915,Kigali 2,Clay,32,C,O,20250303,9,AA27,,,Franco Agamenone,R,191,ITA,31.882,392,126,MF35,,,Andrej Martin,R,183,SVK,35.45,328,156,7-6(6) 6-7(5) 6-3,3,R32,179,9,0,115,75,53,26,17,4,6,3,1,110,71,47,24,16,6,9
2025-2915,Kigali 2,Clay,32,C,O,20250303,10,CF01,,,Marco Cecchinato,R,185,ITA,32.422,380,131,GE28,,,Ivan Gakhov,L,191,RUS,28.326,313,166,7-5 7-6(5),3,R32,124,2,3,83,57,43,14,12,1,2,8,6,101,62,46,18,12,11,13
2025-2915,Kigali 2,Clay,32,C,O,20250303,11,D0H9,,,Guy Den Ouden,R,183,NED,22.902,317,163,M0JZ,,,Filip Misolic,R,180,AUT,23.567,246,224,6-2 6-2,3,R32,98,3,3,67,36,27,16,8,4,4,0,4,61,33,20,10,8,8,12
2025-2915,Kigali 2,Clay,32,C,O,20250303,12,DF92,,,Corentin Denolly,L,188,FRA,27.74,330,156,C0HB,,,Eliakim Coulibaly,L,180,CIV,22.828,326,157,6-4 6-1,3,R32,71,1,5,55,32,23,13,9,3,4,3,4,40,21,9,10,8,0,4
2025-2915,Kigali 2,Clay,32,C,O,20250303,13,E0AC,,,Mathys Erhard,R,188,FRA,23.351,285,183,J620,,,Maxime Janvier,R,196,FRA,28.372,283,184,6-3 6-2,3,R32,59,3,1,45,28,23,12,9,0,1,7,10,59,22,17,14,8,5,9
2025-2915,Kigali 2,Clay,32,C,O,20250303,14,H0CX,,,Max Houkes,L,188,NED,24.665,308,168,S0CG,,,Carlos Sanchez Jover,L,173,ESP,24.616,265,203,6-3 6-1,3,R32,75,2,2,47,33,23,9,8,1,2,1,1,53,36,19,6,8,4,9
2025-2915,Kigali 2,Clay,32,C,O,20250303,15,P0JG,,,Gabriele Pennaforti,R,191,ITA,24.465,433,108,S0WT,,,Joel Schwaerzler,L,188,AUT,19.097,307,170,6-4 6-2,3,R32,84,2,4,50,28,21,17,9,0,0,2,3,51,29,21,9,9,0,3
2025-2915,Kigali 2,Clay,32,C,O,20250303,16,T09X,,,Clement Tabur,R,173,FRA,25.106,341,150,N663,,,Maximilian Neuchrist,R,,AUT,33.615,477,85,7-6(6) 6-4,3,R32,119,5,0,72,53,39,11,11,2,4,3,3,81,47,31,19,11,6,9
2025-2915,Kigali 2,Clay,32,C,O,20250303,17,HB48,2,,Calvin Hemery,R,191,FRA,30.094,175,331,DF92,,,Corentin Denolly,L,188,FRA,27.74,330,156,6-3 6-4,3,R16,80,5,2,52,32,29,12,10,0,0,1,5,64,37,25,12,9,4,6
2025-2915,Kigali 2,Clay,32,C,O,20250303,18,R0EB,4,,Valentin Royer,R,188,FRA,23.762,151,387,AA27,,,Franco Agamenone,R,191,ITA,31.882,392,126,7-6(3) 7-6(2),3,R16,94,4,0,72,49,42,16,12,2,2,12,2,71,46,38,15,12,1,1
2025-2915,Kigali 2,Clay,32,C,O,20250303,19,P0JG,,,Gabriele Pennaforti,R,191,ITA,24.465,433,108,N0CS,5,,Lukas Neumayer,R,183,AUT,22.489,208,267,7-5 6-4,3,R16,106,5,11,71,39,33,14,11,6,7,1,3,69,53,32,9,11,6,9
2025-2915,Kigali 2,Clay,32,C,O,20250303,20,T09X,,,Clement Tabur,R,173,FRA,25.106,341,150,BU54,7,,Geoffrey Blancaneaux,R,180,FRA,26.568,297,177,7-6(1) 6-3,3,R16,120,1,1,71,49,35,16,11,4,5,2,3,60,31,24,15,10,3,5
2025-2915,Kigali 2,Clay,32,C,O,20250303,21,CF01,,,Marco Cecchinato,R,185,ITA,32.422,380,131,M0E1,,,Daniel Michalski,R,180,POL,25.142,334,153,6-4 6-1,3,R16,85,1,1,63,45,32,12,9,6,6,2,1,56,33,22,10,8,5,8
2025-2915,Kigali 2,Clay,32,C,O,20250303,22,D0H9,,,Guy Den Ouden,R,183,NED,22.902,317,163,I0A7,,,Nicholas David Ionel,R,,ROU,22.39,383,130,7-5 6-1,3,R16,89,1,4,59,31,26,14,10,3,4,1,0,61,50,27,5,9,5,9
2025-2915,Kigali 2,Clay,32,C,O,20250303,23,H0CX,,,Max Houkes,L,188,NED,24.665,308,168,M0EY,,,Alex Marti Pujolras,R,185,ESP,26.059,337,151,5-7 6-4 6-3,3,R16,151,6,4,85,63,46,12,16,5,9,2,10,96,58,39,19,15,5,10
2025-2915,Kigali 2,Clay,32,C,O,20250303,24,P0AY,,,Luka Pavlovic,R,196,FRA,24.925,346,147,E0AC,,,Mathys Erhard,R,188,FRA,23.351,285,183,6-4 6-4,3,R16,86,8,1,55,29,22,15,10,0,1,2,4,64,37,26,12,10,4,7
2025-2915,Kigali 2,Clay,32,C,O,20250303,25,D0H9,,,Guy Den Ouden,R,183,NED,22.902,317,163,HB48,2,,Calvin Hemery,R,191,FRA,30.094,175,331,6-7(3) 6-0 2-0 RET,3,QF,103,6,2,61,39,25,13,10,0,2,6,8,60,31,18,9,10,1,7
2025-2915,Kigali 2,Clay,32,C,O,20250303,26,R0EB,4,,Valentin Royer,R,188,FRA,23.762,151,387,P0JG,,,Gabriele Pennaforti,R,191,ITA,24.465,433,108,6-3 7-6(5),3,QF,107,6,2,77,44,36,16,11,1,2,5,11,76,43,34,12,10,5,7
2025-2915,Kigali 2,Clay,32,C,O,20250303,27,H0CX,,,Max Houkes,L,188,NED,24.665,308,168,T09X,,,Clement Tabur,R,173,FRA,25.106,341,150,6-2 7-6(5),3,QF,121,2,8,89,55,45,10,10,8,9,1,5,66,43,27,12,10,2,5
2025-2915,Kigali 2,Clay,32,C,O,20250303,28,P0AY,,,Luka Pavlovic,R,196,FRA,24.925,346,147,CF01,,,Marco Cecchinato,R,185,ITA,32.422,380,131,7-6(3) 6-7(4) 6-4,3,QF,134,14,3,106,60,49,25,17,5,6,4,1,101,72,52,20,17,2,4
2025-2915,Kigali 2,Clay,32,C,O,20250303,29,R0EB,4,,Valentin Royer,R,188,FRA,23.762,151,387,H0CX,,,Max Houkes,L,188,NED,24.665,308,168,7-6(7) 6-2,3,SF,96,5,1,56,40,32,12,10,0,1,3,2,65,44,32,9,10,3,6
2025-2915,Kigali 2,Clay,32,C,O,20250303,30,D0H9,,,Guy Den Ouden,R,183,NED,22.902,317,163,P0AY,,,Luka Pavlovic,R,196,FRA,24.925,346,147,6-3 6-4,3,SF,61,5,0,47,32,29,11,10,0,0,5,2,54,32,21,11,9,0,2
2025-2915,Kigali 2,Clay,32,C,O,20250303,31,R0EB,4,,Valentin Royer,R,188,FRA,23.762,151,387,D0H9,,,Guy Den Ouden,R,183,NED,22.902,317,163,6-2 6-4,3,F,82,5,1,56,38,29,13,9,2,2,8,5,61,38,25,11,9,5,8
2025-2973,Thionville,Hard,32,C,I,20250303,1,CG80,1,,Borna Coric,R,188,CRO,28.298,120,485,J0A4,,,Paul Jubb,R,180,GBR,25.339,215,260,6-2 6-1,3,R32,71,1,2,46,24,19,15,8,1,1,2,1,42,27,16,3,7,3,7
2025-2973,Thionville,Hard,32,C,I,20250303,2,P0D0,,,Jakub Paul,R,180,SUI,25.949,343,149,B0PG,2,,Alexander Blockx,R,193,BEL,19.901,156,374,6-1 7-6(5),3,R32,89,2,1,66,40,32,11,10,3,4,1,2,67,41,26,11,9,7,10
2025-2973,Thionville,Hard,32,C,I,20250303,3,V0DZ,3,,Luca Van Assche,R,178,FRA,20.81,157,371,GF95,,,Hugo Grenier,R,196,FRA,28.945,189,306,6-4 6-4,3,R32,82,2,2,51,31,25,12,10,1,3,7,3,65,39,23,12,10,3,7
2025-2973,Thionville,Hard,32,C,I,20250303,4,D0DP,4,,Liam Draxl,R,185,CAN,23.242,171,335,B0U4,,,Nicolai Budkov Kjaer,R,191,NOR,18.502,299,176,6-4 6-7(10) 6-4,3,R32,174,5,2,119,85,62,16,16,6,8,4,5,101,57,37,26,16,4,8
2025-2973,Thionville,Hard,32,C,I,20250303,5,DF88,,,Aziz Dougaz,L,188,TUN,27.937,210,265,S0AQ,5,,Yuta Shimizu,L,163,JPN,25.733,197,295,6-4 6-3,3,R32,70,10,6,62,39,28,9,10,2,4,1,5,53,25,14,13,9,3,7
2025-2973,Thionville,Hard,32,C,I,20250303,6,D0DW,6,,Titouan Droguet,R,191,FRA,23.715,193,303,S0AK,,,Henri Squire,R,196,GER,24.43,173,332,4-6 6-4 6-2,3,R32,118,7,0,68,34,26,25,14,0,2,9,9,111,72,47,16,14,8,12
2025-2973,Thionville,Hard,32,C,I,20250303,7,K0E6,7,,Alibek Kachmazov,R,185,RUS,22.543,186,308,O0A2,,,Gauthier Onclin,R,180,BEL,24.014,212,264,6-2 6-3,3,R32,80,8,1,57,36,25,13,9,3,4,1,3,54,32,20,7,8,4,8
2025-2973,Thionville,Hard,32,C,I,20250303,8,CH12,8,,Jan Choinski,R,196,GBR,28.728,184,313,H0BF,,,Philip Henning,R,180,RSA,24.309,345,147,6-4 6-3,3,R32,72,9,2,54,35,29,12,10,3,3,0,0,54,39,25,10,9,2,4
2025-2973,Thionville,Hard,32,C,I,20250303,9,B0ER,,,Arthur Bouquier,R,188,FRA,24.186,225,247,B0C5,,,Florian Broska,R,175,GER,27.168,522,73,6-3 6-4,3,R32,66,13,3,57,35,31,12,10,1,1,2,3,51,23,17,17,9,1,3
2025-2973,Thionville,Hard,32,C,I,20250303,10,G0GW,,,Sascha Gueymard Wayenburg,R,191,FRA,21.588,253,217,Y171,,,Denis Yevseyev,R,188,KAZ,31.781,256,216,6-4 2-6 6-4,3,R32,106,7,10,103,63,41,16,14,8,12,3,0,74,46,36,12,14,1,5
2025-2973,Thionville,Hard,32,C,I,20250303,11,HG94,,,Benjamin Hassan,R,183,LBN,30.075,204,281,B0WL,,,Felix Balshaw,R,191,FRA,18.716,845,23,6-4 6-3,3,R32,73,3,2,52,28,15,16,9,0,3,0,3,66,33,18,13,10,5,11
2025-2973,Thionville,Hard,32,C,I,20250303,12,MW76,,,Matteo Martineau,R,183,FRA,26.127,263,205,A09T,,,Dan Added,R,183,FRA,25.889,502,80,6-7(5) 7-6(3) 6-3,3,R32,166,7,5,104,58,45,22,16,5,9,4,5,128,75,49,26,17,11,17
2025-2973,Thionville,Hard,32,C,I,20250303,13,P0GN,,,Tom Paris,R,193,FRA,22.5,455,95,E768,,,Antoine Escoffier,R,185,FRA,33.008,206,268,2-6 7-6(5) 6-4,3,R32,142,8,2,100,59,42,21,15,5,9,7,4,89,49,37,24,15,6,9
2025-2973,Thionville,Hard,32,C,I,20250303,14,R09X,,,Jurij Rodionov,L,191,AUT,25.799,209,266,SS25,,,Vitaliy Sachko,R,188,UKR,27.636,384,129,6-2 6-2,3,R32,82,5,2,53,34,27,10,8,1,1,2,4,60,39,21,9,8,5,9
2025-2973,Thionville,Hard,32,C,I,20250303,15,RH24,,,Emil Ruusuvuori,R,188,FIN,25.919,221,250,B0PN,,,Matisse Bobichon,R,185,FRA,23.127,1427,4,6-4 6-4,3,R32,87,2,2,61,41,33,6,10,4,6,5,6,68,40,27,9,10,6,10
2025-2973,Thionville,Hard,32,C,I,20250303,16,Z09Z,,,Beibit Zhukayev,R,198,KAZ,24.389,213,262,R0ED,,,Max Hans Rehberg,R,183,GER,21.47,243,229,7-6(4) 6-1,3,R32,75,16,1,61,39,35,10,10,0,0,2,1,54,41,29,6,9,2,4
2025-2973,Thionville,Hard,32,C,I,20250303,17,CG80,1,,Borna Coric,R,188,CRO,28.298,120,485,RH24,,,Emil Ruusuvuori,R,188,FIN,25.919,221,250,6-2 2-2 RET,3,R16,65,2,2,35,24,19,6,6,0,0,2,1,64,46,26,9,6,11,13
2025-2973,Thionville,Hard,32,C,I,20250303,18,V0DZ,3,,Luca Van Assche,R,178,FRA,20.81,157,371,MW76,,,Matteo Martineau,R,183,FRA,26.127,263,205,6-1 3-6 6-3,3,R16,128,2,5,90,58,41,12,13,9,13,5,5,76,40,24,14,12,7,13
2025-2973,Thionville,Hard,32,C,I,20250303,19,D0DP,4,,Liam Draxl,R,185,CAN,23.242,171,335,Z09Z,,,Beibit Zhukayev,R,198,KAZ,24.389,213,262,6-3 3-6 6-3,3,R16,136,4,3,86,65,50,10,14,3,4,12,4,94,49,34,24,13,4,6
2025-2973,Thionville,Hard,32,C,I,20250303,20,B0ER,,,Arthur Bouquier,R,188,FRA,24.186,225,247,D0DW,6,,Titouan Droguet,R,191,FRA,23.715,193,303,6-4 6-3,3,R16,87,5,6,63,33,27,16,9,5,5,6,0,65,34,23,17,10,4,7
2025-2973,Thionville,Hard,32,C,I,20250303,21,K0E6,7,,Alibek Kachmazov,R,185,RUS,22.543,186,308,HG94,,,Benjamin Hassan,R,183,LBN,30.075,204,281,6-3 4-6 7-5,3,R16,137,7,1,97,59,45,18,16,4,8,6,2,104,58,37,22,15,7,12
2025-2973,Thionville,Hard,32,C,I,20250303,22,CH12,8,,Jan Choinski,R,196,GBR,28.728,184,313,G0GW,,,Sascha Gueymard Wayenburg,R,191,FRA,21.588,253,217,6-3 6-1,3,R16,68,2,0,40,28,21,9,8,3,4,3,4,66,39,17,13,8,2,7
2025-2973,Thionville,Hard,32,C,I,20250303,23,DF88,,,Aziz Dougaz,L,188,TUN,27.937,210,265,P0GN,,,Tom Paris,R,193,FRA,22.5,455,95,6-3 6-4,3,R16,78,2,6,66,35,28,19,10,4,4,2,2,59,33,22,14,9,5,7
2025-2973,Thionville,Hard,32,C,I,20250303,24,R09X,,,Jurij Rodionov,L,191,AUT,25.799,209,266,P0D0,,,Jakub Paul,R,180,SUI,25.949,343,149,6-3 6-1,3,R16,65,3,2,45,27,22,11,8,1,1,1,1,56,39,21,6,8,5,9
2025-2973,Thionville,Hard,32,C,I,20250303,25,CG80,1,,Borna Coric,R,188,CRO,28.298,120,485,DF88,,,Aziz Dougaz,L,188,TUN,27.937,210,265,6-4 6-2,3,QF,70,3,0,44,22,22,15,9,1,1,4,3,49,28,17,9,9,0,3
2025-2973,Thionville,Hard,32,C,I,20250303,26,B0ER,,,Arthur Bouquier,R,188,FRA,24.186,225,247,V0DZ,3,,Luca Van Assche,R,178,FRA,20.81,157,371,W/O,3,QF,,,,,,,,,,,,,,,,,,,
2025-2973,Thionville,Hard,32,C,I,20250303,27,K0E6,7,,Alibek Kachmazov,R,185,RUS,22.543,186,308,D0DP,4,,Liam Draxl,R,185,CAN,23.242,171,335,7-6(6) 5-7 6-2,3,QF,173,14,2,108,67,44,25,16,7,10,2,5,119,79,51,17,16,7,11
2025-2973,Thionville,Hard,32,C,I,20250303,28,R09X,,,Jurij Rodionov,L,191,AUT,25.799,209,266,CH12,8,,Jan Choinski,R,196,GBR,28.728,184,313,6-2 6-4,3,QF,76,6,4,55,36,26,11,9,0,1,4,1,60,42,22,9,9,5,9
2025-2973,Thionville,Hard,32,C,I,20250303,29,CG80,1,,Borna Coric,R,188,CRO,28.298,120,485,K0E6,7,,Alibek Kachmazov,R,185,RUS,22.543,186,308,4-6 6-4 6-3,3,SF,137,5,5,84,47,40,20,14,1,2,10,2,91,60,44,15,15,4,7
2025-2973,Thionville,Hard,32,C,I,20250303,30,B0ER,,,Arthur Bouquier,R,188,FRA,24.186,225,247,R09X,,,Jurij Rodionov,L,191,AUT,25.799,209,266,6-7(2) 7-6(5) 7-6(5),3,SF,165,23,3,114,67,55,26,18,6,8,4,4,136,90,64,23,18,11,13
2025-2973,Thionville,Hard,32,C,I,20250303,31,CG80,1,,Borna Coric,R,188,CRO,28.298,120,485,B0ER,,,Arthur Bouquier,R,188,FRA,24.186,225,247,6-4 6-4,3,F,101,5,2,69,44,34,12,10,5,6,7,7,67,36,30,9,10,8,11
2025-2981,Cordoba,Clay,32,C,O,20250303,1,MJ08,1,,Thiago Monteiro,L,183,BRA,30.757,105,562,LA54,,,Wilson Leite,R,178,BRA,33.322,749,33,6-2 7-6(4),3,R32,109,5,1,70,49,35,13,10,4,5,2,1,64,37,24,15,10,2,5
2025-2981,Cordoba,Clay,32,C,O,20250303,2,C0C8,2,,Juan Manuel Cerundolo,L,183,ARG,23.296,129,451,G0DH,,,Alvaro Guillen Meza,R,175,ECU,22.166,251,218,4-6 7-5 6-2,3,R32,170,3,4,87,49,35,21,15,1,4,2,3,110,74,45,15,15,10,15
2025-2981,Cordoba,Clay,32,C,O,20250303,3,GE33,3,,Daniel Elahi Galan,R,191,COL,28.706,123,468,J0AW,,,Guido Ivan Justo,R,178,ARG,27.209,413,115,6-2 6-2,3,R32,75,3,1,51,33,27,9,8,4,4,4,3,46,31,19,5,8,2,6
2025-2981,Cordoba,Clay,32,C,O,20250303,4,T0A1,,,Thiago Agustin Tirante,R,185,ARG,23.896,134,443,T0DM,,,Juan Bautista Torres,R,178,ARG,22.919,272,197,6-4 5-7 7-6(7),3,R32,166,10,3,99,58,42,26,17,2,5,1,3,100,62,46,24,17,6,9
2025-2981,Cordoba,Clay,32,C,O,20250303,5,N0AM,,,Emilio Nava,R,185,USA,23.25,238,232,B0FV,5,,Roman Andres Burruchaga,R,183,ARG,23.107,136,436,7-5 6-3,3,R32,101,5,2,50,33,28,9,10,0,1,1,8,82,46,28,17,11,6,10
2025-2981,Cordoba,Clay,32,C,O,20250303,6,CE77,6,,Federico Coria,R,180,ARG,32.983,128,458,SL94,,,Pedro Sakamoto,R,178,BRA,31.677,338,151,5-7 6-3 6-3,3,R32,150,10,0,103,65,47,20,15,5,6,2,0,84,61,40,16,15,4,7
2025-2981,Cordoba,Clay,32,C,O,20250303,7,FA43,7,,Juan Pablo Ficovich,R,188,ARG,28.104,169,337,B0ID,,,Ignacio Buse,R,183,PER,20.939,227,245,6-4 6-1,3,R32,76,4,0,52,38,28,5,9,2,4,1,0,61,40,17,9,8,6,11
2025-2981,Cordoba,Clay,32,C,O,20250303,8,V836,8,,Juan Pablo Varillas,R,185,PER,29.407,198,294,O660,,,Genaro Alberto Olivieri,R,175,ARG,26.579,325,158,6-0 7-6(1),3,R32,95,3,3,59,35,26,12,9,3,5,0,1,60,45,21,8,9,4,9
2025-2981,Cordoba,Clay,32,C,O,20250303,9,B0FI,,,Pedro Boscardin Dias,R,180,BRA,22.094,473,87,CC66,,,Andrea Collarini,L,183,ARG,33.087,202,284,3-6 6-4 5-4 RET,3,R32,151,7,3,83,53,37,16,14,5,9,4,5,91,55,34,19,14,8,12
2025-2981,Cordoba,Clay,32,C,O,20250303,10,B0GR,,,Gonzalo Bueno,R,173,PER,20.914,270,198,M0EA,,,Pol Martin Tiffon,R,183,ESP,25.593,252,217,6-1 7-5,3,R32,86,2,1,59,49,34,5,10,1,3,1,5,56,29,17,12,9,8,13
2025-2981,Cordoba,Clay,32,C,O,20250303,11,D0DK,,,Santiago De La Fuente,R,175,ARG,23.069,1085,11,E0DI,,,Juan Estevez,R,170,ARG,19.444,585,59,6-4 6-1,3,R32,79,2,0,54,29,19,17,8,2,3,2,4,63,42,21,8,9,7,12
2025-2981,Cordoba,Clay,32,C,O,20250303,12,DC48,,,Murkel Dellien,R,193,BOL,27.461,199,294,L0DM,,,Alejo Lorenzo Lingua Lavallen,L,175,ARG,23.984,404,117,6-4 7-5,3,R32,104,5,3,75,47,32,16,11,4,6,2,3,58,38,24,10,11,3,7
2025-2981,Cordoba,Clay,32,C,O,20250303,13,M0OH,,,Lautaro Midon,R,180,ARG,20.928,354,143,R0A7,,,Joao Lucas Reis Da Silva,R,178,BRA,24.936,426,110,3-6 6-4 6-1,3,R32,154,15,2,94,62,35,18,13,6,11,0,5,100,48,27,22,13,9,16
2025-2981,Cordoba,Clay,32,C,O,20250303,14,O376,,,Renzo Olivo,R,178,ARG,32.966,348,145,KE69,,,Mariano Kestelboim,R,185,ARG,29.07,490,83,6-2 4-6 6-0,3,R32,138,3,8,76,43,32,16,12,6,9,1,8,85,52,26,13,12,3,10
2025-2981,Cordoba,Clay,32,C,O,20250303,15,V0DP,,,Adolfo Daniel Vallejo,R,183,PAR,20.846,195,300,SG56,,,Daniel Dutra da Silva,L,,BRA,36.66,318,163,6-4 6-1,3,R32,96,2,1,52,29,22,16,9,0,0,3,4,59,33,24,9,8,8,11
2025-2981,Cordoba,Clay,32,C,O,20250303,16,V821,,,Gonzalo Villanueva,R,175,ARG,30.136,438,105,P0DF,,,Matheus Pucinelli De Almeida,R,183,BRA,23.921,358,142,3-6 6-4 6-1,3,R32,120,6,1,68,44,30,18,13,1,3,0,1,67,50,30,9,13,0,4
2025-2981,Cordoba,Clay,32,C,O,20250303,17,MJ08,1,,Thiago Monteiro,L,183,BRA,30.757,105,562,B0GR,,,Gonzalo Bueno,R,173,PER,20.914,270,198,6-4 7-6(1),3,R16,110,10,2,59,37,30,16,11,1,2,0,1,77,50,32,14,11,6,8
2025-2981,Cordoba,Clay,32,C,O,20250303,18,C0C8,2,,Juan Manuel Cerundolo,L,183,ARG,23.296,129,451,DC48,,,Murkel Dellien,R,193,BOL,27.461,199,294,6-4 6-3,3,R16,86,3,6,50,25,15,13,9,1,4,2,5,57,36,22,5,10,1,7
2025-2981,Cordoba,Clay,32,C,O,20250303,19,GE33,3,,Daniel Elahi Galan,R,191,COL,28.706,123,468,V0DP,,,Adolfo Daniel Vallejo,R,183,PAR,20.846,195,300,4-6 7-6(5) 7-5,3,R16,194,8,3,115,69,52,23,17,8,11,3,9,109,60,47,24,17,2,5
2025-2981,Cordoba,Clay,32,C,O,20250303,20,T0A1,,,Thiago Agustin Tirante,R,185,ARG,23.896,134,443,O376,,,Renzo Olivo,R,178,ARG,32.966,348,145,7-6(5) 3-0 RET,3,R16,101,1,1,58,40,22,13,8,1,3,2,2,50,32,17,9,7,2,5
2025-2981,Cordoba,Clay,32,C,O,20250303,21,CE77,6,,Federico Coria,R,180,ARG,32.983,128,458,B0FI,,,Pedro Boscardin Dias,R,180,BRA,22.094,473,87,6-3 6-3,3,R16,104,2,4,64,44,34,7,9,6,7,1,4,63,34,22,9,9,7,11
2025-2981,Cordoba,Clay,32,C,O,20250303,22,FA43,7,,Juan Pablo Ficovich,R,188,ARG,28.104,169,337,M0OH,,,Lautaro Midon,R,180,ARG,20.928,354,143,6-4 6-3,3,R16,82,1,2,52,33,25,9,9,2,4,1,4,60,31,18,11,10,4,9
2025-2981,Cordoba,Clay,32,C,O,20250303,23,V836,8,,Juan Pablo Varillas,R,185,PER,29.407,198,294,D0DK,,,Santiago De La Fuente,R,175,ARG,23.069,1085,11,6-3 6-1,3,R16,74,5,1,47,25,19,14,8,4,5,1,1,42,29,12,5,8,2,7
2025-2981,Cordoba,Clay,32,C,O,20250303,24,V821,,,Gonzalo Villanueva,R,175,ARG,30.136,438,105,N0AM,,,Emilio Nava,R,185,USA,23.25,238,232,2-6 7-6(6) 6-3,3,R16,163,2,7,104,65,44,19,14,7,11,17,6,89,58,43,14,15,3,7
2025-2981,Cordoba,Clay,32,C,O,20250303,25,FA43,7,,Juan Pablo Ficovich,R,188,ARG,28.104,169,337,MJ08,1,,Thiago Monteiro,L,183,BRA,30.757,105,562,6-3 3-6 6-3,3,QF,132,14,0,82,56,43,16,14,5,6,1,3,80,48,36,15,13,3,5
2025-2981,Cordoba,Clay,32,C,O,20250303,26,C0C8,2,,Juan Manuel Cerundolo,L,183,ARG,23.296,129,451,V836,8,,Juan Pablo Varillas,R,185,PER,29.407,198,294,6-4 6-2,3,QF,94,5,1,50,27,18,12,9,1,4,1,0,68,45,22,10,9,5,11
2025-2981,Cordoba,Clay,32,C,O,20250303,27,CE77,6,,Federico Coria,R,180,ARG,32.983,128,458,GE33,3,,Daniel Elahi Galan,R,191,COL,28.706,123,468,6-1 0-6 6-2,3,QF,114,6,3,68,46,30,12,11,7,10,3,2,67,45,28,10,10,10,14
2025-2981,Cordoba,Clay,32,C,O,20250303,28,T0A1,,,Thiago Agustin Tirante,R,185,ARG,23.896,134,443,V821,,,Gonzalo Villanueva,R,175,ARG,30.136,438,105,6-4 6-4,3,QF,91,6,1,57,35,25,12,10,4,6,0,2,57,41,24,8,10,4,8
2025-2981,Cordoba,Clay,32,C,O,20250303,29,T0A1,,,Thiago Agustin Tirante,R,185,ARG,23.896,134,443,C0C8,2,,Juan Manuel Cerundolo,L,183,ARG,23.296,129,451,6-4 4-3 RET,3,SF,83,2,0,52,40,30,5,8,3,3,5,3,65,44,28,10,9,6,8
2025-2981,Cordoba,Clay,32,C,O,20250303,30,FA43,7,,Juan Pablo Ficovich,R,188,ARG,28.104,169,337,CE77,6,,Federico Coria,R,180,ARG,32.983,128,458,7-6(2) 6-3,3,SF,104,2,2,71,51,35,12,10,4,5,5,3,73,51,33,9,11,4,7
2025-2981,Cordoba,Clay,32,C,O,20250303,31,T0A1,,,Thiago Agustin Tirante,R,185,ARG,23.896,134,443,FA43,7,,Juan Pablo Ficovich,R,188,ARG,28.104,169,337,6-4 6-0,3,F,65,3,2,45,26,20,12,8,2,3,1,2,45,24,12,8,8,3,8
2025-2983,Hersonissos 1,Hard,32,C,O,20250303,1,S0GR,1,,Timofey Skatov,R,173,KAZ,24.112,182,316,V708,,,Jiri Vesely,L,198,CZE,31.647,352,144,6-4 6-4,3,R32,106,2,2,63,29,21,22,10,6,7,11,3,68,37,25,14,10,7,10
2025-2983,Hersonissos 1,Hard,32,C,O,20250303,2,SR81,2,,Khumoyun Sultanov,R,180,UZB,26.349,218,254,S0RF,,,Marcello Serafini,R,188,ITA,22.522,535,69,7-6(6) 7-5,3,R32,115,3,4,91,52,35,22,12,7,10,5,2,72,45,29,15,12,1,5
2025-2983,Hersonissos 1,Hard,32,C,O,20250303,3,BE90,,,Ricardas Berankis,R,175,LTU,34.7,291,179,W857,3,,Tung-Lin Wu,R,188,TPE,26.809,237,234,7-6(3) 7-5,3,R32,122,2,0,79,52,38,14,12,5,7,6,1,88,60,41,11,12,3,6
2025-2983,Hersonissos 1,Hard,32,C,O,20250303,4,B0MM,4,,Edas Butvilas,R,191,LTU,20.611,234,237,S0DQ,,,Keegan Smith,R,201,USA,26.694,536,69,6-1 6-4,3,R32,79,4,2,50,37,30,8,9,3,3,1,3,67,49,28,8,8,5,8
2025-2983,Hersonissos 1,Hard,32,C,O,20250303,5,BV25,5,,Javier Barranco Cosano,L,180,ESP,26.292,248,222,K966,,,Martin Klizan,L,191,SVK,35.644,296,177,6-3 6-0,3,R32,69,2,1,43,28,24,9,8,0,0,2,1,52,24,14,12,7,7,11
2025-2983,Hersonissos 1,Hard,32,C,O,20250303,6,R0E0,6,,Chris Rodesch,R,198,LUX,23.625,264,203,KI48,,,Ergi Kirkin,R,180,TUR,26.097,300,175,6-4 6-1,3,R32,82,7,2,57,42,29,9,8,4,4,1,4,72,34,22,15,9,5,9
2025-2983,Hersonissos 1,Hard,32,C,O,20250303,7,P09O,7,,Zsombor Piros,R,180,HUN,25.388,266,201,SO20,,,Jelle Sels,R,188,NED,29.563,367,138,6-4 3-1 RET,3,R32,55,2,2,33,20,17,7,7,0,1,4,2,41,25,15,7,7,1,4
2025-2983,Hersonissos 1,Hard,32,C,O,20250303,8,GA79,8,,Lorenzo Giustino,R,180,ITA,33.478,269,200,B0GI,,,Alexandr Binda,R,180,ITA,23.444,489,84,6-3 7-5,3,R32,117,4,9,74,42,30,17,11,4,6,4,4,82,44,32,11,10,12,16
2025-2983,Hersonissos 1,Hard,32,C,O,20250303,9,KC56,,,Aslan Karatsev,R,185,RUS,31.493,207,267,P0HW,,,Dino Prizmic,R,188,CRO,19.576,344,147,6-4 7-6(3),3,R32,134,3,5,76,52,36,12,11,4,6,2,1,86,50,33,15,11,7,10
2025-2983,Hersonissos 1,Hard,32,C,O,20250303,10,KC33,,,Dimitar Kuzmanov,R,183,BUL,31.598,376,132,G0IX,,,Arthur Gea,R,180,FRA,20.164,286,183,6-3 6-2,3,R32,82,1,1,49,38,24,4,8,3,6,2,1,55,33,14,8,9,4,11
2025-2983,Hersonissos 1,Hard,32,C,O,20250303,11,N731,,,Christoph Negritu,R,193,GER,30.951,320,162,D0A2,,,Matthew Dellavedova,R,191,AUS,24.758,387,127,6-3 6-2,3,R32,68,1,1,37,19,17,15,8,0,0,0,0,58,39,23,9,9,5,9
2025-2983,Hersonissos 1,Hard,32,C,O,20250303,12,DB59,,,Dennis Novak,R,183,AUT,31.513,366,138,T0GE,,,Pavlos Tsitsipas,R,196,GRE,19.611,1096,11,6-3 6-1,3,R32,54,4,3,43,23,17,16,8,0,0,1,3,46,19,12,9,8,1,5
2025-2983,Hersonissos 1,Hard,32,C,O,20250303,13,P0BK,,,Stuart Parker,R,185,GBR,27.592,562,64,S0GZ,,,Nikolas Sanchez Izquierdo,R,185,ESP,25.969,347,146,7-5 2-6 6-3,3,R32,180,4,4,97,55,35,20,15,6,11,0,4,91,55,34,17,14,4,9
2025-2983,Hersonissos 1,Hard,32,C,O,20250303,14,PH78,,,Ryan Peniston,L,180,GBR,29.311,406,117,S0BT,,,Adria Soriano Barrera,R,191,COL,25.752,340,150,6-4 6-4,3,R32,110,1,2,61,43,30,9,10,2,4,5,6,84,50,36,11,10,6,10
2025-2983,Hersonissos 1,Hard,32,C,O,20250303,15,S0KT,,,Stefanos Sakellaridis,R,198,GRE,20.468,452,97,P0IY,,,Juan Carlos Prado Angelo,R,185,BOL,19.992,290,180,6-2 6-4,3,R32,72,8,0,50,33,29,9,9,2,2,2,3,62,40,23,11,9,6,9
2025-2983,Hersonissos 1,Hard,32,C,O,20250303,16,S0TX,,,Henry Searle,L,193,GBR,18.93,411,115,K0HG,,,Milos Karol,R,198,SVK,22.22,432,108,6-3 6-2,3,R32,78,2,2,53,38,33,7,9,2,2,1,4,61,37,25,8,8,7,10
2025-2983,Hersonissos 1,Hard,32,C,O,20250303,17,DB59,,,Dennis Novak,R,183,AUT,31.513,366,138,S0GR,1,,Timofey Skatov,R,173,KAZ,24.112,182,316,6-4 3-6 6-3,3,R16,144,3,3,91,53,34,19,14,10,14,4,5,87,43,25,24,14,8,13
2025-2983,Hersonissos 1,Hard,32,C,O,20250303,18,PH78,,,Ryan Peniston,L,180,GBR,29.311,406,117,SR81,2,,Khumoyun Sultanov,R,180,UZB,26.349,218,254,6-4 6-2,3,R16,81,3,1,56,44,31,7,9,5,6,1,2,55,38,22,5,9,1,5
2025-2983,Hersonissos 1,Hard,32,C,O,20250303,19,B0MM,4,,Edas Butvilas,R,191,LTU,20.611,234,237,N731,,,Christoph Negritu,R,193,GER,30.951,320,162,4-6 6-3 7-6(5),3,R16,130,5,2,89,55,42,18,16,3,6,2,1,91,53,43,15,15,4,7
2025-2983,Hersonissos 1,Hard,32,C,O,20250303,20,S0TX,,,Henry Searle,L,193,GBR,18.93,411,115,BV25,5,,Javier Barranco Cosano,L,180,ESP,26.292,248,222,6-3 6-4,3,R16,87,1,0,57,36,22,18,10,2,3,0,4,59,30,18,14,9,4,7
2025-2983,Hersonissos 1,Hard,32,C,O,20250303,21,P0BK,,,Stuart Parker,R,185,GBR,27.592,562,64,R0E0,6,,Chris Rodesch,R,198,LUX,23.625,264,203,6-4 6-4,3,R16,90,1,2,64,37,28,16,10,8,9,6,4,63,40,25,12,10,2,5
2025-2983,Hersonissos 1,Hard,32,C,O,20250303,22,P09O,7,,Zsombor Piros,R,180,HUN,25.388,266,201,S0KT,,,Stefanos Sakellaridis,R,198,GRE,20.468,452,97,6-2 7-6(8),3,R16,96,0,3,63,39,28,16,10,1,2,4,1,76,49,33,10,10,7,10
2025-2983,Hersonissos 1,Hard,32,C,O,20250303,23,KC56,,,Aslan Karatsev,R,185,RUS,31.493,207,267,GA79,8,,Lorenzo Giustino,R,180,ITA,33.478,269,200,7-5 2-6 6-1,3,R16,132,2,5,98,63,43,12,14,8,13,1,5,75,40,25,16,13,4,10
2025-2983,Hersonissos 1,Hard,32,C,O,20250303,24,KC33,,,Dimitar Kuzmanov,R,183,BUL,31.598,376,132,BE90,,,Ricardas Berankis,R,175,LTU,34.7,291,179,7-5 6-4,3,R16,118,4,5,72,45,32,12,11,3,6,1,1,81,47,24,16,11,6,11
2025-2983,Hersonissos 1,Hard,32,C,O,20250303,25,B0MM,4,,Edas Butvilas,R,191,LTU,20.611,234,237,S0TX,,,Henry Searle,L,193,GBR,18.93,411,115,2-6 7-5 6-2,3,QF,112,1,3,76,47,30,15,14,4,8,1,3,85,49,32,17,14,10,15
2025-2983,Hersonissos 1,Hard,32,C,O,20250303,26,P09O,7,,Zsombor Piros,R,180,HUN,25.388,266,201,DB59,,,Dennis Novak,R,183,AUT,31.513,366,138,7-6(3) 6-4,3,QF,101,3,5,86,42,32,21,11,5,8,0,1,68,37,24,15,11,2,6
2025-2983,Hersonissos 1,Hard,32,C,O,20250303,27,P0BK,,,Stuart Parker,R,185,GBR,27.592,562,64,KC33,,,Dimitar Kuzmanov,R,183,BUL,31.598,376,132,6-4 6-4,3,QF,92,9,3,57,39,29,11,10,1,2,0,2,57,32,18,15,10,0,3
2025-2983,Hersonissos 1,Hard,32,C,O,20250303,28,PH78,,,Ryan Peniston,L,180,GBR,29.311,406,117,KC56,,,Aslan Karatsev,R,185,RUS,31.493,207,267,6-4 6-4,3,QF,91,0,3,55,34,23,12,10,2,5,2,3,60,34,21,7,10,4,9
2025-2983,Hersonissos 1,Hard,32,C,O,20250303,29,B0MM,4,,Edas Butvilas,R,191,LTU,20.611,234,237,P09O,7,,Zsombor Piros,R,180,HUN,25.388,266,201,4-6 6-4 6-3,3,SF,149,3,5,116,66,45,21,15,5,9,2,1,96,56,33,21,14,6,11
2025-2983,Hersonissos 1,Hard,32,C,O,20250303,30,P0BK,,,Stuart Parker,R,185,GBR,27.592,562,64,PH78,,,Ryan Peniston,L,180,GBR,29.311,406,117,6-2 7-5,3,SF,115,2,0,58,29,20,16,10,3,5,1,5,75,45,25,14,10,7,12
2025-2983,Hersonissos 1,Hard,32,C,O,20250303,31,B0MM,4,,Edas Butvilas,R,191,LTU,20.611,234,237,P0BK,,,Stuart Parker,R,185,GBR,27.592,562,64,6-3 6-3,3,F,89,0,1,65,35,23,15,9,2,4,0,4,48,24,14,8,9,3,8
2025-2985,Hersonissos 2,Hard,32,C,O,20250310,1,S0GR,1,,Timofey Skatov,R,173,KAZ,24.131,182,316,S0DQ,,,Keegan Smith,R,201,USA,26.713,536,69,7-6(2) 6-3,3,R32,100,0,4,68,37,30,21,11,1,1,7,1,75,51,34,12,10,9,10
2025-2985,Hersonissos 2,Hard,32,C,O,20250310,2,KC56,2,,Aslan Karatsev,R,185,RUS,31.513,207,267,T0FI,,,Marko Topo,R,185,GER,21.489,397,120,6-3 6-4,3,R32,79,5,2,60,36,29,14,10,0,0,2,3,60,34,21,15,9,4,6
2025-2985,Hersonissos 2,Hard,32,C,O,20250310,3,SR81,3,,Khumoyun Sultanov,R,180,UZB,26.368,218,254,BE90,,,Ricardas Berankis,R,175,LTU,34.719,291,179,6-2 6-2,3,R32,68,4,2,48,24,18,16,8,1,1,3,5,56,35,21,7,8,6,10
2025-2985,Hersonissos 2,Hard,32,C,O,20250310,4,W857,4,,Tung-Lin Wu,R,188,TPE,26.828,237,234,P0BK,,,Stuart Parker,R,185,GBR,27.611,562,64,4-6 6-2 6-4,3,R32,149,5,3,92,64,41,15,14,9,13,4,4,102,60,32,20,14,7,13
2025-2985,Hersonissos 2,Hard,32,C,O,20250310,5,G09C,5,,Marek Gengel,R,185,CZE,29.478,244,228,RH62,,,Mats Rosenkranz,L,193,GER,26.546,336,151,7-6(4) 6-7(3) 6-4,3,R32,148,10,8,109,70,57,21,17,3,4,9,0,128,87,62,21,17,6,8
2025-2985,Hersonissos 2,Hard,32,C,O,20250310,6,R0E0,6,,Chris Rodesch,R,198,LUX,23.644,264,203,S0RF,,,Marcello Serafini,R,188,ITA,22.541,535,69,7-5 6-4,3,R32,98,4,6,77,47,34,12,11,5,7,7,2,89,59,36,13,11,3,7
2025-2985,Hersonissos 2,Hard,32,C,O,20250310,7,N731,,,Christoph Negritu,R,193,GER,30.971,320,162,GA79,8,,Lorenzo Giustino,R,180,ITA,33.498,269,200,4-6 6-4 6-2,3,R32,143,6,0,86,50,39,17,14,5,8,2,2,92,62,36,19,14,7,12
2025-2985,Hersonissos 2,Hard,32,C,O,20250310,8,FC49,,,Giovanni Fonio,R,183,ITA,26.842,393,126,M0AC,9,,Rudolf Molleker,R,188,GER,24.37,276,191,6-4 4-0 RET,3,R32,64,2,1,46,31,21,7,7,5,7,3,3,48,28,13,7,7,4,9
2025-2985,Hersonissos 2,Hard,32,C,O,20250310,9,C0NB,,,Federico Cina,R,185,ITA,17.947,557,65,D0A2,,,Matthew Dellavedova,R,191,AUS,24.778,387,127,7-5 7-6(5),3,R32,134,3,3,87,57,38,18,12,4,5,0,4,93,54,35,19,12,5,7
2025-2985,Hersonissos 2,Hard,32,C,O,20250310,10,KI48,,,Ergi Kirkin,R,180,TUR,26.116,300,175,I0B0,,,Andre Ilagan,L,173,USA,24.312,386,128,7-6(9) 7-5,3,R32,119,1,4,84,47,33,19,12,2,5,1,3,88,63,38,13,12,5,9
2025-2985,Hersonissos 2,Hard,32,C,O,20250310,11,KC33,,,Dimitar Kuzmanov,R,183,BUL,31.617,376,132,G0IX,,,Arthur Gea,R,180,FRA,20.183,286,183,6-3 6-3,3,R32,80,0,0,55,35,25,11,9,3,5,5,3,49,27,14,9,9,2,7
2025-2985,Hersonissos 2,Hard,32,C,O,20250310,12,DB59,,,Dennis Novak,R,183,AUT,31.532,366,138,P0IY,,,Juan Carlos Prado Angelo,R,185,BOL,20.011,290,180,6-1 6-1,3,R32,57,7,3,45,28,23,6,7,3,4,0,1,45,27,10,6,7,1,7
2025-2985,Hersonissos 2,Hard,32,C,O,20250310,13,PH78,,,Ryan Peniston,L,180,GBR,29.331,406,117,K966,,,Martin Klizan,L,191,SVK,35.663,296,177,6-4 6-2,3,R32,97,2,2,55,38,24,9,9,3,6,2,5,72,39,22,11,9,5,11
2025-2985,Hersonissos 2,Hard,32,C,O,20250310,14,S0KT,,,Stefanos Sakellaridis,R,198,GRE,20.487,452,97,S0GZ,,,Nikolas Sanchez Izquierdo,R,185,ESP,25.988,347,146,7-5 6-3,3,R32,98,5,2,59,31,27,16,11,1,2,3,2,62,37,22,14,10,9,12
2025-2985,Hersonissos 2,Hard,32,C,O,20250310,15,S0HR,,,Kasidit Samrej,R,191,THA,24.134,418,113,K0DP,,,Oleksii Krutykh,R,185,UKR,24.999,537,69,6-3 6-1,3,R32,67,3,2,52,28,22,14,8,0,0,2,1,44,21,12,11,8,2,6
2025-2985,Hersonissos 2,Hard,32,C,O,20250310,16,S0BT,,,Adria Soriano Barrera,R,191,COL,25.771,340,150,T0GE,,,Pavlos Tsitsipas,R,196,GRE,19.63,1096,11,6-1 6-2,3,R32,58,8,2,44,27,25,8,8,2,2,1,4,45,21,12,10,7,1,5
2025-2985,Hersonissos 2,Hard,32,C,O,20250310,17,S0GR,1,,Timofey Skatov,R,173,KAZ,24.131,182,316,PH78,,,Ryan Peniston,L,180,GBR,29.331,406,117,6-4 6-4,3,R16,118,2,4,83,46,28,18,10,6,9,0,3,60,36,21,10,10,1,6
2025-2985,Hersonissos 2,Hard,32,C,O,20250310,18,KC56,2,,Aslan Karatsev,R,185,RUS,31.513,207,267,S0BT,,,Adria Soriano Barrera,R,191,COL,25.771,340,150,6-3 6-3,3,R16,73,1,5,58,33,25,11,9,2,4,3,4,58,37,21,6,9,3,8
2025-2985,Hersonissos 2,Hard,32,C,O,20250310,19,C0NB,,,Federico Cina,R,185,ITA,17.947,557,65,SR81,3,,Khumoyun Sultanov,R,180,UZB,26.368,218,254,7-6(3) 6-0,3,R16,97,0,4,70,41,27,13,9,3,6,0,4,60,38,18,9,9,1,7
2025-2985,Hersonissos 2,Hard,32,C,O,20250310,20,DB59,,,Dennis Novak,R,183,AUT,31.532,366,138,W857,4,,Tung-Lin Wu,R,188,TPE,26.828,237,234,7-5 6-4,3,R16,97,2,2,74,54,39,9,11,2,3,0,1,64,49,32,7,11,1,4
2025-2985,Hersonissos 2,Hard,32,C,O,20250310,21,KI48,,,Ergi Kirkin,R,180,TUR,26.116,300,175,G09C,5,,Marek Gengel,R,185,CZE,29.478,244,228,7-6(1) 5-2 RET,3,R16,84,1,1,69,53,37,4,10,3,6,0,3,61,44,24,5,9,5,9
2025-2985,Hersonissos 2,Hard,32,C,O,20250310,22,R0E0,6,,Chris Rodesch,R,198,LUX,23.644,264,203,S0HR,,,Kasidit Samrej,R,191,THA,24.134,418,113,6-1 2-1 RET,3,R16,42,2,1,26,16,12,8,5,0,0,0,6,37,19,11,5,5,6,9
2025-2985,Hersonissos 2,Hard,32,C,O,20250310,23,KC33,,,Dimitar Kuzmanov,R,183,BUL,31.617,376,132,FC49,,,Giovanni Fonio,R,183,ITA,26.842,393,126,2-6 6-3 6-4,3,R16,118,3,1,86,59,39,14,14,9,13,3,1,86,60,34,18,13,7,11
2025-2985,Hersonissos 2,Hard,32,C,O,20250310,24,N731,,,Christoph Negritu,R,193,GER,30.971,320,162,S0KT,,,Stefanos Sakellaridis,R,198,GRE,20.487,452,97,7-5 6-4,3,R16,98,5,2,65,40,31,13,11,1,2,3,3,75,45,26,18,11,7,10
2025-2985,Hersonissos 2,Hard,32,C,O,20250310,25,KC33,,,Dimitar Kuzmanov,R,183,BUL,31.617,376,132,S0GR,1,,Timofey Skatov,R,173,KAZ,24.131,182,316,6-4 6-3,3,QF,99,2,3,56,35,23,14,10,2,4,3,2,59,35,23,9,9,3,7
2025-2985,Hersonissos 2,Hard,32,C,O,20250310,26,KC56,2,,Aslan Karatsev,R,185,RUS,31.513,207,267,R0E0,6,,Chris Rodesch,R,198,LUX,23.644,264,203,6-2 7-5,3,QF,87,1,6,60,35,26,13,10,3,5,0,8,64,36,20,11,10,6,11
2025-2985,Hersonissos 2,Hard,32,C,O,20250310,27,C0NB,,,Federico Cina,R,185,ITA,17.947,557,65,KI48,,,Ergi Kirkin,R,180,TUR,26.116,300,175,7-5 6-4,3,QF,110,1,3,64,39,27,15,11,3,5,4,5,83,42,31,15,11,8,12
2025-2985,Hersonissos 2,Hard,32,C,O,20250310,28,N731,,,Christoph Negritu,R,193,GER,30.971,320,162,DB59,,,Dennis Novak,R,183,AUT,31.532,366,138,6-3 6-7(3) 7-5,3,QF,147,4,1,90,49,38,20,17,2,5,2,1,118,77,45,20,16,10,15
2025-2985,Hersonissos 2,Hard,32,C,O,20250310,29,C0NB,,,Federico Cina,R,185,ITA,17.947,557,65,KC56,2,,Aslan Karatsev,R,185,RUS,31.513,207,267,6-4 6-2,3,SF,90,1,5,62,28,20,17,9,5,7,2,5,63,36,22,9,9,2,7
2025-2985,Hersonissos 2,Hard,32,C,O,20250310,30,KC33,,,Dimitar Kuzmanov,R,183,BUL,31.617,376,132,N731,,,Christoph Negritu,R,193,GER,30.971,320,162,6-3 7-5,3,SF,96,0,3,57,38,26,9,11,1,4,3,1,64,30,19,13,10,6,11
2025-2985,Hersonissos 2,Hard,32,C,O,20250310,31,KC33,,,Dimitar Kuzmanov,R,183,BUL,31.617,376,132,C0NB,,,Federico Cina,R,185,ITA,17.947,557,65,6-4 6-2,3,F,98,0,3,85,63,40,10,9,6,7,1,1,54,37,21,8,9,3,7
2025-3406,Santiago,Clay,32,C,O,20250310,1,MJ08,1,,Thiago Monteiro,L,183,BRA,30.776,105,562,D0AR,,,Mateus Alves,R,193,BRA,24.126,280,187,7-5 6-7(1) 6-3,3,R32,178,8,6,99,58,50,23,17,2,2,6,3,94,52,42,24,16,2,4
2025-3406,Santiago,Clay,32,C,O,20250310,2,GE33,2,,Daniel Elahi Galan,R,191,COL,28.726,123,468,T0DM,,,Juan Bautista Torres,R,178,ARG,22.938,272,197,6-4 6-4,3,R32,106,2,3,58,38,27,8,10,4,7,1,2,78,53,32,7,10,12,17
2025-3406,Santiago,Clay,32,C,O,20250310,3,BS86,3,,Tomas Barrios Vera,R,191,CHI,27.247,153,382,D0LJ,,,Diego Dedura,L,180,GER,16.994,556,65,3-6 6-2 7-5,3,R32,129,3,4,94,47,33,23,14,5,9,0,2,77,60,36,8,15,2,8
2025-3406,Santiago,Clay,32,C,O,20250310,4,N0AM,,,Emilio Nava,R,185,USA,23.269,238,232,FA43,4,,Juan Pablo Ficovich,R,188,ARG,28.123,169,337,6-0 6-4,3,R32,77,5,2,47,28,21,13,8,0,0,1,2,60,35,19,13,8,2,6
2025-3406,Santiago,Clay,32,C,O,20250310,5,F0F4,,,Kilian Feldbausch,R,191,SUI,19.504,593,57,V0DP,5,,Adolfo Daniel Vallejo,R,183,PAR,20.865,195,300,6-2 6-2,3,R32,80,0,2,49,28,20,13,8,3,4,0,5,54,29,16,10,8,1,6
2025-3406,Santiago,Clay,32,C,O,20250310,6,P0DF,,,Matheus Pucinelli De Almeida,R,183,BRA,23.94,358,142,V836,6,,Juan Pablo Varillas,R,185,PER,29.426,198,294,6-3 3-6 6-2,3,R32,134,1,4,75,47,30,12,13,5,10,1,2,80,40,21,18,13,10,17
2025-3406,Santiago,Clay,32,C,O,20250310,7,DC48,7,,Murkel Dellien,R,193,BOL,27.48,199,294,SM88,,,Karue Sell,R,183,BRA,31.321,274,195,6-2 6-4,3,R32,92,0,2,54,32,21,13,9,1,3,6,4,71,40,25,10,9,6,11
2025-3406,Santiago,Clay,32,C,O,20250310,8,CC66,8,,Andrea Collarini,L,183,ARG,33.106,202,284,G0DH,,,Alvaro Guillen Meza,R,175,ECU,22.185,251,218,4-6 6-4 6-4,3,R32,155,2,6,86,59,31,15,15,3,9,1,5,90,57,33,17,15,5,12
2025-3406,Santiago,Clay,32,C,O,20250310,9,B0GR,,,Gonzalo Bueno,R,173,PER,20.934,270,198,PG20,,,Dmitry Popko,R,191,KAZ,28.375,220,251,6-3 6-4,3,R32,95,2,2,57,36,26,13,9,0,0,1,5,65,29,19,18,10,3,6
2025-3406,Santiago,Clay,32,C,O,20250310,10,B0ID,,,Ignacio Buse,R,183,PER,20.958,227,245,M0EA,,,Pol Martin Tiffon,R,183,ESP,25.613,252,217,6-3 2-6 6-2,3,R32,121,1,3,80,51,33,15,13,3,6,2,3,73,43,28,15,12,3,7
2025-3406,Santiago,Clay,32,C,O,20250310,11,M0OH,,,Lautaro Midon,R,180,ARG,20.947,354,143,B0FI,,,Pedro Boscardin Dias,R,180,BRA,22.114,473,87,6-2 7-5,3,R32,102,1,2,56,27,19,14,10,2,5,0,0,59,34,14,12,10,2,8
2025-3406,Santiago,Clay,32,C,O,20250310,12,M0B2,,,Yuki Mochizuki,R,173,JPN,27.294,671,43,V0F6,,,Nicolas Villalon,R,180,CHI,21.049,1062,12,6-4 3-6 6-3,3,R32,145,1,3,83,57,27,15,14,2,9,0,5,91,53,29,14,14,3,11
2025-3406,Santiago,Clay,32,C,O,20250310,13,O660,,,Genaro Alberto Olivieri,R,175,ARG,26.598,325,158,J0AW,,,Guido Ivan Justo,R,178,ARG,27.228,413,115,6-2 6-7(3) 6-5 RET,3,R32,191,0,1,97,77,48,16,16,3,6,0,5,98,70,41,15,15,4,9
2025-3406,Santiago,Clay,32,C,O,20250310,14,O376,,,Renzo Olivo,R,178,ARG,32.986,348,145,S0IV,,,Paulo Andre Saraiva Dos Santos,R,180,BRA,24.712,735,34,6-3 3-6 7-6(5),3,R32,185,1,4,109,72,46,21,15,6,9,6,6,102,56,39,23,15,6,9
2025-3406,Santiago,Clay,32,C,O,20250310,15,R0A7,,,Joao Lucas Reis Da Silva,R,178,BRA,24.956,426,110,S0EK,,,Matias Soto,R,170,CHI,25.87,247,223,6-4 6-3,3,R32,85,8,3,62,42,31,8,9,3,4,1,3,59,27,13,19,10,1,5
2025-3406,Santiago,Clay,32,C,O,20250310,16,SL94,,,Pedro Sakamoto,R,178,BRA,31.696,338,151,T0H5,,,Benjamin Torrealba,L,180,CHI,19.713,1249,7,6-0 6-2,3,R32,63,0,1,42,24,17,13,7,0,0,0,7,46,19,7,11,7,6,11
2025-3406,Santiago,Clay,32,C,O,20250310,17,MJ08,1,,Thiago Monteiro,L,183,BRA,30.776,105,562,M0OH,,,Lautaro Midon,R,180,ARG,20.947,354,143,7-5 7-5,3,R16,122,2,2,63,37,30,13,12,0,2,3,3,83,50,34,12,12,8,12
2025-3406,Santiago,Clay,32,C,O,20250310,18,GE33,2,,Daniel Elahi Galan,R,191,COL,28.726,123,468,SL94,,,Pedro Sakamoto,R,178,BRA,31.696,338,151,6-3 6-4,3,R16,86,2,2,49,32,23,9,9,4,7,3,3,66,36,23,9,10,6,12
2025-3406,Santiago,Clay,32,C,O,20250310,19,R0A7,,,Joao Lucas Reis Da Silva,R,178,BRA,24.956,426,110,BS86,3,,Tomas Barrios Vera,R,191,CHI,27.247,153,382,6-3 6-1,3,R16,77,3,1,56,34,24,14,8,5,5,1,3,46,29,16,9,8,2,6
2025-3406,Santiago,Clay,32,C,O,20250310,20,O660,,,Genaro Alberto Olivieri,R,175,ARG,26.598,325,158,DC48,7,,Murkel Dellien,R,193,BOL,27.48,199,294,6-3 2-6 7-5,3,R16,159,0,1,85,62,36,11,14,6,11,1,1,96,73,47,7,15,6,12
2025-3406,Santiago,Clay,32,C,O,20250310,21,CC66,8,,Andrea Collarini,L,183,ARG,33.106,202,284,M0B2,,,Yuki Mochizuki,R,173,JPN,27.294,671,43,6-2 6-1,3,R16,64,1,0,36,26,21,4,7,1,2,0,2,48,30,12,5,8,1,7
2025-3406,Santiago,Clay,32,C,O,20250310,22,B0ID,,,Ignacio Buse,R,183,PER,20.958,227,245,F0F4,,,Kilian Feldbausch,R,191,SUI,19.504,593,57,6-3 7-6(2),3,R16,108,1,1,87,62,43,11,11,11,13,0,5,65,45,28,6,10,4,7
2025-3406,Santiago,Clay,32,C,O,20250310,23,N0AM,,,Emilio Nava,R,185,USA,23.269,238,232,B0GR,,,Gonzalo Bueno,R,173,PER,20.934,270,198,1-6 6-1 6-3,3,R16,105,10,4,69,40,30,16,11,4,6,0,4,78,46,32,12,12,2,6
2025-3406,Santiago,Clay,32,C,O,20250310,24,P0DF,,,Matheus Pucinelli De Almeida,R,183,BRA,23.94,358,142,O376,,,Renzo Olivo,R,178,ARG,32.986,348,145,6-7(2) 6-2 6-1,3,R16,148,1,3,81,45,29,23,13,3,5,2,1,80,50,28,15,14,5,12
2025-3406,Santiago,Clay,32,C,O,20250310,25,MJ08,1,,Thiago Monteiro,L,183,BRA,30.776,105,562,O660,,,Genaro Alberto Olivieri,R,175,ARG,26.598,325,158,3-6 6-3 6-3,3,QF,151,5,5,74,44,34,15,13,2,4,0,2,93,73,44,10,14,6,10
2025-3406,Santiago,Clay,32,C,O,20250310,26,GE33,2,,Daniel Elahi Galan,R,191,COL,28.726,123,468,P0DF,,,Matheus Pucinelli De Almeida,R,183,BRA,23.94,358,142,7-6(4) 7-6(4),3,QF,177,3,6,96,64,42,15,12,6,9,3,7,127,73,43,27,12,15,18
2025-3406,Santiago,Clay,32,C,O,20250310,27,N0AM,,,Emilio Nava,R,185,USA,23.269,238,232,CC66,8,,Andrea Collarini,L,183,ARG,33.106,202,284,5-7 6-3 6-3,3,QF,165,7,6,89,54,45,12,15,5,8,2,4,109,70,45,17,15,7,12
2025-3406,Santiago,Clay,32,C,O,20250310,28,B0ID,,,Ignacio Buse,R,183,PER,20.958,227,245,R0A7,,,Joao Lucas Reis Da Silva,R,178,BRA,24.956,426,110,6-2 6-2,3,QF,72,3,0,43,31,24,6,8,1,2,2,5,49,30,20,3,8,7,12
2025-3406,Santiago,Clay,32,C,O,20250310,29,MJ08,1,,Thiago Monteiro,L,183,BRA,30.776,105,562,B0ID,,,Ignacio Buse,R,183,PER,20.958,227,245,7-5 7-6(4),3,SF,133,2,4,71,43,29,15,12,0,3,0,2,84,58,36,11,12,5,9
2025-3406,Santiago,Clay,32,C,O,20250310,30,GE33,2,,Daniel Elahi Galan,R,191,COL,28.726,123,468,N0AM,,,Emilio Nava,R,185,USA,23.269,238,232,7-6(8) 6-2,3,SF,108,1,1,71,47,34,14,10,3,4,6,5,70,41,29,14,10,3,6
2025-3406,Santiago,Clay,32,C,O,20250310,31,GE33,2,,Daniel Elahi Galan,R,191,COL,28.726,123,468,MJ08,1,,Thiago Monteiro,L,183,BRA,30.776,105,562,7-5 6-3,3,F,105,14,3,70,52,39,8,11,4,5,0,2,59,33,24,12,10,5,8
2025-398,Cherbourg,Hard,32,C,I,20250310,1,H996,1,,Pierre-Hugues Herbert,R,188,FRA,33.979,180,320,C0BH,,,Clement Chidekh,R,180,FRA,23.74,240,231,2-6 6-3 6-3,3,R32,121,8,6,93,55,42,16,13,10,12,2,1,79,45,33,18,13,4,7
2025-398,Cherbourg,Hard,32,C,I,20250310,2,V0BC,,,Cyril Vandermeersch,R,180,FRA,25.845,863,22,K0E6,2,,Alibek Kachmazov,R,185,RUS,22.563,186,308,7-5 6-3,3,R32,83,2,4,59,33,24,14,11,2,5,2,5,74,48,28,9,10,4,9
2025-398,Cherbourg,Hard,32,C,I,20250310,3,S0AQ,4,,Yuta Shimizu,L,163,JPN,25.752,197,295,Y171,,,Denis Yevseyev,R,188,KAZ,31.8,256,216,6-2 3-6 6-3,3,R32,115,2,5,106,72,47,16,13,7,9,4,4,99,55,38,17,13,6,10
2025-398,Cherbourg,Hard,32,C,I,20250310,4,SO20,,,Jelle Sels,R,188,NED,29.582,367,138,E768,5,,Antoine Escoffier,R,185,FRA,33.027,206,268,6-4 6-4,3,R32,93,1,1,60,36,26,14,10,5,7,6,3,74,46,33,9,10,7,11
2025-398,Cherbourg,Hard,32,C,I,20250310,5,R09X,6,,Jurij Rodionov,L,191,AUT,25.818,209,266,P0D0,,,Jakub Paul,R,180,SUI,25.969,343,149,6-2 6-3,3,R32,59,0,0,43,27,21,11,8,0,0,3,2,59,38,20,11,9,4,8
2025-398,Cherbourg,Hard,32,C,I,20250310,6,O0A2,7,,Gauthier Onclin,R,180,BEL,24.033,212,264,H0BF,,,Philip Henning,R,180,RSA,24.329,345,147,6-1 6-3,3,R32,59,1,1,46,36,29,4,8,1,1,1,1,39,29,19,1,8,1,5
2025-398,Cherbourg,Hard,32,C,I,20250310,7,M0TO,,,Mae Malige,R,173,FRA,18.949,568,62,Z09Z,8,,Beibit Zhukayev,R,198,KAZ,24.408,213,262,6-3 2-6 6-4,3,R32,115,3,8,98,53,42,18,14,5,7,9,1,71,40,30,19,13,4,6
2025-398,Cherbourg,Hard,32,C,I,20250310,8,B0ER,,,Arthur Bouquier,R,188,FRA,24.205,225,247,G0GW,,,Sascha Gueymard Wayenburg,R,191,FRA,21.607,253,217,6-7(3) 6-4 6-2,3,R32,99,13,1,93,64,48,14,15,1,3,1,3,74,34,26,22,15,1,6
2025-398,Cherbourg,Hard,32,C,I,20250310,9,D750,,,Kenny De Schepper,L,203,FRA,37.782,674,43,DC76,,,Viktor Durasovic,R,185,NOR,27.975,241,231,6-2 6-4,3,R32,79,4,1,48,35,24,9,9,2,4,1,3,67,41,21,12,9,2,7
2025-398,Cherbourg,Hard,32,C,I,20250310,10,F0DM,,,Arthur Fery,R,175,GBR,22.661,441,101,GC89,,,Egor Gerasimov,R,196,BLR,32.326,399,119,6-7(2) 7-6(5) 6-4,3,R32,156,12,1,97,70,61,14,17,0,0,14,1,129,95,66,22,17,6,7
2025-398,Cherbourg,Hard,32,C,I,20250310,11,G0I2,,,Adrien Gobat,R,175,FRA,23.666,1123,10,J0A4,,,Paul Jubb,R,180,GBR,25.358,215,260,6-3 6-4,3,R32,78,6,1,64,38,30,13,10,4,5,3,0,57,33,20,13,9,5,8
2025-398,Cherbourg,Hard,32,C,I,20250310,12,J620,,,Maxime Janvier,R,196,FRA,28.392,283,184,SS25,,,Vitaliy Sachko,R,188,UKR,27.655,384,129,6-3 2-6 6-3,3,R32,96,6,4,77,52,36,14,13,3,5,5,1,73,49,38,11,13,6,9
2025-398,Cherbourg,Hard,32,C,I,20250310,13,MW76,,,Matteo Martineau,R,183,FRA,26.146,263,205,P0HP,,,Lukas Pokorny,R,191,SVK,23.028,436,106,4-6 6-4 7-5,3,R32,109,9,2,86,58,48,17,16,3,4,18,2,92,65,50,13,16,2,4
2025-398,Cherbourg,Hard,32,C,I,20250310,14,M0QK,,,Loann Massard,R,180,FRA,19.619,636,49,G0IB,,,Tom Gentzsch,R,191,GER,21.511,481,85,6-4 3-6 6-4,3,R32,127,3,1,88,56,43,15,14,7,9,9,6,89,54,42,17,15,6,9
2025-398,Cherbourg,Hard,32,C,I,20250310,15,RH24,,,Emil Ruusuvuori,R,188,FIN,25.938,221,250,PL64,,,Oleg Prihodko,R,180,UKR,27.433,315,164,6-4 1-6 6-3,3,R32,81,6,2,81,46,31,19,13,3,6,7,4,73,50,35,11,13,1,4
2025-398,Cherbourg,Hard,32,C,I,20250310,16,Z09F,,,Patrick Zahraj,R,191,GER,25.648,319,163,V717,,,Alexey Vatutin,R,178,RUS,32.367,316,164,6-1 6-4,3,R32,64,5,1,49,31,25,11,9,2,3,1,1,49,31,18,7,8,1,5
2025-398,Cherbourg,Hard,32,C,I,20250310,17,H996,1,,Pierre-Hugues Herbert,R,188,FRA,33.979,180,320,B0ER,,,Arthur Bouquier,R,188,FRA,24.205,225,247,6-3 3-6 6-3,3,R16,96,9,5,79,44,39,19,14,4,5,8,3,76,54,43,11,13,7,9
2025-398,Cherbourg,Hard,32,C,I,20250310,18,S0AQ,4,,Yuta Shimizu,L,163,JPN,25.752,197,295,J620,,,Maxime Janvier,R,196,FRA,28.392,283,184,6-2 7-6(6),3,R16,83,1,2,71,51,38,8,10,4,6,8,6,71,45,26,13,10,5,9
2025-398,Cherbourg,Hard,32,C,I,20250310,19,R09X,6,,Jurij Rodionov,L,191,AUT,25.818,209,266,M0QK,,,Loann Massard,R,180,FRA,19.619,636,49,6-3 6-1,3,R16,49,2,1,42,31,24,5,8,3,5,4,2,39,18,8,6,8,2,8
2025-398,Cherbourg,Hard,32,C,I,20250310,20,RH24,,,Emil Ruusuvuori,R,188,FIN,25.938,221,250,O0A2,7,,Gauthier Onclin,R,180,BEL,24.033,212,264,6-4 6-3,3,R16,92,6,3,56,32,27,10,10,0,2,0,0,79,55,33,9,9,13,17
2025-398,Cherbourg,Hard,32,C,I,20250310,21,F0DM,,,Arthur Fery,R,175,GBR,22.661,441,101,V0BC,,,Cyril Vandermeersch,R,180,FRA,25.845,863,22,6-2 6-2,3,R16,70,6,0,47,33,26,8,8,1,1,2,3,59,38,21,7,8,4,8
2025-398,Cherbourg,Hard,32,C,I,20250310,22,MW76,,,Matteo Martineau,R,183,FRA,26.146,263,205,D750,,,Kenny De Schepper,L,203,FRA,37.782,674,43,7-6(2) 4-6 7-6(5),3,R16,128,11,2,104,72,60,18,17,4,5,9,0,98,77,64,11,17,0,0
2025-398,Cherbourg,Hard,32,C,I,20250310,23,SO20,,,Jelle Sels,R,188,NED,29.582,367,138,G0I2,,,Adrien Gobat,R,175,FRA,23.666,1123,10,6-4 6-1,3,R16,,,,,,,,,,,,,,,,,,,
2025-398,Cherbourg,Hard,32,C,I,20250310,24,Z09F,,,Patrick Zahraj,R,191,GER,25.648,319,163,M0TO,,,Mae Malige,R,173,FRA,18.949,568,62,4-6 6-3 6-3,3,R16,139,7,5,110,69,45,17,14,9,13,4,3,85,51,32,15,14,3,9
2025-398,Cherbourg,Hard,32,C,I,20250310,25,H996,1,,Pierre-Hugues Herbert,R,188,FRA,33.979,180,320,RH24,,,Emil Ruusuvuori,R,188,FIN,25.938,221,250,7-6(5) 6-1,3,QF,84,12,4,62,40,32,10,10,1,2,4,5,66,41,28,10,9,6,9
2025-398,Cherbourg,Hard,32,C,I,20250310,26,SO20,,,Jelle Sels,R,188,NED,29.582,367,138,S0AQ,4,,Yuta Shimizu,L,163,JPN,25.752,197,295,7-5 6-3,3,QF,90,5,1,75,51,35,15,11,5,6,3,3,61,37,24,12,10,6,9
2025-398,Cherbourg,Hard,32,C,I,20250310,27,R09X,6,,Jurij Rodionov,L,191,AUT,25.818,209,266,MW76,,,Matteo Martineau,R,183,FRA,26.146,263,205,6-3 6-3,3,QF,59,1,0,50,31,25,13,9,1,1,8,4,45,28,22,7,9,1,4
2025-398,Cherbourg,Hard,32,C,I,20250310,28,Z09F,,,Patrick Zahraj,R,191,GER,25.648,319,163,F0DM,,,Arthur Fery,R,175,GBR,22.661,441,101,7-5 6-1,3,QF,88,8,2,69,47,32,13,10,2,3,5,1,61,45,28,6,9,1,5
2025-398,Cherbourg,Hard,32,C,I,20250310,29,H996,1,,Pierre-Hugues Herbert,R,188,FRA,33.979,180,320,R09X,6,,Jurij Rodionov,L,191,AUT,25.818,209,266,6-4 6-2,3,SF,71,8,3,50,32,26,11,9,1,1,0,2,50,27,16,14,9,2,5
2025-398,Cherbourg,Hard,32,C,I,20250310,30,SO20,,,Jelle Sels,R,188,NED,29.582,367,138,Z09F,,,Patrick Zahraj,R,191,GER,25.648,319,163,6-3 6-7(2) 6-3,3,SF,149,8,2,101,74,54,10,16,4,7,13,2,90,59,43,11,14,5,10
2025-398,Cherbourg,Hard,32,C,I,20250310,31,H996,1,,Pierre-Hugues Herbert,R,188,FRA,33.979,180,320,SO20,,,Jelle Sels,R,188,NED,29.582,367,138,6-3 6-4,3,F,70,6,4,53,38,35,7,10,3,3,3,1,46,28,19,11,9,1,3
2025-2975,Cap Cana,Hard,32,C,O,20250311,1,M0NI,5,,Jakub Mensik,R,196,CZE,19.524,57,992,GD64,,,Cristian Garin,R,185,CHI,28.78,138,427,6-3 6-4,3,R32,76,7,4,56,32,28,13,10,0,0,3,0,58,43,31,6,9,0,2
2025-2975,Cap Cana,Hard,32,C,O,20250311,2,BM95,6,,Benjamin Bonzi,R,183,FRA,28.753,62,910,P0J1,,,Rodrigo Pacheco Mendez,L,191,MEX,19.877,231,240,2-6 6-2 6-2,3,R32,107,10,3,83,51,37,15,12,4,6,7,3,84,55,36,12,12,7,11
2025-2975,Cap Cana,Hard,32,C,O,20250311,3,K0AZ,,,Aleksandar Kovacevic,R,183,USA,26.533,94,630,B0GG,7,,Mattia Bellucci,L,175,ITA,23.775,70,840,6-4 6-4,3,R32,95,3,2,55,35,28,10,10,2,3,3,2,72,47,32,9,10,5,8
2025-2975,Cap Cana,Hard,32,C,O,20250311,4,LB66,,,Constant Lestienne,R,180,FRA,32.799,176,330,N771,8,,Cameron Norrie,L,188,GBR,29.55,77,784,6-4 7-5,3,R32,102,5,2,74,42,27,13,11,5,10,3,2,66,36,19,10,11,1,8
2025-2975,Cap Cana,Hard,32,C,O,20250311,5,AE14,,,Daniel Altmaier,R,188,GER,26.494,78,768,L987,,,Dusan Lajovic,R,183,SRB,34.697,108,555,6-2 6-7(4) 6-2,3,R32,129,14,0,78,44,40,19,14,0,0,3,1,98,63,41,19,14,7,11
2025-2975,Cap Cana,Hard,32,C,O,20250311,6,CF88,,,Roberto Cid Subervi,R,193,DOM,31.529,474,86,SY67,,,Sho Shimabukuro,R,180,JPN,27.614,192,304,7-5 6-3,3,R32,97,2,1,69,47,31,12,11,3,6,4,3,54,26,19,9,10,3,8
2025-2975,Cap Cana,Hard,32,C,O,20250311,7,D923,,,Damir Dzumhur,R,175,BIH,32.808,84,712,B0EJ,,,Tristan Boyer,R,188,USA,23.888,117,501,3-6 6-4 6-2,3,R32,129,0,1,70,46,29,15,13,2,6,2,3,102,71,42,10,14,9,15
2025-2975,Cap Cana,Hard,32,C,O,20250311,8,F510,,,Fabio Fognini,R,178,ITA,37.799,95,629,S0N0,,,Tristan Schoolkate,R,183,AUS,24.036,130,450,1-6 6-3 6-2,3,R32,120,3,2,82,39,28,25,12,7,9,6,4,79,38,29,19,12,2,5
2025-2975,Cap Cana,Hard,32,C,O,20250311,9,M0OQ,,,James McCabe,R,188,AUS,21.684,196,298,V0AM,,,Otto Virtanen,R,193,FIN,23.721,115,515,7-6(5) 6-0,3,R32,85,9,0,59,40,31,7,9,2,4,3,1,60,33,17,12,9,4,9
2025-2975,Cap Cana,Hard,32,C,O,20250311,10,M0AW,,,Nicolas Mejia,R,183,COL,25.079,201,286,SX91,,,Thiago Seyboth Wild,R,185,BRA,25.002,91,657,4-6 6-3 6-2,3,R32,155,4,3,87,58,39,15,13,6,9,0,2,82,57,40,5,14,10,16
2025-2975,Cap Cana,Hard,32,C,O,20250311,11,S0UV,,,Rei Sakamoto,R,193,JPN,18.713,365,138,N0AL,,,Govind Nanda,R,178,USA,24.06,408,116,6-3 6-4,3,R32,99,7,3,71,47,34,11,10,4,5,0,1,63,44,25,9,9,7,10
2025-2975,Cap Cana,Hard,32,C,O,20250311,12,W0BH,,,Coleman Wong,R,191,HKG,20.761,191,305,HD68,,,Billy Harris,R,193,GBR,30.125,107,558,6-3 6-7(4) 6-4,3,R32,155,12,2,98,56,41,27,16,6,8,6,3,96,59,43,19,15,3,7
2025-2975,Cap Cana,Hard,32,C,O,20250311,13,MP20,1,,Alexandre Muller,R,183,FRA,28.104,44,1270,M0OQ,,,James McCabe,R,188,AUS,21.684,196,298,6-0 6-2,3,R16,64,1,0,40,28,22,8,7,2,2,2,1,55,35,18,6,7,9,14
2025-2975,Cap Cana,Hard,32,C,O,20250311,14,EA24,2,,Tomas Martin Etcheverry,R,196,ARG,25.648,45,1265,M0AW,,,Nicolas Mejia,R,183,COL,25.079,201,286,6-2 6-4,3,R16,109,4,1,55,40,29,8,9,1,2,1,2,56,35,24,7,9,5,9
2025-2975,Cap Cana,Hard,32,C,O,20250311,15,KI95,,,Miomir Kecmanovic,R,183,SRB,25.528,49,1146,CF88,,,Roberto Cid Subervi,R,193,DOM,31.529,474,86,6-0 6-3,3,R16,70,2,0,40,26,20,9,7,2,2,2,2,54,35,18,8,8,1,6
2025-2975,Cap Cana,Hard,32,C,O,20250311,16,AE14,,,Daniel Altmaier,R,188,GER,26.494,78,768,GB88,4,,David Goffin,R,180,BEL,34.259,56,1006,6-2 6-7(12) 6-3,3,R16,167,10,2,108,68,50,21,15,6,7,0,2,97,53,32,27,14,5,9
2025-2975,Cap Cana,Hard,32,C,O,20250311,17,M0NI,5,,Jakub Mensik,R,196,CZE,19.524,57,992,S0UV,,,Rei Sakamoto,R,193,JPN,18.713,365,138,6-4 6-2,3,R16,56,6,1,44,31,28,8,9,0,0,1,5,54,38,24,8,9,1,4
2025-2975,Cap Cana,Hard,32,C,O,20250311,18,D923,,,Damir Dzumhur,R,175,BIH,32.808,84,712,BM95,6,,Benjamin Bonzi,R,183,FRA,28.753,62,910,6-0 6-2,3,R16,64,1,2,45,30,22,10,7,3,3,1,0,48,34,14,5,7,5,10
2025-2975,Cap Cana,Hard,32,C,O,20250311,19,K0AZ,,,Aleksandar Kovacevic,R,183,USA,26.533,94,630,W0BH,,,Coleman Wong,R,191,HKG,20.761,191,305,6-2 7-6(6),3,R16,85,4,1,57,34,28,18,10,0,0,6,1,66,35,23,20,10,5,7
2025-2975,Cap Cana,Hard,32,C,O,20250311,20,LB66,,,Constant Lestienne,R,180,FRA,32.799,176,330,F510,,,Fabio Fognini,R,178,ITA,37.799,95,629,6-4 6-3,3,R16,93,4,5,71,41,26,19,10,8,9,1,5,63,42,29,7,9,6,9
2025-2975,Cap Cana,Hard,32,C,O,20250311,21,MP20,1,,Alexandre Muller,R,183,FRA,28.104,44,1270,LB66,,,Constant Lestienne,R,180,FRA,32.799,176,330,7-6(6) 6-4,3,QF,123,2,2,80,50,32,13,11,5,9,5,1,71,42,28,10,11,1,6
2025-2975,Cap Cana,Hard,32,C,O,20250311,22,M0NI,5,,Jakub Mensik,R,196,CZE,19.524,57,992,EA24,2,,Tomas Martin Etcheverry,R,196,ARG,25.648,45,1265,6-3 6-7(7) 6-3,3,QF,164,6,3,109,65,52,24,16,6,7,5,3,97,65,47,17,14,3,6
2025-2975,Cap Cana,Hard,32,C,O,20250311,23,D923,,,Damir Dzumhur,R,175,BIH,32.808,84,712,KI95,,,Miomir Kecmanovic,R,183,SRB,25.528,49,1146,7-6(3) 7-6(5),3,QF,141,3,2,91,61,43,15,12,8,10,2,1,85,53,32,19,12,3,5
2025-2975,Cap Cana,Hard,32,C,O,20250311,24,K0AZ,,,Aleksandar Kovacevic,R,183,USA,26.533,94,630,AE14,,,Daniel Altmaier,R,188,GER,26.494,78,768,4-6 6-4 6-3,3,QF,154,5,4,101,70,46,15,15,5,8,9,2,90,52,37,17,14,8,12
2025-2975,Cap Cana,Hard,32,C,O,20250311,25,K0AZ,,,Aleksandar Kovacevic,R,183,USA,26.533,94,630,MP20,1,,Alexandre Muller,R,183,FRA,28.104,44,1270,6-4 2-6 7-6(5),3,SF,145,3,3,84,50,39,17,15,0,3,3,2,99,68,48,16,15,6,8
2025-2975,Cap Cana,Hard,32,C,O,20250311,26,D923,,,Damir Dzumhur,R,175,BIH,32.808,84,712,M0NI,5,,Jakub Mensik,R,196,CZE,19.524,57,992,5-7 6-4 6-4,3,SF,163,0,0,96,70,45,18,16,5,9,9,3,107,50,30,33,16,8,13
2025-2975,Cap Cana,Hard,32,C,O,20250311,27,K0AZ,,,Aleksandar Kovacevic,R,183,USA,26.533,94,630,D923,,,Damir Dzumhur,R,175,BIH,32.808,84,712,6-2 6-3,3,F,72,3,0,56,29,23,13,9,5,6,1,3,46,33,20,6,8,4,8
2025-9167,Phoenix,Hard,32,C,O,20250311,1,BK92,,,Alexander Bublik,R,196,KAZ,27.732,82,745,V832,5,,Aleksandar Vukic,R,188,AUS,28.928,64,868,6-3 3-6 6-3,3,R32,92,19,3,80,57,48,10,14,1,2,6,3,85,56,41,13,13,4,6
2025-9167,Phoenix,Hard,32,C,O,20250311,2,N552,,,Kei Nishikori,R,178,JPN,35.198,76,793,N0BG,6,,Luca Nardi,R,185,ITA,21.596,67,862,6-4 6-3,3,R32,83,1,2,67,38,26,10,10,8,12,1,1,55,29,15,9,9,1,7
2025-9167,Phoenix,Hard,32,C,O,20250311,3,SX50,7,,Roman Safiullin,R,185,RUS,27.592,69,848,E865,,,Christopher Eubanks,R,201,USA,28.849,104,567,7-6(2) 6-1,3,R32,67,6,3,55,39,33,9,10,3,4,5,4,56,41,26,6,9,1,4
2025-9167,Phoenix,Hard,32,C,O,20250311,4,O522,,,Reilly Opelka,R,211,USA,27.535,114,516,RC91,8,,Arthur Rinderknech,R,196,FRA,29.634,73,824,4-6 7-5 7-5,3,R32,146,26,3,122,78,56,23,17,9,10,11,3,105,70,54,19,17,1,3
2025-9167,Phoenix,Hard,32,C,O,20250311,5,F0BY,,,Jacob Fearnley,R,183,GBR,23.655,81,747,D994,,,James Duckworth,R,183,AUS,33.136,97,628,7-6(3) 6-3,3,R32,101,8,0,75,48,41,14,11,5,5,6,5,70,41,31,14,10,3,4
2025-9167,Phoenix,Hard,32,C,O,20250311,6,F0FV,,,Joao Fonseca,R,188,BRA,18.554,80,750,K09F,,,Pavel Kotov,R,191,RUS,26.311,102,573,6-2 6-4,3,R32,89,1,0,49,33,27,10,9,0,0,1,0,73,53,28,12,9,8,11
2025-9167,Phoenix,Hard,32,C,O,20250311,7,G09O,,,Hugo Gaston,L,173,FRA,24.454,93,636,W09E,,,Adam Walton,R,183,AUS,25.9,96,629,6-2 6-4,3,R32,73,3,0,58,28,19,20,9,3,4,1,3,54,25,20,9,9,6,10
2025-9167,Phoenix,Hard,32,C,O,20250311,8,H0BH,,,Rinky Hijikata,R,178,AUS,24.044,83,732,H09P,,,Brandon Holt,R,185,USA,26.93,111,528,7-6(0) 7-6(3),3,R32,132,3,1,85,51,37,20,12,3,4,6,0,75,48,32,17,12,3,4
2025-9167,Phoenix,Hard,32,C,O,20250311,9,K926,,,Mikhail Kukushkin,R,183,KAZ,37.207,166,349,U134,,,Yasutaka Uchiyama,R,183,JPN,32.597,160,365,6-4 6-2,3,R32,88,2,0,55,38,25,11,9,1,2,3,3,60,32,21,11,9,2,6
2025-9167,Phoenix,Hard,32,C,O,20250311,10,MW02,,,Corentin Moutet,L,180,FRA,25.895,79,759,BG23,,,Nikoloz Basilashvili,R,185,GEO,33.046,152,383,6-3 6-2,3,R32,73,0,1,47,28,22,8,8,3,5,2,3,68,38,17,14,9,4,10
2025-9167,Phoenix,Hard,32,C,O,20250311,11,S0ZE,,,Colton Smith,R,183,USA,22.018,261,209,S0H2,,,Alexander Shevchenko,R,188,KAZ,24.279,98,618,6-1 7-5,3,R32,66,3,3,42,26,22,10,9,0,1,1,1,63,47,26,6,10,6,11
2025-9167,Phoenix,Hard,32,C,O,20250311,12,S0JA,,,Eliot Spizzirri,R,185,USA,23.214,144,411,TC01,,,Li Tu,R,183,AUS,28.789,177,326,6-4 6-2,3,R32,81,2,0,62,44,36,8,9,2,2,2,2,61,44,29,7,9,10,13
2025-9167,Phoenix,Hard,32,C,O,20250311,13,BT72,1,,Nuno Borges,R,185,POR,28.055,36,1385,F0BY,,,Jacob Fearnley,R,183,GBR,23.655,81,747,6-2 7-5,3,R16,78,5,2,60,39,30,12,10,5,6,6,5,66,42,28,7,10,2,6
2025-9167,Phoenix,Hard,32,C,O,20250311,14,C0E9,2,,Flavio Cobolli,R,183,ITA,22.847,40,1295,S0JA,,,Eliot Spizzirri,R,185,USA,23.214,144,411,6-3 5-7 7-5,3,R16,146,7,3,111,66,43,25,17,3,6,6,0,95,74,49,9,16,5,9
2025-9167,Phoenix,Hard,32,C,O,20250311,15,MW02,,,Corentin Moutet,L,180,FRA,25.895,79,759,MO44,3,,Pedro Martinez,R,185,ESP,27.874,41,1295,6-4 6-3,3,R16,97,3,2,58,32,21,14,9,3,5,0,5,66,42,23,10,10,4,9
2025-9167,Phoenix,Hard,32,C,O,20250311,16,F0FV,,,Joao Fonseca,R,188,BRA,18.554,80,750,SL28,4,,Jan-Lennard Struff,R,193,GER,34.877,46,1200,6-1 4-6 6-3,3,R16,,,,,,,,,,,,,,,,,,,
2025-9167,Phoenix,Hard,32,C,O,20250311,17,S0ZE,,,Colton Smith,R,183,USA,22.018,261,209,SX50,7,,Roman Safiullin,R,185,RUS,27.592,69,848,6-4 7-6(2),3,R16,114,3,1,79,50,34,14,11,5,8,0,2,81,54,35,10,11,7,11
2025-9167,Phoenix,Hard,32,C,O,20250311,18,BK92,,,Alexander Bublik,R,196,KAZ,27.732,82,745,H0BH,,,Rinky Hijikata,R,178,AUS,24.044,83,732,6-2 5-7 6-3,3,R16,108,19,6,88,51,41,15,15,4,7,2,1,89,53,32,19,14,2,7
2025-9167,Phoenix,Hard,32,C,O,20250311,19,G09O,,,Hugo Gaston,L,173,FRA,24.454,93,636,O522,,,Reilly Opelka,R,211,USA,27.535,114,516,7-6(6) 6-3,3,R16,84,3,3,64,39,33,14,11,1,2,15,3,76,46,35,13,10,4,6
2025-9167,Phoenix,Hard,32,C,O,20250311,20,N552,,,Kei Nishikori,R,178,JPN,35.198,76,793,K926,,,Mikhail Kukushkin,R,183,KAZ,37.207,166,349,6-3 2-1 RET,3,R16,41,4,1,31,19,18,6,6,0,0,4,0,36,26,16,5,6,2,4
2025-9167,Phoenix,Hard,32,C,O,20250311,21,BT72,1,,Nuno Borges,R,185,POR,28.055,36,1385,S0ZE,,,Colton Smith,R,183,USA,22.018,261,209,6-4 6-4,3,QF,74,2,2,57,36,29,9,10,1,3,3,2,52,34,19,8,10,3,7
2025-9167,Phoenix,Hard,32,C,O,20250311,22,N552,,,Kei Nishikori,R,178,JPN,35.198,76,793,C0E9,2,,Flavio Cobolli,R,183,ITA,22.847,40,1295,6-2 4-6 6-4,3,QF,132,2,3,103,65,45,19,14,8,10,6,5,97,50,32,23,14,6,10
2025-9167,Phoenix,Hard,32,C,O,20250311,23,BK92,,,Alexander Bublik,R,196,KAZ,27.732,82,745,MW02,,,Corentin Moutet,L,180,FRA,25.895,79,759,2-6 7-6(4) 7-5,3,QF,145,8,3,93,58,39,18,16,3,8,3,4,112,72,46,20,16,2,6
2025-9167,Phoenix,Hard,32,C,O,20250311,24,F0FV,,,Joao Fonseca,R,188,BRA,18.554,80,750,G09O,,,Hugo Gaston,L,173,FRA,24.454,93,636,6-4 6-4,3,QF,70,3,1,58,38,30,10,10,2,3,3,0,57,32,22,10,10,1,4
2025-9167,Phoenix,Hard,32,C,O,20250311,25,BK92,,,Alexander Bublik,R,196,KAZ,27.732,82,745,BT72,1,,Nuno Borges,R,185,POR,28.055,36,1385,6-3 6-4,3,SF,65,16,4,60,43,35,7,10,2,3,1,3,51,28,20,12,9,3,6
2025-9167,Phoenix,Hard,32,C,O,20250311,26,F0FV,,,Joao Fonseca,R,188,BRA,18.554,80,750,N552,,,Kei Nishikori,R,178,JPN,35.198,76,793,6-3 6-3,3,SF,68,7,1,50,33,25,12,9,0,0,0,0,56,35,19,12,9,2,5
2025-9167,Phoenix,Hard,32,C,O,20250311,27,F0FV,,,Joao Fonseca,R,188,BRA,18.554,80,750,BK92,,,Alexander Bublik,R,196,KAZ,27.732,82,745,7-6(5) 7-6(0),3,F,104,8,2,86,57,39,18,12,2,4,15,10,104,60,39,21,12,9,11
2025-2909,Asuncion,Clay,32,C,O,20250317,1,MJ08,1,,Thiago Monteiro,L,183,BRA,30.795,99,590,BU70,,,Remy Bertola,R,175,SUI,26.543,285,187,6-4 0-6 6-1,3,R32,102,3,2,61,40,26,11,11,3,6,7,6,76,44,31,15,12,6,10
2025-2909,Asuncion,Clay,32,C,O,20250317,2,GE33,2,,Daniel Elahi Galan,R,191,COL,28.745,110,532,T0H5,,,Benjamin Torrealba,L,180,CHI,19.732,1243,7,6-1 6-4,3,R32,62,4,2,47,31,21,11,9,0,2,1,7,47,29,17,5,8,1,6
2025-2909,Asuncion,Clay,32,C,O,20250317,3,B0FV,3,,Roman Andres Burruchaga,R,183,ARG,23.146,137,430,O660,,,Genaro Alberto Olivieri,R,175,ARG,26.617,324,160,6-1 6-4,3,R32,77,3,3,50,33,27,9,9,0,0,0,1,51,40,25,4,8,1,4
2025-2909,Asuncion,Clay,32,C,O,20250317,4,BS86,4,,Tomas Barrios Vera,R,191,CHI,27.266,149,388,CN15,,,Felix Corwin,R,188,USA,28.808,526,72,6-1 7-6(3),3,R32,96,1,1,60,40,32,11,10,0,1,0,1,69,43,28,8,9,5,8
2025-2909,Asuncion,Clay,32,C,O,20250317,5,P0DF,,,Matheus Pucinelli De Almeida,R,183,BRA,23.959,345,148,MJ98,5,,Facundo Mena,R,183,ARG,32.482,186,306,7-5 6-2,3,R32,110,0,4,64,36,26,18,10,2,2,2,2,74,40,26,17,10,4,7
2025-2909,Asuncion,Clay,32,C,O,20250317,6,V0DP,6,,Adolfo Daniel Vallejo,R,183,PAR,20.884,187,306,RH59,,,Santiago Rodriguez Taverna,R,191,ARG,25.67,310,170,6-3 7-6(5),3,R32,114,2,2,66,45,34,9,10,2,4,1,1,75,38,21,22,11,3,7
2025-2909,Asuncion,Clay,32,C,O,20250317,7,V836,7,,Juan Pablo Varillas,R,185,PER,29.446,236,231,J0AW,,,Guido Ivan Justo,R,178,ARG,27.247,411,117,6-3 6-4,3,R32,100,4,1,64,30,22,19,10,3,4,0,1,60,48,28,6,9,5,8
2025-2909,Asuncion,Clay,32,C,O,20250317,8,G0DH,,,Alvaro Guillen Meza,R,175,ECU,22.204,257,215,DC48,8,,Murkel Dellien,R,193,BOL,27.499,222,256,6-2 7-5,3,R32,91,2,1,54,38,29,8,10,2,4,1,4,56,33,20,7,10,0,5
2025-2909,Asuncion,Clay,32,C,O,20250317,9,B0FI,,,Pedro Boscardin Dias,R,180,BRA,22.133,449,99,T0DM,,,Juan Bautista Torres,R,178,ARG,22.957,274,197,6-3 3-6 6-4,3,R32,151,1,2,81,48,31,12,14,0,6,1,4,92,59,32,15,14,6,13
2025-2909,Asuncion,Clay,32,C,O,20250317,10,SG56,,,Daniel Dutra da Silva,L,,BRA,36.698,321,162,CG07,,,Hernan Casanova,R,178,ARG,31.107,422,113,6-2 6-3,3,R32,81,2,1,45,20,18,16,9,0,1,0,2,62,44,25,6,8,5,9
2025-2909,Asuncion,Clay,32,C,O,20250317,11,KE69,,,Mariano Kestelboim,R,185,ARG,29.109,491,83,D0IP,,,Gustavo Ribeiro De Almeida,R,180,BRA,18.91,970,16,6-2 6-2,3,R32,103,1,1,75,53,34,11,8,5,6,1,2,42,25,13,5,8,1,6
2025-2909,Asuncion,Clay,32,C,O,20250317,12,N0AM,,,Emilio Nava,R,185,USA,23.288,235,231,R0BC,,,Lorenzo Joaquin Rodriguez,R,196,ARG,25.465,471,88,6-4 6-2,3,R32,80,5,5,60,39,33,8,9,2,2,0,2,55,30,21,11,9,1,4
2025-2909,Asuncion,Clay,32,C,O,20250317,13,R0A7,,,Joao Lucas Reis Da Silva,R,178,BRA,24.975,380,130,N0FT,,,Alex Santino Nuñez Vera,,,PRY,17.613,1608,2,6-3 6-3,3,R32,94,3,3,60,28,19,20,9,4,5,2,3,49,31,18,7,9,1,5
2025-2909,Asuncion,Clay,32,C,O,20250317,14,R0BT,,,Franco Roncadelli,L,185,URU,25.109,375,134,G0D9,,,Igor Gimenez,R,180,BRA,25.07,628,50,7-5 6-2,3,R32,117,1,4,65,42,30,13,10,1,2,1,7,75,47,32,8,10,5,9
2025-2909,Asuncion,Clay,32,C,O,20250317,15,S0EK,,,Matias Soto,R,170,CHI,25.889,244,225,HG90,,,Conner Huertas del Pino,R,188,PER,29.24,795,28,7-6(3) 6-0,3,R32,97,2,3,68,36,27,17,9,3,4,7,4,66,35,24,11,9,6,10
2025-2909,Asuncion,Clay,32,C,O,20250317,16,V821,,,Gonzalo Villanueva,R,175,ARG,30.174,410,117,E09U,,,Hernando Jose Escurra Isnardi,R,183,PAR,27.258,1011,14,7-6(6) 6-1,3,R32,115,2,0,61,50,39,8,10,1,1,10,3,65,42,31,7,9,3,5
2025-2909,Asuncion,Clay,32,C,O,20250317,17,MJ08,1,,Thiago Monteiro,L,183,BRA,30.795,99,590,KE69,,,Mariano Kestelboim,R,185,ARG,29.109,491,83,6-4 5-7 6-2,3,R16,173,6,6,96,64,45,15,15,6,10,6,7,94,56,34,17,15,8,14
2025-2909,Asuncion,Clay,32,C,O,20250317,18,GE33,2,,Daniel Elahi Galan,R,191,COL,28.745,110,532,B0FI,,,Pedro Boscardin Dias,R,180,BRA,22.133,449,99,6-2 6-0,3,R16,79,0,4,63,37,27,14,7,9,9,1,3,41,23,10,5,7,3,8
2025-2909,Asuncion,Clay,32,C,O,20250317,19,B0FV,3,,Roman Andres Burruchaga,R,183,ARG,23.146,137,430,SG56,,,Daniel Dutra da Silva,L,,BRA,36.698,321,162,4-6 6-2 6-3,3,R16,128,6,2,74,41,29,18,13,3,6,0,5,84,39,24,19,14,1,7
2025-2909,Asuncion,Clay,32,C,O,20250317,20,BS86,4,,Tomas Barrios Vera,R,191,CHI,27.266,149,388,V821,,,Gonzalo Villanueva,R,175,ARG,30.174,410,117,6-7(5) 6-4 6-3,3,R16,189,4,4,99,65,40,14,15,3,9,0,0,127,102,50,11,16,11,20
2025-2909,Asuncion,Clay,32,C,O,20250317,21,V0DP,6,,Adolfo Daniel Vallejo,R,183,PAR,20.884,187,306,R0BT,,,Franco Roncadelli,L,185,URU,25.109,375,134,6-2 6-3,3,R16,93,1,6,56,33,26,9,8,5,6,1,2,66,44,24,9,9,8,13
2025-2909,Asuncion,Clay,32,C,O,20250317,22,N0AM,,,Emilio Nava,R,185,USA,23.288,235,231,V836,7,,Juan Pablo Varillas,R,185,PER,29.446,236,231,6-7(4) 6-2 6-2,3,R16,138,9,1,92,57,41,18,14,4,6,0,2,86,55,32,15,14,6,12
2025-2909,Asuncion,Clay,32,C,O,20250317,23,G0DH,,,Alvaro Guillen Meza,R,175,ECU,22.204,257,215,R0A7,,,Joao Lucas Reis Da Silva,R,178,BRA,24.975,380,130,6-3 6-2,3,R16,99,2,4,61,34,23,13,8,8,10,2,4,57,39,21,5,9,4,10
2025-2909,Asuncion,Clay,32,C,O,20250317,24,P0DF,,,Matheus Pucinelli De Almeida,R,183,BRA,23.959,345,148,S0EK,,,Matias Soto,R,170,CHI,25.889,244,225,6-2 6-2,3,R16,83,1,5,50,28,21,11,8,1,2,0,5,55,30,16,9,8,6,11
2025-2909,Asuncion,Clay,32,C,O,20250317,25,MJ08,1,,Thiago Monteiro,L,183,BRA,30.795,99,590,G0DH,,,Alvaro Guillen Meza,R,175,ECU,22.204,257,215,6-4 6-4,3,QF,112,4,2,68,42,31,11,10,4,6,3,6,65,42,28,7,10,2,6
2025-2909,Asuncion,Clay,32,C,O,20250317,26,V0DP,6,,Adolfo Daniel Vallejo,R,183,PAR,20.884,187,306,GE33,2,,Daniel Elahi Galan,R,191,COL,28.745,110,532,6-2 6-2,3,QF,75,1,2,39,25,19,11,8,0,1,2,0,59,40,20,8,8,5,10
2025-2909,Asuncion,Clay,32,C,O,20250317,27,P0DF,,,Matheus Pucinelli De Almeida,R,183,BRA,23.959,345,148,B0FV,3,,Roman Andres Burruchaga,R,183,ARG,23.146,137,430,6-3 6-4,3,QF,104,0,1,67,44,30,13,10,5,7,3,2,58,34,20,10,9,4,8
2025-2909,Asuncion,Clay,32,C,O,20250317,28,N0AM,,,Emilio Nava,R,185,USA,23.288,235,231,BS86,4,,Tomas Barrios Vera,R,191,CHI,27.266,149,388,2-6 6-3 7-5,3,QF,147,10,1,95,62,41,17,14,3,6,1,3,92,60,39,17,15,3,7
2025-2909,Asuncion,Clay,32,C,O,20250317,29,MJ08,1,,Thiago Monteiro,L,183,BRA,30.795,99,590,P0DF,,,Matheus Pucinelli De Almeida,R,183,BRA,23.959,345,148,7-6(3) 7-5,3,SF,138,6,1,81,49,34,17,12,6,9,2,4,81,53,34,11,12,0,4
2025-2909,Asuncion,Clay,32,C,O,20250317,30,N0AM,,,Emilio Nava,R,185,USA,23.288,235,231,V0DP,6,,Adolfo Daniel Vallejo,R,183,PAR,20.884,187,306,6-4 6-2,3,SF,93,3,5,57,32,27,9,9,2,3,0,0,64,42,22,12,9,4,8
2025-2909,Asuncion,Clay,32,C,O,20250317,31,N0AM,,,Emilio Nava,R,185,USA,23.288,235,231,MJ08,1,,Thiago Monteiro,L,183,BRA,30.795,99,590,7-5 6-3,3,F,89,11,3,58,40,34,9,11,3,4,1,0,53,34,23,10,10,3,6
2025-2917,Merida,Clay,32,C,O,20250317,1,DA31,1,,Hugo Dellien,R,180,BOL,31.751,103,566,J620,,,Maxime Janvier,R,196,FRA,28.411,278,190,7-5 6-3,3,R32,78,2,2,66,47,33,12,11,3,4,4,4,53,35,27,7,10,4,7
2025-2917,Merida,Clay,32,C,O,20250317,2,GD64,2,,Cristian Garin,R,185,CHI,28.797,136,431,T133,,,Miguel Tobon,R,185,COL,56.734,732,15,6-2 6-0,3,R32,54,1,2,36,18,14,14,7,0,0,1,6,43,28,12,6,7,2,7
2025-2917,Merida,Clay,32,C,O,20250317,3,FA43,3,,Juan Pablo Ficovich,R,188,ARG,28.142,162,356,P0C1,,,Karl Poling,L,185,USA,25.618,629,50,6-4 7-5,3,R32,89,11,2,66,40,31,14,11,2,3,2,1,60,40,29,8,11,3,6
2025-2917,Merida,Clay,32,C,O,20250317,4,MW75,4,,Felipe Meligeni Alves,R,185,BRA,27.072,176,320,A0KH,,,Rodrigo Alujas,R,170,MEX,22.557,1058,12,6-3 6-4,3,R32,95,3,0,64,44,29,13,9,2,3,5,4,74,39,25,15,10,3,7
2025-2917,Merida,Clay,32,C,O,20250317,5,TA46,5,,Bernard Tomic,R,196,AUS,32.402,219,258,E811,,,Elmar Ejupovic,R,193,GER,32.12,623,51,6-0 7-5,3,R32,89,4,0,50,33,25,13,9,2,2,2,3,62,40,26,7,9,6,10
2025-2917,Merida,Clay,32,C,O,20250317,6,PG20,6,,Dmitry Popko,R,191,KAZ,28.394,245,225,AG08,,,Andres Andrade,R,180,ECU,26.256,254,216,6-3 6-4,3,R32,102,4,2,61,29,22,17,10,2,3,2,1,68,38,23,16,9,7,10
2025-2917,Merida,Clay,32,C,O,20250317,7,P0J1,7,,Rodrigo Pacheco Mendez,L,191,MEX,19.893,229,240,N0AL,,,Govind Nanda,R,178,USA,24.077,391,122,6-0 6-1,3,R32,53,4,1,34,24,17,7,6,0,0,0,2,37,23,9,3,7,4,10
2025-2917,Merida,Clay,32,C,O,20250317,8,CG94,8,,Enzo Couacaud,R,183,FRA,30.045,239,229,F0F4,,,Kilian Feldbausch,R,191,SUI,19.524,538,69,6-3 6-2,3,R32,78,5,1,61,34,27,13,9,3,4,0,6,58,38,18,11,8,2,6
2025-2917,Merida,Clay,32,C,O,20250317,9,H0CD,,,Alex Hernandez,R,175,MEX,25.733,595,57,H0B7,,,Trey Hilderbrand,R,196,USA,24.838,627,50,6-4 6-2,3,R32,79,1,0,62,49,34,10,9,3,3,11,6,61,39,27,7,9,2,5
2025-2917,Merida,Clay,32,C,O,20250317,10,J0B5,,,Garrett Johns,R,180,USA,24.246,392,122,G0EQ,,,Sebastian Gima,L,0,ROU,22.834,633,50,6-4 6-4,3,R32,97,5,2,53,38,33,9,10,1,1,2,5,65,33,23,17,10,2,4
2025-2917,Merida,Clay,32,C,O,20250317,11,M0RE,,,Patrick Maloney,R,193,USA,25.101,413,116,RH88,,,Alan Fernando Rubio Fierros,R,175,MEX,26.116,757,32,6-2 7-6(10),3,R32,116,3,2,67,51,32,4,10,4,9,0,2,75,53,28,5,10,3,10
2025-2917,Merida,Clay,32,C,O,20250317,12,N0CJ,,,Petr Nesterov,R,,BUL,22.029,448,100,C0JT,,,Robin Catry,R,196,FRA,23.031,969,16,6-3 6-1,3,R32,82,3,0,47,32,23,9,8,2,3,3,4,53,32,17,8,8,4,9
2025-2917,Merida,Clay,32,C,O,20250317,13,O376,,,Renzo Olivo,R,178,ARG,33.005,373,135,W0BB,,,Max Wiskandt,R,191,GER,23.121,502,80,6-4 3-6 6-3,3,R32,143,1,5,93,60,37,11,14,7,14,1,6,99,75,40,6,14,12,20
2025-2917,Merida,Clay,32,C,O,20250317,14,P0IY,,,Juan Carlos Prado Angelo,R,185,BOL,20.03,302,174,M0C2,,,Dan Martin,R,175,CAN,25.856,785,30,1-6 6-1 6-4,3,R32,105,3,1,72,42,27,19,12,3,6,2,1,68,46,30,10,12,4,8
2025-2917,Merida,Clay,32,C,O,20250317,15,S0NN,,,Joshua Sheehy,L,188,USA,28.131,752,33,M0NB,,,Aidan Mayo,R,183,USA,21.843,283,188,6-1 1-6 7-6(2),3,R32,120,9,5,79,41,30,22,13,2,5,2,6,75,50,36,9,13,2,5
2025-2917,Merida,Clay,32,C,O,20250317,16,Z0AK,,,Tyler Zink,R,185,USA,24.126,425,112,O659,,,Vladyslav Orlov,R,188,UKR,29.834,591,58,6-4 6-0,3,R32,78,9,2,52,34,26,10,8,5,5,1,4,54,27,15,11,8,6,10
2025-2917,Merida,Clay,32,C,O,20250317,17,DA31,1,,Hugo Dellien,R,180,BOL,31.751,103,566,S0NN,,,Joshua Sheehy,L,188,USA,28.131,752,33,6-3 6-7(5) 6-3,3,R16,134,3,1,106,82,57,14,16,3,4,6,5,97,62,44,16,14,7,10
2025-2917,Merida,Clay,32,C,O,20250317,18,GD64,2,,Cristian Garin,R,185,CHI,28.797,136,431,N0CJ,,,Petr Nesterov,R,,BUL,22.029,448,100,6-4 6-3,3,R16,95,2,1,68,42,27,14,10,1,3,0,1,49,30,19,8,9,3,7
2025-2917,Merida,Clay,32,C,O,20250317,19,FA43,3,,Juan Pablo Ficovich,R,188,ARG,28.142,162,356,Z0AK,,,Tyler Zink,R,185,USA,24.126,425,112,6-3 6-4,3,R16,91,5,2,64,41,34,12,10,4,4,5,2,68,40,30,11,9,4,6
2025-2917,Merida,Clay,32,C,O,20250317,20,MW75,4,,Felipe Meligeni Alves,R,185,BRA,27.072,176,320,M0RE,,,Patrick Maloney,R,193,USA,25.101,413,116,7-6(5) 6-3,3,R16,93,3,2,58,38,30,10,11,1,4,4,3,79,58,33,9,10,4,8
2025-2917,Merida,Clay,32,C,O,20250317,21,O376,,,Renzo Olivo,R,178,ARG,33.005,373,135,TA46,5,,Bernard Tomic,R,196,AUS,32.402,219,258,6-4 3-6 7-6(4),3,R16,134,3,3,101,71,49,18,15,5,7,4,0,92,51,37,26,16,3,5
2025-2917,Merida,Clay,32,C,O,20250317,22,P0IY,,,Juan Carlos Prado Angelo,R,185,BOL,20.03,302,174,PG20,6,,Dmitry Popko,R,191,KAZ,28.394,245,225,7-5 1-6 7-6(4),3,R16,164,3,2,96,60,33,18,15,3,10,4,6,103,68,42,14,16,4,10
2025-2917,Merida,Clay,32,C,O,20250317,23,P0J1,7,,Rodrigo Pacheco Mendez,L,191,MEX,19.893,229,240,H0CD,,,Alex Hernandez,R,175,MEX,25.733,595,57,6-3 7-5,3,R16,123,7,4,70,41,30,15,11,7,9,0,1,73,58,34,6,10,3,7
2025-2917,Merida,Clay,32,C,O,20250317,24,J0B5,,,Garrett Johns,R,180,USA,24.246,392,122,CG94,8,,Enzo Couacaud,R,183,FRA,30.045,239,229,4-6 7-5 6-3,3,R16,154,9,2,104,62,45,21,16,7,10,6,1,109,61,43,21,15,8,12
2025-2917,Merida,Clay,32,C,O,20250317,25,DA31,1,,Hugo Dellien,R,180,BOL,31.751,103,566,O376,,,Renzo Olivo,R,178,ARG,33.005,373,135,6-2 6-0,3,QF,69,4,0,52,42,29,6,7,8,8,0,5,49,31,17,4,7,4,9
2025-2917,Merida,Clay,32,C,O,20250317,26,GD64,2,,Cristian Garin,R,185,CHI,28.797,136,431,P0J1,7,,Rodrigo Pacheco Mendez,L,191,MEX,19.893,229,240,6-3 6-1,3,QF,90,7,0,55,30,21,17,8,3,3,2,0,67,35,22,12,8,12,16
2025-2917,Merida,Clay,32,C,O,20250317,27,FA43,3,,Juan Pablo Ficovich,R,188,ARG,28.142,162,356,J0B5,,,Garrett Johns,R,180,USA,24.246,392,122,6-3 6-4,3,QF,92,1,0,49,31,24,11,10,0,2,2,0,71,39,23,15,9,8,12
2025-2917,Merida,Clay,32,C,O,20250317,28,MW75,4,,Felipe Meligeni Alves,R,185,BRA,27.072,176,320,P0IY,,,Juan Carlos Prado Angelo,R,185,BOL,20.03,302,174,6-1 6-0,3,QF,52,4,0,49,35,26,7,7,3,3,1,1,31,19,6,2,6,0,5
2025-2917,Merida,Clay,32,C,O,20250317,29,FA43,3,,Juan Pablo Ficovich,R,188,ARG,28.142,162,356,DA31,1,,Hugo Dellien,R,180,BOL,31.751,103,566,6-3 5-7 7-5,3,SF,152,3,1,115,81,57,18,17,9,11,3,3,121,88,58,15,16,12,15
2025-2917,Merida,Clay,32,C,O,20250317,30,MW75,4,,Felipe Meligeni Alves,R,185,BRA,27.072,176,320,GD64,2,,Cristian Garin,R,185,CHI,28.797,136,431,6-7(6) 6-3 6-4,3,SF,143,7,2,93,63,45,15,16,1,5,6,3,99,62,40,17,15,3,9
2025-2917,Merida,Clay,32,C,O,20250317,31,MW75,4,,Felipe Meligeni Alves,R,185,BRA,27.072,176,320,FA43,3,,Juan Pablo Ficovich,R,188,ARG,28.142,162,356,6-2 1-6 6-2,3,F,104,4,2,64,47,32,10,11,3,6,5,1,83,51,27,18,12,3,8
2025-9171,Murcia,Clay,32,C,O,20250317,1,F724,1,,Marton Fucsovics,R,188,HUN,33.103,90,666,R0GO,,,Henrique Rocha,R,180,POR,20.945,161,358,6-2 6-3,3,R32,74,2,5,55,29,22,13,9,3,4,0,4,42,23,12,9,8,0,4
2025-9171,Murcia,Clay,32,C,O,20250317,2,D0C1,2,,Jesper de Jong,R,180,NED,24.794,105,562,PH64,,,Andrea Pellegrino,R,185,ITA,27.984,263,210,6-3 6-3,3,R32,80,6,3,49,28,24,14,9,2,2,1,3,55,29,16,16,9,0,3
2025-9171,Murcia,Clay,32,C,O,20250317,3,GE28,,,Ivan Gakhov,L,191,RUS,28.364,318,166,CD85,3,,Pablo Carreno Busta,R,188,ESP,33.681,109,554,6-3 6-4,3,R32,88,5,2,60,39,29,11,10,2,3,3,2,63,41,22,14,9,3,6
2025-9171,Murcia,Clay,32,C,O,20250317,4,CG33,,,Kimmer Coppejans,R,178,BEL,31.105,325,159,O513,4,,Sebastian Ofner,R,191,AUT,28.846,131,448,6-1 6-7(4) 6-3,3,R32,142,2,4,92,40,27,31,13,9,12,6,6,122,63,45,16,15,9,17
2025-9171,Murcia,Clay,32,C,O,20250317,5,L0CX,,,Pablo Llamas Ruiz,R,188,ESP,22.426,386,126,N897,5,,Sumit Nagal,R,178,IND,27.584,139,428,6-4 6-1,3,R32,78,3,1,53,40,27,7,8,5,6,0,2,51,41,20,4,9,3,8
2025-9171,Murcia,Clay,32,C,O,20250317,6,M0G4,6,,Harold Mayot,R,180,FRA,23.113,132,445,B0MM,,,Edas Butvilas,R,191,LTU,20.649,201,285,6-4 4-6 7-5,3,R32,134,2,0,88,52,36,19,16,0,4,4,2,95,50,31,23,16,4,9
2025-9171,Murcia,Clay,32,C,O,20250317,7,M0N7,,,Daniel Merida,R,188,ESP,20.471,342,150,C977,7,,Marin Cilic,R,198,CRO,36.465,143,413,6-2 6-4,3,R32,96,2,2,61,46,29,7,9,2,4,0,2,68,36,22,11,9,10,15
2025-9171,Murcia,Clay,32,C,O,20250317,8,J0AZ,8,,Kyrian Jacquet,R,175,FRA,23.849,151,376,A09U,,,Nicolas Alvarez Varona,R,188,ESP,23.83,304,173,6-3 7-6(4),3,R32,99,6,2,77,48,35,16,11,8,10,2,4,66,37,23,16,10,3,6
2025-9171,Murcia,Clay,32,C,O,20250317,9,B0U4,,,Nicolai Budkov Kjaer,R,191,NOR,18.541,306,172,BV25,,,Javier Barranco Cosano,L,180,ESP,26.33,243,226,6-2 6-1,3,R32,90,2,1,50,35,24,10,8,0,1,2,4,70,42,21,11,7,7,12
2025-9171,Murcia,Clay,32,C,O,20250317,10,HG94,,,Benjamin Hassan,R,183,LBN,30.114,207,277,BV16,,,Ugo Blanchet,R,175,FRA,26.196,158,360,6-4 6-7(2) 6-3,3,R32,145,6,4,120,64,47,28,16,4,6,3,5,104,57,39,22,15,4,8
2025-9171,Murcia,Clay,32,C,O,20250317,11,M0K4,,,Elmer Moller,R,183,DEN,21.689,156,370,D0CN,,,Miguel Damas,R,208,ESP,25.238,434,108,4-6 7-5 6-4,3,R32,,,,,,,,,,,,,,,,,,,
2025-9171,Murcia,Clay,32,C,O,20250317,12,R772,,,Albert Ramos-Vinolas,L,188,ESP,37.164,225,249,Z419,,,Bernabe Zapata Miralles,R,183,ESP,28.175,334,156,3-6 6-4 6-3,3,R32,147,2,2,95,70,37,13,14,7,13,1,3,96,71,36,11,14,6,13
2025-9171,Murcia,Clay,32,C,O,20250317,13,R0FP,,,Daniel Rincon,L,185,ESP,22.19,228,240,P0JG,,,Gabriele Pennaforti,R,191,ITA,24.504,388,125,6-0 6-3,3,R32,74,2,0,56,32,24,14,8,5,5,1,1,41,28,10,9,7,3,7
2025-9171,Murcia,Clay,32,C,O,20250317,14,TE16,,,Carlos Taberner,R,183,ESP,27.606,170,332,G0FW,,,Vilius Gaubas,R,178,LTU,20.214,194,295,7-5 3-6 6-1,3,R32,144,1,2,73,49,43,11,14,3,5,1,2,101,67,41,18,14,12,16
2025-9171,Murcia,Clay,32,C,O,20250317,15,VA25,,,Valentin Vacherot,R,193,MON,26.333,265,208,BV24,,,Raul Brancaccio,R,183,ITA,27.869,432,109,7-6(3) 6-7(6) 6-3,3,R32,150,4,1,104,74,61,14,17,3,4,6,2,100,56,44,25,16,3,5
2025-9171,Murcia,Clay,32,C,O,20250317,16,Y171,,,Denis Yevseyev,R,188,KAZ,31.819,258,215,E0DD,,,Justin Engel,R,185,GER,17.459,353,144,6-4 6-7(5) 6-4,3,R32,152,5,2,114,75,48,17,16,7,11,2,6,101,59,38,18,16,5,11
2025-9171,Murcia,Clay,32,C,O,20250317,17,F724,1,,Marton Fucsovics,R,188,HUN,33.103,90,666,HG94,,,Benjamin Hassan,R,183,LBN,30.114,207,277,7-5 6-3,3,R16,94,3,1,67,44,30,14,11,3,4,3,3,71,40,27,15,10,7,10
2025-9171,Murcia,Clay,32,C,O,20250317,18,D0C1,2,,Jesper de Jong,R,180,NED,24.794,105,562,VA25,,,Valentin Vacherot,R,193,MON,26.333,265,208,6-3 3-6 7-5,3,R16,152,5,4,92,52,36,16,15,5,10,8,3,104,72,45,11,15,6,12
2025-9171,Murcia,Clay,32,C,O,20250317,19,M0G4,6,,Harold Mayot,R,180,FRA,23.113,132,445,R772,,,Albert Ramos-Vinolas,L,188,ESP,37.164,225,249,4-6 6-3 7-5,3,R16,169,8,9,132,72,49,32,16,16,18,1,0,87,55,39,20,15,6,9
2025-9171,Murcia,Clay,32,C,O,20250317,20,Y171,,,Denis Yevseyev,R,188,KAZ,31.819,258,215,J0AZ,8,,Kyrian Jacquet,R,175,FRA,23.849,151,376,4-6 6-3 RET,3,R16,79,2,1,66,49,22,10,9,7,12,2,4,57,34,22,7,10,5,11
2025-9171,Murcia,Clay,32,C,O,20250317,21,CG33,,,Kimmer Coppejans,R,178,BEL,31.105,325,159,M0K4,,,Elmer Moller,R,183,DEN,21.689,156,370,6-4 6-4,3,R16,81,6,1,52,32,23,10,10,3,6,5,5,69,47,25,9,10,1,6
2025-9171,Murcia,Clay,32,C,O,20250317,22,GE28,,,Ivan Gakhov,L,191,RUS,28.364,318,166,B0U4,,,Nicolai Budkov Kjaer,R,191,NOR,18.541,306,172,6-4 7-6(2),3,R16,116,4,3,77,43,28,15,11,4,9,3,3,82,55,29,10,11,11,17
2025-9171,Murcia,Clay,32,C,O,20250317,23,L0CX,,,Pablo Llamas Ruiz,R,188,ESP,22.426,386,126,R0FP,,,Daniel Rincon,L,185,ESP,22.19,228,240,6-2 6-2,3,R16,91,0,0,68,52,34,8,8,6,7,5,0,52,32,17,6,8,3,8
2025-9171,Murcia,Clay,32,C,O,20250317,24,TE16,,,Carlos Taberner,R,183,ESP,27.606,170,332,M0N7,,,Daniel Merida,R,188,ESP,20.471,342,150,7-6(1) 7-6(2),3,R16,155,1,3,104,72,46,15,12,9,13,0,3,93,79,39,9,12,4,8
2025-9171,Murcia,Clay,32,C,O,20250317,25,TE16,,,Carlos Taberner,R,183,ESP,27.606,170,332,F724,1,,Marton Fucsovics,R,188,HUN,33.103,90,666,7-5 5-7 7-6(3),3,QF,216,1,2,145,101,61,26,18,19,23,4,3,113,73,49,22,18,3,7
2025-9171,Murcia,Clay,32,C,O,20250317,26,D0C1,2,,Jesper de Jong,R,180,NED,24.794,105,562,M0G4,6,,Harold Mayot,R,180,FRA,23.113,132,445,W/O,3,QF,,,,,,,,,,,,,,,,,,,
2025-9171,Murcia,Clay,32,C,O,20250317,27,CG33,,,Kimmer Coppejans,R,178,BEL,31.105,325,159,L0CX,,,Pablo Llamas Ruiz,R,188,ESP,22.426,386,126,6-4 6-3,3,QF,89,4,1,57,29,21,17,9,4,5,3,2,67,45,26,11,10,4,8
2025-9171,Murcia,Clay,32,C,O,20250317,28,GE28,,,Ivan Gakhov,L,191,RUS,28.364,318,166,Y171,,,Denis Yevseyev,R,188,KAZ,31.819,258,215,1-6 6-3 6-4,3,QF,119,6,3,85,55,31,13,13,5,11,1,1,92,65,38,12,13,7,13
2025-9171,Murcia,Clay,32,C,O,20250317,29,D0C1,2,,Jesper de Jong,R,180,NED,24.794,105,562,GE28,,,Ivan Gakhov,L,191,RUS,28.364,318,166,7-5 6-1,3,SF,83,3,4,60,37,28,15,10,3,3,2,0,51,34,20,9,9,2,5
2025-9171,Murcia,Clay,32,C,O,20250317,30,TE16,,,Carlos Taberner,R,183,ESP,27.606,170,332,CG33,,,Kimmer Coppejans,R,178,BEL,31.105,325,159,2-6 7-5 6-4,3,SF,165,1,1,99,69,42,17,15,4,8,4,2,101,67,43,17,15,4,8
2025-9171,Murcia,Clay,32,C,O,20250317,31,TE16,,,Carlos Taberner,R,183,ESP,27.606,170,332,D0C1,2,,Jesper de Jong,R,180,NED,24.794,105,562,7-6(3) 4-6 6-2,3,F,148,3,1,97,73,56,7,15,2,5,13,3,80,51,41,13,15,3,7
2025-9472,Zadar,Clay,32,C,O,20250317,1,D923,1,,Damir Dzumhur,R,175,BIH,32.824,70,852,KH56,,,Zdenek Kolar,R,183,CZE,28.435,399,120,7-6(6) 2-6 6-2,3,R32,150,0,1,88,55,34,20,14,3,8,2,5,95,53,37,15,14,3,8
2025-9472,Zadar,Clay,32,C,O,20250317,2,S0CG,,,Carlos Sanchez Jover,L,173,ESP,24.654,267,203,KI82,2,,Vit Kopriva,R,178,CZE,27.754,122,481,6-2 2-6 6-3,3,R32,138,2,5,95,64,37,10,13,10,17,5,1,80,50,25,10,12,6,14
2025-9472,Zadar,Clay,32,C,O,20250317,3,CG80,3,,Borna Coric,R,188,CRO,28.337,112,530,CG04,,,Pedro Cachin,R,185,ARG,29.93,286,186,7-5 6-1,3,R32,99,2,0,61,40,35,9,10,5,6,0,3,64,42,23,9,9,4,8
2025-9472,Zadar,Clay,32,C,O,20250317,4,KC04,4,,Jozef Kovalik,R,183,SVK,32.364,127,460,D0L3,,,Matej Dodig,R,188,CRO,19.661,294,179,7-5 6-3,3,R32,109,0,3,75,42,29,14,11,7,10,0,4,69,31,19,17,10,3,8
2025-9472,Zadar,Clay,32,C,O,20250317,5,R0EB,5,,Valentin Royer,R,188,FRA,23.8,121,482,A0AB,,,Adrian Andreev,R,175,BUL,23.847,231,236,6-4 3-6 6-4,3,R32,151,2,4,88,54,31,14,15,3,10,3,4,104,72,37,17,14,10,17
2025-9472,Zadar,Clay,32,C,O,20250317,6,S0GD,6,,Dalibor Svrcina,R,178,CZE,22.456,165,351,MF35,,,Andrej Martin,R,183,SVK,35.488,333,156,6-1 6-1,3,R32,57,1,0,38,30,24,5,7,2,2,0,3,52,37,18,4,7,4,9
2025-9472,Zadar,Clay,32,C,O,20250317,7,M0IF,,,Francesco Maestrelli,R,196,ITA,22.237,281,189,A0CJ,7,,Duje Ajdukovic,R,188,CRO,24.11,167,345,4-6 6-3 6-4,3,R32,157,11,4,106,65,43,17,14,10,15,2,1,108,72,41,14,15,7,14
2025-9472,Zadar,Clay,32,C,O,20250317,8,KC33,,,Dimitar Kuzmanov,R,183,BUL,31.636,279,190,S0AK,8,,Henri Squire,R,196,GER,24.468,208,276,7-6(7) 6-3,3,R32,138,1,2,76,66,44,5,10,3,5,1,3,105,74,41,15,11,17,21
2025-9472,Zadar,Clay,32,C,O,20250317,9,DG80,,,Enrico Dalla Valle,R,196,ITA,26.99,314,168,R0ED,,,Max Hans Rehberg,R,183,GER,21.509,240,229,3-6 6-3 6-1,3,R32,169,2,1,86,68,39,7,12,6,11,1,0,103,76,40,9,13,8,16
2025-9472,Zadar,Clay,32,C,O,20250317,10,F840,,,Nerman Fatic,R,191,BIH,30.396,414,116,S0GR,,,Timofey Skatov,R,173,KAZ,24.151,175,328,6-2 7-6(3),3,R32,128,1,1,71,50,34,12,10,3,5,0,1,70,39,18,19,10,3,7
2025-9472,Zadar,Clay,32,C,O,20250317,11,J09X,,,Filip Cristian Jianu,R,180,ROU,23.493,241,227,BE67,,,Mirza Basic,R,188,BIH,33.681,518,75,6-4 6-4,3,R32,93,2,0,69,61,42,6,10,10,10,2,1,69,43,30,13,10,2,4
2025-9472,Zadar,Clay,32,C,O,20250317,12,M0N1,,,Luka Mikrut,R,188,CRO,20.917,360,141,A0BA,,,Federico Arnaboldi,R,185,ITA,24.745,220,257,7-5 6-4,3,R32,96,4,0,64,42,32,11,11,2,4,1,2,68,43,29,10,11,2,6
2025-9472,Zadar,Clay,32,C,O,20250317,13,P0AY,,,Luka Pavlovic,R,196,FRA,24.964,312,168,BU54,,,Geoffrey Blancaneaux,R,180,FRA,26.606,290,184,6-1 7-5,3,R32,103,4,2,66,33,25,16,9,6,7,0,4,61,37,20,12,10,5,10
2025-9472,Zadar,Clay,32,C,O,20250317,14,P09O,,,Zsombor Piros,R,180,HUN,25.426,266,203,M0JZ,,,Filip Misolic,R,180,AUT,23.606,246,224,7-5 6-4,3,R32,103,1,4,82,51,32,14,11,6,10,0,2,62,32,17,12,11,4,10
2025-9472,Zadar,Clay,32,C,O,20250317,15,P0GQ,,,Mili Poljicak,R,185,CRO,20.676,295,179,T0FI,,,Marko Topo,R,185,GER,21.509,354,144,6-4 4-6 7-5,3,R32,148,5,1,89,49,33,24,16,2,6,2,2,105,67,44,16,16,6,11
2025-9472,Zadar,Clay,32,C,O,20250317,16,P0HW,,,Dino Prizmic,R,188,CRO,19.614,346,147,Y218,,,Elias Ymer,R,185,SWE,28.934,261,212,6-1 6-1,3,R32,78,3,1,40,28,20,5,7,1,3,0,0,53,34,14,5,7,5,12
2025-9472,Zadar,Clay,32,C,O,20250317,17,D923,1,,Damir Dzumhur,R,175,BIH,32.824,70,852,P0AY,,,Luka Pavlovic,R,196,FRA,24.964,312,168,6-3 6-4,3,R16,81,0,1,59,37,24,14,10,4,6,4,3,53,34,24,5,9,4,8
2025-9472,Zadar,Clay,32,C,O,20250317,18,CG80,3,,Borna Coric,R,188,CRO,28.337,112,530,M0N1,,,Luka Mikrut,R,188,CRO,20.917,360,141,6-2 6-3,3,R16,89,1,0,41,22,16,14,8,0,1,0,1,66,42,23,9,9,5,10
2025-9472,Zadar,Clay,32,C,O,20250317,19,KC04,4,,Jozef Kovalik,R,183,SVK,32.364,127,460,P09O,,,Zsombor Piros,R,180,HUN,25.426,266,203,6-4 6-1,3,R16,81,4,1,54,31,21,15,8,3,4,0,3,60,34,17,12,9,6,11
2025-9472,Zadar,Clay,32,C,O,20250317,20,R0EB,5,,Valentin Royer,R,188,FRA,23.8,121,482,P0HW,,,Dino Prizmic,R,188,CRO,19.614,346,147,6-3 7-6(4),3,R16,124,1,2,75,40,25,21,11,4,7,1,5,74,47,30,11,10,7,11
2025-9472,Zadar,Clay,32,C,O,20250317,21,J09X,,,Filip Cristian Jianu,R,180,ROU,23.493,241,227,S0GD,6,,Dalibor Svrcina,R,178,CZE,22.456,165,351,3-6 6-4 4-2 RET,3,R16,128,0,1,72,56,31,6,13,2,8,0,2,93,74,39,8,12,13,19
2025-9472,Zadar,Clay,32,C,O,20250317,22,DG80,,,Enrico Dalla Valle,R,196,ITA,26.99,314,168,M0IF,,,Francesco Maestrelli,R,196,ITA,22.237,281,189,7-5 6-2,3,R16,132,2,0,56,45,33,4,10,2,4,2,3,88,49,29,16,10,16,21
2025-9472,Zadar,Clay,32,C,O,20250317,23,F840,,,Nerman Fatic,R,191,BIH,30.396,414,116,S0CG,,,Carlos Sanchez Jover,L,173,ESP,24.654,267,203,6-3 6-4,3,R16,101,5,0,59,42,26,9,9,1,4,0,2,74,49,25,10,10,5,11
2025-9472,Zadar,Clay,32,C,O,20250317,24,P0GQ,,,Mili Poljicak,R,185,CRO,20.676,295,179,KC33,,,Dimitar Kuzmanov,R,183,BUL,31.636,279,190,6-0 6-7(4) 7-5,3,R16,171,2,2,85,45,29,28,15,2,5,1,1,110,83,42,15,15,10,17
2025-9472,Zadar,Clay,32,C,O,20250317,25,D923,1,,Damir Dzumhur,R,175,BIH,32.824,70,852,P0GQ,,,Mili Poljicak,R,185,CRO,20.676,295,179,6-2 6-2,3,QF,81,0,0,49,31,19,12,8,2,4,1,1,57,36,19,4,8,5,11
2025-9472,Zadar,Clay,32,C,O,20250317,26,CG80,3,,Borna Coric,R,188,CRO,28.337,112,530,J09X,,,Filip Cristian Jianu,R,180,ROU,23.493,241,227,7-6(2) 6-3,3,QF,126,2,0,67,47,33,13,10,1,3,0,2,79,57,37,7,11,6,10
2025-9472,Zadar,Clay,32,C,O,20250317,27,DG80,,,Enrico Dalla Valle,R,196,ITA,26.99,314,168,KC04,4,,Jozef Kovalik,R,183,SVK,32.364,127,460,6-2 3-6 7-6(6),3,QF,169,1,1,107,83,48,13,14,7,11,8,1,96,60,39,17,15,5,10
2025-9472,Zadar,Clay,32,C,O,20250317,28,R0EB,5,,Valentin Royer,R,188,FRA,23.8,121,482,F840,,,Nerman Fatic,R,191,BIH,30.396,414,116,7-6(2) 7-5,3,QF,103,7,1,69,49,39,14,12,2,3,6,1,69,45,34,11,12,1,3
2025-9472,Zadar,Clay,32,C,O,20250317,29,CG80,3,,Borna Coric,R,188,CRO,28.337,112,530,D923,1,,Damir Dzumhur,R,175,BIH,32.824,70,852,6-4 1-0 RET,3,SF,59,1,0,31,19,15,9,6,0,0,0,1,38,23,15,8,5,2,3
2025-9472,Zadar,Clay,32,C,O,20250317,30,R0EB,5,,Valentin Royer,R,188,FRA,23.8,121,482,DG80,,,Enrico Dalla Valle,R,196,ITA,26.99,314,168,6-2 6-1,3,SF,74,2,0,56,38,25,11,8,2,3,0,1,40,28,12,4,7,3,8
2025-9472,Zadar,Clay,32,C,O,20250317,31,CG80,3,,Borna Coric,R,188,CRO,28.337,112,530,R0EB,5,,Valentin Royer,R,188,FRA,23.8,121,482,3-6 6-2 6-3,3,F,133,0,0,76,54,39,12,13,4,6,4,4,73,45,30,14,13,2,6
2025-2855,Girona,Clay,32,C,O,20250324,1,F724,1,,Marton Fucsovics,R,188,HUN,33.123,90,666,G0FW,,,Vilius Gaubas,R,178,LTU,20.233,194,295,6-3 6-2,3,R32,84,1,1,51,36,23,12,9,2,3,2,1,54,39,24,4,8,2,6
2025-2855,Girona,Clay,32,C,O,20250324,2,HG94,,,Benjamin Hassan,R,183,LBN,30.133,207,277,S0H2,2,,Alexander Shevchenko,R,188,KAZ,24.315,98,598,6-4 1-6 6-4,3,R32,113,3,2,94,53,30,23,13,3,7,0,3,86,54,36,17,14,7,11
2025-2855,Girona,Clay,32,C,O,20250324,3,S0GR,,,Timofey Skatov,R,173,KAZ,24.17,175,328,DA31,3,,Hugo Dellien,R,180,BOL,31.77,103,566,6-1 6-3,3,R32,82,2,1,52,37,28,9,8,2,2,3,2,56,42,22,6,8,5,9
2025-2855,Girona,Clay,32,C,O,20250324,4,D0C1,4,,Jesper de Jong,R,180,NED,24.813,105,562,D0DW,,,Titouan Droguet,R,191,FRA,23.773,212,265,6-3 6-2,3,R32,100,1,1,67,41,30,14,9,3,3,6,3,62,31,22,12,8,4,7
2025-2855,Girona,Clay,32,C,O,20250324,5,L987,,,Dusan Lajovic,R,183,SRB,34.732,108,555,S0AK,,,Henri Squire,R,196,GER,24.487,208,276,6-4 7-5,3,R32,81,1,1,57,38,27,13,11,2,4,3,4,70,45,29,10,11,3,7
2025-2855,Girona,Clay,32,C,O,20250324,6,CD85,6,,Pablo Carreno Busta,R,188,ESP,33.7,109,554,CG04,,,Pedro Cachin,R,185,ARG,29.949,286,186,6-1 6-3,3,R32,80,1,2,53,36,27,10,8,3,3,1,2,66,47,28,6,8,4,8
2025-2855,Girona,Clay,32,C,O,20250324,7,M0K4,,,Elmer Moller,R,183,DEN,21.708,156,370,CE77,7,,Federico Coria,R,180,ARG,33.04,124,466,7-6(4) 6-2,3,R32,96,3,3,64,43,30,10,10,5,8,3,1,72,36,22,15,10,4,9
2025-2855,Girona,Clay,32,C,O,20250324,8,O513,,,Sebastian Ofner,R,191,AUT,28.865,131,448,C0C8,8,,Juan Manuel Cerundolo,L,183,ARG,23.354,126,461,7-6(4) 6-4,3,R32,116,3,2,98,49,33,23,11,9,12,1,0,64,38,21,16,11,3,7
2025-2855,Girona,Clay,32,C,O,20250324,9,A829,,,Radu Albot,R,175,MDA,35.365,189,303,R772,,,Albert Ramos-Vinolas,L,188,ESP,37.183,225,249,4-6 6-3 6-4,3,R32,145,0,5,90,58,40,15,15,7,11,6,2,96,59,39,15,14,4,9
2025-2855,Girona,Clay,32,C,O,20250324,10,BV16,,,Ugo Blanchet,R,175,FRA,26.215,158,360,TA29,,,Marco Trungelliti,R,178,ARG,35.143,164,354,3-6 6-1 6-2,3,R32,105,3,8,77,38,29,15,12,6,10,1,2,63,37,20,9,12,4,11
2025-2855,Girona,Clay,32,C,O,20250324,11,B0U4,,,Nicolai Budkov Kjaer,R,191,NOR,18.56,306,172,E0DD,,,Justin Engel,R,185,GER,17.478,353,144,6-4 3-6 7-6(5),3,R32,,,,,,,,,,,,,,,,,,,
2025-2855,Girona,Clay,32,C,O,20250324,12,C977,,,Marin Cilic,R,198,CRO,36.485,143,413,TE16,,,Carlos Taberner,R,183,ESP,27.625,170,332,6-4 6-3,3,R32,97,5,1,55,28,19,17,10,2,4,0,2,54,38,18,9,9,3,7
2025-2855,Girona,Clay,32,C,O,20250324,13,M0JZ,,,Filip Misolic,R,180,AUT,23.625,246,224,Z419,,,Bernabe Zapata Miralles,R,183,ESP,28.194,334,156,6-3 6-3,3,R32,75,2,0,56,37,25,13,9,4,5,2,1,53,37,25,2,9,2,6
2025-2855,Girona,Clay,32,C,O,20250324,14,M0HT,,,Alejandro Moro Canas,R,183,ESP,24.293,153,375,CH12,,,Jan Choinski,R,196,GBR,28.786,178,319,6-3 6-4,3,R32,86,4,2,54,38,32,10,10,0,0,4,1,67,53,33,7,9,4,6
2025-2855,Girona,Clay,32,C,O,20250324,15,N0CS,,,Lukas Neumayer,R,183,AUT,22.546,209,273,R0GO,,,Henrique Rocha,R,180,POR,20.964,161,358,6-4 6-2,3,R32,84,0,1,59,40,27,12,9,8,9,3,7,58,33,20,11,9,3,7
2025-2855,Girona,Clay,32,C,O,20250324,16,R0IL,,,Iliyan Radulov,R,187,BUL,19.784,537,70,L0IL,,,Martin Landaluce,R,193,ESP,19.206,146,411,6-3 7-5,3,R32,103,2,1,67,38,27,16,10,2,3,2,2,71,41,25,15,11,10,14
2025-2855,Girona,Clay,32,C,O,20250324,17,C977,,,Marin Cilic,R,198,CRO,36.485,143,413,F724,1,,Marton Fucsovics,R,188,HUN,33.123,90,666,6-7(5) 7-6(4) 6-2,3,R16,173,6,2,114,70,46,26,16,5,8,1,4,106,69,43,18,16,5,10
2025-2855,Girona,Clay,32,C,O,20250324,18,D0C1,4,,Jesper de Jong,R,180,NED,24.813,105,562,M0JZ,,,Filip Misolic,R,180,AUT,23.625,246,224,6-3 6-1,3,R16,71,3,1,45,31,24,9,8,1,1,0,0,48,34,20,6,8,1,5
2025-2855,Girona,Clay,32,C,O,20250324,19,L987,,,Dusan Lajovic,R,183,SRB,34.732,108,555,M0HT,,,Alejandro Moro Canas,R,183,ESP,24.293,153,375,6-2 6-2,3,R16,68,0,1,47,29,25,9,8,4,4,1,0,50,37,19,6,8,8,12
2025-2855,Girona,Clay,32,C,O,20250324,20,CD85,6,,Pablo Carreno Busta,R,188,ESP,33.7,109,554,R0IL,,,Iliyan Radulov,R,187,BUL,19.784,537,70,6-2 5-7 7-6(4),3,R16,201,8,2,91,62,48,15,16,2,5,2,3,151,95,56,26,16,14,18
2025-2855,Girona,Clay,32,C,O,20250324,21,HG94,,,Benjamin Hassan,R,183,LBN,30.133,207,277,BV16,,,Ugo Blanchet,R,175,FRA,26.215,158,360,6-7(5) 6-0 6-3,3,R16,124,5,0,85,50,33,17,14,1,6,3,5,100,54,29,18,13,9,18
2025-2855,Girona,Clay,32,C,O,20250324,22,M0K4,,,Elmer Moller,R,183,DEN,21.708,156,370,B0U4,,,Nicolai Budkov Kjaer,R,191,NOR,18.56,306,172,6-4 6-0,3,R16,68,0,2,46,31,22,9,8,2,3,2,3,58,42,21,5,8,4,9
2025-2855,Girona,Clay,32,C,O,20250324,23,O513,,,Sebastian Ofner,R,191,AUT,28.865,131,448,N0CS,,,Lukas Neumayer,R,183,AUT,22.546,209,273,4-6 6-2 6-2,3,R16,117,13,3,79,45,35,12,13,3,7,1,1,97,54,27,21,13,12,19
2025-2855,Girona,Clay,32,C,O,20250324,24,S0GR,,,Timofey Skatov,R,173,KAZ,24.17,175,328,A829,,,Radu Albot,R,175,MDA,35.365,189,303,6-4 3-6 7-6(3),3,R16,215,2,1,112,81,56,12,16,7,11,0,6,131,92,59,16,15,13,16
2025-2855,Girona,Clay,32,C,O,20250324,25,D0C1,4,,Jesper de Jong,R,180,NED,24.813,105,562,O513,,,Sebastian Ofner,R,191,AUT,28.865,131,448,4-6 6-1 7-5,3,QF,138,5,2,91,53,42,17,15,5,8,3,5,90,49,29,21,14,6,11
2025-2855,Girona,Clay,32,C,O,20250324,26,L987,,,Dusan Lajovic,R,183,SRB,34.732,108,555,S0GR,,,Timofey Skatov,R,173,KAZ,24.17,175,328,6-2 6-4,3,QF,91,4,3,54,34,26,12,9,0,0,0,2,56,36,19,13,9,5,8
2025-2855,Girona,Clay,32,C,O,20250324,27,C977,,,Marin Cilic,R,198,CRO,36.485,143,413,CD85,6,,Pablo Carreno Busta,R,188,ESP,33.7,109,554,6-2 6-4,3,QF,107,5,4,83,39,28,23,9,9,10,1,3,59,29,16,15,9,2,6
2025-2855,Girona,Clay,32,C,O,20250324,28,M0K4,,,Elmer Moller,R,183,DEN,21.708,156,370,HG94,,,Benjamin Hassan,R,183,LBN,30.133,207,277,6-3 7-6(3),3,QF,111,5,4,100,56,38,22,10,8,9,3,1,82,42,26,19,11,6,9
2025-2855,Girona,Clay,32,C,O,20250324,29,C977,,,Marin Cilic,R,198,CRO,36.485,143,413,D0C1,4,,Jesper de Jong,R,180,NED,24.813,105,562,6-4 6-4,3,SF,107,4,1,84,50,35,18,10,11,11,6,1,52,37,29,6,10,0,2
2025-2855,Girona,Clay,32,C,O,20250324,30,M0K4,,,Elmer Moller,R,183,DEN,21.708,156,370,L987,,,Dusan Lajovic,R,183,SRB,34.732,108,555,6-2 6-1,3,SF,59,1,4,49,35,24,6,8,0,2,0,1,42,28,13,2,7,1,7
2025-2855,Girona,Clay,32,C,O,20250324,31,C977,,,Marin Cilic,R,198,CRO,36.485,143,413,M0K4,,,Elmer Moller,R,183,DEN,21.708,156,370,6-3 6-4,3,F,104,8,5,76,41,30,20,10,8,8,3,4,70,51,32,10,9,2,4
2025-2911,Naples,Clay,32,C,O,20250324,1,D0FJ,1,,Luciano Darderi,R,183,ITA,23.105,61,945,AA27,,,Franco Agamenone,R,191,ITA,31.94,416,115,6-2 6-3,3,R32,78,1,5,60,26,22,17,9,1,2,0,1,54,38,21,5,8,5,9
2025-2911,Naples,Clay,32,C,O,20250324,2,KI82,,,Vit Kopriva,R,178,CZE,27.773,122,481,C0JP,2,,Raphael Collignon,R,191,BEL,23.192,91,652,6-4 6-3,3,R32,84,0,5,56,27,18,15,10,1,4,1,10,54,32,18,7,9,5,10
2025-2911,Naples,Clay,32,C,O,20250324,3,Y218,,,Elias Ymer,R,185,SWE,28.953,261,212,P0CT,3,,Francesco Passaro,R,180,ITA,24.208,94,646,6-7(6) 6-3 7-5,3,R32,190,4,3,147,101,67,23,17,15,17,2,5,101,60,37,25,16,1,5
2025-2911,Naples,Clay,32,C,O,20250324,4,R0ED,,,Max Hans Rehberg,R,183,GER,21.528,240,229,SX91,,,Thiago Seyboth Wild,R,185,BRA,25.038,96,617,3-6 6-3 6-4,3,R32,147,7,1,100,69,48,16,14,4,5,5,2,88,54,40,17,14,3,5
2025-2911,Naples,Clay,32,C,O,20250324,5,O0A2,,,Gauthier Onclin,R,180,BEL,24.071,211,270,F510,5,,Fabio Fognini,R,178,ITA,37.834,97,607,6-3 4-6 7-5,3,R32,176,0,3,132,106,58,7,16,14,22,1,13,103,59,33,14,15,8,17
2025-2911,Naples,Clay,32,C,O,20250324,6,A0BA,,,Federico Arnaboldi,R,185,ITA,24.764,220,257,B0EJ,6,,Tristan Boyer,R,188,USA,23.923,111,531,1-6 6-3 7-5,3,R32,137,4,8,94,54,37,15,14,5,9,1,3,85,50,29,18,14,5,9
2025-2911,Naples,Clay,32,C,O,20250324,7,CG80,7,,Borna Coric,R,188,CRO,28.356,112,530,M0G4,,,Harold Mayot,R,180,FRA,23.132,132,445,6-4 6-2,3,R32,94,1,1,54,28,22,12,9,6,8,3,2,62,33,16,15,9,5,10
2025-2911,Naples,Clay,32,C,O,20250324,8,T0AP,8,,Chun-Hsin Tseng,R,175,TPE,23.625,115,529,BK24,,,Gregoire Barrere,R,183,FRA,31.099,157,367,6-4 7-6(6),3,R32,111,0,4,76,41,30,17,11,3,5,1,2,77,49,33,12,11,6,9
2025-2911,Naples,Clay,32,C,O,20250324,9,DC48,,,Murkel Dellien,R,193,BOL,27.518,222,256,M0IF,,,Francesco Maestrelli,R,196,ITA,22.256,281,189,6-3 6-4,3,R32,108,2,4,54,33,24,11,10,0,2,1,5,71,36,26,9,9,9,13
2025-2911,Naples,Clay,32,C,O,20250324,10,HB48,,,Calvin Hemery,R,191,FRA,30.152,169,337,KC04,,,Jozef Kovalik,R,183,SVK,32.383,127,460,7-5 6-0,3,R32,79,11,3,59,37,29,13,9,3,3,2,1,54,26,16,14,9,3,7
2025-2911,Naples,Clay,32,C,O,20250324,11,H996,,,Pierre-Hugues Herbert,R,188,FRA,34.018,150,383,B0OU,,,Hynek Barton,R,183,CZE,20.966,371,136,6-1 7-5,3,R32,96,9,4,72,46,37,12,10,5,6,3,3,60,38,22,11,9,3,7
2025-2911,Naples,Clay,32,C,O,20250324,12,J09X,,,Filip Cristian Jianu,R,180,ROU,23.513,241,227,Z0A1,,,Giulio Zeppieri,L,183,ITA,23.294,328,158,3-6 6-1 6-0,3,R32,92,1,2,70,43,33,14,11,2,3,5,7,66,38,23,13,11,4,9
2025-2911,Naples,Clay,32,C,O,20250324,13,N897,,,Sumit Nagal,R,178,IND,27.603,139,428,A0CJ,,,Duje Ajdukovic,R,188,CRO,24.129,167,345,7-6(6) 6-4,3,R32,109,1,2,65,44,35,13,11,0,1,3,4,75,45,33,14,11,2,4
2025-2911,Naples,Clay,32,C,O,20250324,14,PH64,,,Andrea Pellegrino,R,185,ITA,28.003,263,210,E687,,,Daniel Evans,R,175,GBR,34.836,183,311,6-3 1-6 6-4,3,R32,134,0,5,79,50,30,14,13,6,11,3,6,99,60,36,16,13,6,11
2025-2911,Naples,Clay,32,C,O,20250324,15,S0GD,,,Dalibor Svrcina,R,178,CZE,22.475,165,351,FC49,,,Giovanni Fonio,R,183,ITA,26.88,381,130,6-7(2) 6-2 7-5,3,R32,155,0,4,111,77,47,16,16,6,11,1,2,105,75,43,13,16,4,12
2025-2911,Naples,Clay,32,C,O,20250324,16,W367,,,Stan Wawrinka,R,183,SUI,39.989,168,339,GH92,,,Borna Gojo,R,196,CRO,27.069,426,111,6-2 6-3,3,R32,62,3,4,43,22,20,12,8,0,0,4,2,54,38,21,7,9,3,7
2025-2911,Naples,Clay,32,C,O,20250324,17,D0FJ,1,,Luciano Darderi,R,183,ITA,23.105,61,945,N897,,,Sumit Nagal,R,178,IND,27.603,139,428,6-0 6-1,3,R16,49,3,3,38,19,17,12,7,0,0,1,1,32,27,10,0,6,1,6
2025-2911,Naples,Clay,32,C,O,20250324,18,W367,,,Stan Wawrinka,R,183,SUI,39.989,168,339,CG80,7,,Borna Coric,R,188,CRO,28.356,112,530,6-2 6-3,3,R16,104,4,1,63,24,16,21,9,8,10,1,2,58,31,16,11,8,3,8
2025-2911,Naples,Clay,32,C,O,20250324,19,S0GD,,,Dalibor Svrcina,R,178,CZE,22.475,165,351,T0AP,8,,Chun-Hsin Tseng,R,175,TPE,23.625,115,529,6-3 7-5,3,R16,113,2,2,89,61,41,11,11,15,18,0,0,55,28,16,11,10,1,6
2025-2911,Naples,Clay,32,C,O,20250324,20,A0BA,,,Federico Arnaboldi,R,185,ITA,24.764,220,257,J09X,,,Filip Cristian Jianu,R,180,ROU,23.513,241,227,2-6 6-1 6-4,3,R16,117,3,6,69,41,31,11,13,1,5,0,2,85,59,36,11,12,9,14
2025-2911,Naples,Clay,32,C,O,20250324,21,DC48,,,Murkel Dellien,R,193,BOL,27.518,222,256,Y218,,,Elias Ymer,R,185,SWE,28.953,261,212,7-6(4) 3-6 6-0,3,R16,145,0,3,89,58,41,17,14,2,5,1,6,83,45,26,21,13,4,8
2025-2911,Naples,Clay,32,C,O,20250324,22,H996,,,Pierre-Hugues Herbert,R,188,FRA,34.018,150,383,R0ED,,,Max Hans Rehberg,R,183,GER,21.528,240,229,7-5 6-4,3,R16,113,3,5,63,31,26,19,11,3,4,0,1,69,54,31,10,11,2,5
2025-2911,Naples,Clay,32,C,O,20250324,23,KI82,,,Vit Kopriva,R,178,CZE,27.773,122,481,HB48,,,Calvin Hemery,R,191,FRA,30.152,169,337,6-1 6-3,3,R16,94,1,1,53,38,29,6,8,2,3,1,3,63,40,24,6,8,8,13
2025-2911,Naples,Clay,32,C,O,20250324,24,PH64,,,Andrea Pellegrino,R,185,ITA,28.003,263,210,O0A2,,,Gauthier Onclin,R,180,BEL,24.071,211,270,7-5 6-3,3,R16,109,8,5,78,51,34,10,11,7,10,0,1,76,51,26,12,10,6,11
2025-2911,Naples,Clay,32,C,O,20250324,25,D0FJ,1,,Luciano Darderi,R,183,ITA,23.105,61,945,W367,,,Stan Wawrinka,R,183,SUI,39.989,168,339,6-3 6-4,3,QF,79,6,3,58,28,22,18,10,1,2,4,1,58,30,19,13,9,3,6
2025-2911,Naples,Clay,32,C,O,20250324,26,KI82,,,Vit Kopriva,R,178,CZE,27.773,122,481,A0BA,,,Federico Arnaboldi,R,185,ITA,24.764,220,257,6-3 4-6 6-3,3,QF,155,0,5,95,64,40,14,14,7,11,1,4,99,68,41,10,14,9,15
2025-2911,Naples,Clay,32,C,O,20250324,27,PH64,,,Andrea Pellegrino,R,185,ITA,28.003,263,210,H996,,,Pierre-Hugues Herbert,R,188,FRA,34.018,150,383,4-6 7-6(6) 6-3,3,QF,172,2,1,126,98,62,16,16,4,6,11,10,110,57,42,27,15,9,11
2025-2911,Naples,Clay,32,C,O,20250324,28,S0GD,,,Dalibor Svrcina,R,178,CZE,22.475,165,351,DC48,,,Murkel Dellien,R,193,BOL,27.518,222,256,6-1 6-3,3,QF,81,0,1,61,45,23,11,8,4,6,0,1,50,32,13,8,8,4,10
2025-2911,Naples,Clay,32,C,O,20250324,29,D0FJ,1,,Luciano Darderi,R,183,ITA,23.105,61,945,S0GD,,,Dalibor Svrcina,R,178,CZE,22.475,165,351,1-6 6-2 7-5,3,SF,126,5,2,94,62,32,15,14,6,13,1,1,81,61,33,8,13,4,11
2025-2911,Naples,Clay,32,C,O,20250324,30,KI82,,,Vit Kopriva,R,178,CZE,27.773,122,481,PH64,,,Andrea Pellegrino,R,185,ITA,28.003,263,210,7-5 6-3,3,SF,93,2,1,62,39,29,15,11,3,4,0,1,68,50,29,10,10,5,8
2025-2911,Naples,Clay,32,C,O,20250324,31,KI82,,,Vit Kopriva,R,178,CZE,27.773,122,481,D0FJ,1,,Luciano Darderi,R,183,ITA,23.105,61,945,3-6 6-3 7-6(4),3,F,147,2,1,92,54,38,25,15,1,2,8,1,95,50,37,27,15,5,6
2025-2991,Morelia,Hard,32,C,O,20250324,1,D994,1,,James Duckworth,R,183,AUS,33.172,95,638,RH88,,,Alan Fernando Rubio Fierros,R,175,MEX,26.136,757,32,6-1 6-3,3,R32,72,5,1,47,22,16,13,8,2,4,0,2,72,49,25,6,8,7,13
2025-2991,Morelia,Hard,32,C,O,20250324,2,E865,2,,Christopher Eubanks,R,201,USA,28.884,104,563,LB66,,,Constant Lestienne,R,180,FRA,32.835,191,299,6-4 3-0 RET,3,R32,44,3,1,32,20,12,11,6,0,1,4,8,43,15,9,12,7,2,6
2025-2991,Morelia,Hard,32,C,O,20250324,3,HH06,,,Marc-Andrea Huesler,L,196,SUI,28.747,172,330,H09P,3,,Brandon Holt,R,185,USA,26.965,116,528,6-4 6-1,3,R32,59,10,1,45,30,25,9,8,2,2,1,4,53,28,18,10,9,1,5
2025-2991,Morelia,Hard,32,C,O,20250324,4,T0A1,4,,Thiago Agustin Tirante,R,185,ARG,23.953,117,512,N663,,,Maximilian Neuchrist,R,,AUT,33.673,479,85,7-6(7) 6-4,3,R32,97,14,3,60,43,38,11,11,0,0,2,3,82,56,39,13,11,3,4
2025-2991,Morelia,Hard,32,C,O,20250324,5,ME82,5,,Adrian Mannarino,L,180,FRA,36.734,145,411,N679,,,Stefano Napolitano,R,196,ITA,29.952,251,219,6-3 6-2,3,R32,80,2,0,56,37,27,11,9,6,7,5,0,57,34,19,9,8,5,9
2025-2991,Morelia,Hard,32,C,O,20250324,6,TA46,,,Bernard Tomic,R,196,AUS,32.422,219,258,M0HU,6,,Shintaro Mochizuki,R,175,JPN,21.81,155,374,6-1 6-7(3) 6-4,3,R32,124,9,0,102,54,41,24,15,10,12,2,9,108,56,39,22,14,8,13
2025-2991,Morelia,Hard,32,C,O,20250324,7,MW75,,,Felipe Meligeni Alves,R,185,BRA,27.091,176,320,GK06,7,,Alexis Galarneau,R,180,CAN,26.062,159,359,4-6 7-6(4) 6-4,3,R32,125,6,3,94,59,47,20,16,6,8,8,7,103,58,47,22,16,8,10
2025-2991,Morelia,Hard,32,C,O,20250324,8,FA43,8,,Juan Pablo Ficovich,R,188,ARG,28.162,162,356,S0K7,,,Zachary Svajda,R,175,USA,22.316,203,284,6-4 6-3,3,R32,81,6,2,65,40,30,13,9,6,6,5,3,69,29,23,17,10,4,7
2025-2991,Morelia,Hard,32,C,O,20250324,9,C0HT,,,Murphy Cassone,R,188,USA,22.604,223,252,E811,,,Elmar Ejupovic,R,193,GER,32.14,623,51,4-6 6-3 6-2,3,R32,114,10,8,72,51,42,10,14,3,5,13,4,91,60,41,11,13,7,11
2025-2991,Morelia,Hard,32,C,O,20250324,10,GF95,,,Hugo Grenier,R,196,FRA,29.002,204,283,P0ED,,,Kiranpal Pannu,R,185,NZL,28.208,514,76,6-4 6-4,3,R32,80,7,4,53,23,18,19,10,0,1,0,1,53,40,27,5,10,2,5
2025-2991,Morelia,Hard,32,C,O,20250324,11,H0CD,,,Alex Hernandez,R,175,MEX,25.752,595,57,M0AW,,,Nicolas Mejia,R,183,COL,25.114,190,302,6-4 3-6 6-4,3,R32,167,4,3,105,68,43,20,14,4,7,7,3,99,50,33,26,15,7,11
2025-2991,Morelia,Hard,32,C,O,20250324,12,L0GH,,,Mark Lajal,R,191,EST,21.867,205,282,P0J1,,,Rodrigo Pacheco Mendez,L,191,MEX,19.912,229,240,6-1 7-6(6),3,R32,75,8,3,65,42,35,13,10,2,2,4,6,57,29,23,14,9,1,3
2025-2991,Morelia,Hard,32,C,O,20250324,13,PG20,,,Dmitry Popko,R,191,KAZ,28.413,245,225,A0GC,,,Terence Atmane,L,193,FRA,23.203,180,317,7-6(6) 6-7(4) 6-3,3,R32,149,8,7,107,59,48,29,16,3,3,11,13,121,59,49,31,17,6,8
2025-2991,Morelia,Hard,32,C,O,20250324,14,T0BW,,,James Trotter,R,183,JPN,25.654,181,317,M0OQ,,,James McCabe,R,188,AUS,21.719,184,310,6-7(9) 7-6(1) 7-6(3),3,R32,184,7,10,133,78,62,29,18,2,6,15,5,129,74,53,31,18,8,12
2025-2991,Morelia,Hard,32,C,O,20250324,15,Z09Z,,,Beibit Zhukayev,R,198,KAZ,24.446,215,263,R09X,,,Jurij Rodionov,L,191,AUT,25.856,197,290,6-1 6-3,3,R32,54,8,2,39,25,24,9,8,0,0,3,6,52,24,16,12,8,5,9
2025-2991,Morelia,Hard,32,C,O,20250324,16,Z0AK,,,Tyler Zink,R,185,USA,24.145,425,112,PL39,,,Alfredo Perez,R,193,USA,27.838,521,74,6-4 7-6(3),3,R32,84,4,6,77,42,38,14,11,5,6,4,3,63,31,25,18,11,0,2
2025-2991,Morelia,Hard,32,C,O,20250324,17,D994,1,,James Duckworth,R,183,AUS,33.172,95,638,Z0AK,,,Tyler Zink,R,185,USA,24.145,425,112,7-5 6-3,3,R16,73,4,3,60,25,19,24,11,3,4,5,4,66,25,23,14,10,1,4
2025-2991,Morelia,Hard,32,C,O,20250324,18,GF95,,,Hugo Grenier,R,196,FRA,29.002,204,283,E865,2,,Christopher Eubanks,R,201,USA,28.884,104,563,6-4 6-4,3,R16,76,6,4,61,29,21,24,10,2,2,11,5,61,40,33,7,10,2,4
2025-2991,Morelia,Hard,32,C,O,20250324,19,T0A1,4,,Thiago Agustin Tirante,R,185,ARG,23.953,117,512,C0HT,,,Murphy Cassone,R,188,USA,22.604,223,252,6-3 6-7(4) 6-3,3,R16,131,10,5,104,52,42,32,16,4,4,9,9,86,55,45,15,14,6,8
2025-2991,Morelia,Hard,32,C,O,20250324,20,PG20,,,Dmitry Popko,R,191,KAZ,28.413,245,225,ME82,5,,Adrian Mannarino,L,180,FRA,36.734,145,411,6-2 6-3,3,R16,72,3,2,58,31,27,13,9,1,1,2,2,46,27,20,7,8,1,4
2025-2991,Morelia,Hard,32,C,O,20250324,21,H0CD,,,Alex Hernandez,R,175,MEX,25.752,595,57,FA43,8,,Juan Pablo Ficovich,R,188,ARG,28.162,162,356,7-5 6-2,3,R16,110,2,3,72,45,32,14,10,7,8,3,5,82,37,26,17,10,3,7
2025-2991,Morelia,Hard,32,C,O,20250324,22,HH06,,,Marc-Andrea Huesler,L,196,SUI,28.747,172,330,T0BW,,,James Trotter,R,183,JPN,25.654,181,317,6-4 6-4,3,R16,93,6,7,57,33,28,15,10,3,3,6,6,81,50,34,14,10,10,12
2025-2991,Morelia,Hard,32,C,O,20250324,23,TA46,,,Bernard Tomic,R,196,AUS,32.422,219,258,L0GH,,,Mark Lajal,R,191,EST,21.867,205,282,6-2 3-6 7-6(6),3,R16,120,1,3,86,57,43,18,14,2,4,6,5,96,62,42,18,15,3,6
2025-2991,Morelia,Hard,32,C,O,20250324,24,Z09Z,,,Beibit Zhukayev,R,198,KAZ,24.446,215,263,MW75,,,Felipe Meligeni Alves,R,185,BRA,27.091,176,320,7-6(5) 6-4,3,R16,114,13,3,82,39,32,22,11,4,4,6,3,71,36,30,19,11,2,3
2025-2991,Morelia,Hard,32,C,O,20250324,25,D994,1,,James Duckworth,R,183,AUS,33.172,95,638,H0CD,,,Alex Hernandez,R,175,MEX,25.752,595,57,6-4 7-6(6),3,QF,96,15,3,77,38,28,22,11,3,5,2,2,75,48,29,15,11,1,4
2025-2991,Morelia,Hard,32,C,O,20250324,26,PG20,,,Dmitry Popko,R,191,KAZ,28.413,245,225,T0A1,4,,Thiago Agustin Tirante,R,185,ARG,23.953,117,512,6-1 6-4,3,QF,70,2,4,57,33,26,15,9,4,4,3,3,45,22,14,13,8,2,5
2025-2991,Morelia,Hard,32,C,O,20250324,27,GF95,,,Hugo Grenier,R,196,FRA,29.002,204,283,TA46,,,Bernard Tomic,R,196,AUS,32.422,219,258,2-6 7-6(4) 6-2,3,QF,122,8,12,91,50,39,19,14,6,10,6,5,92,57,42,15,14,3,7
2025-2991,Morelia,Hard,32,C,O,20250324,28,Z09Z,,,Beibit Zhukayev,R,198,KAZ,24.446,215,263,HH06,,,Marc-Andrea Huesler,L,196,SUI,28.747,172,330,6-3 6-7(2) 6-4,3,QF,130,8,3,93,49,39,26,16,2,3,9,5,94,54,40,23,15,4,7
2025-2991,Morelia,Hard,32,C,O,20250324,29,D994,1,,James Duckworth,R,183,AUS,33.172,95,638,Z09Z,,,Beibit Zhukayev,R,198,KAZ,24.446,215,263,6-2 6-4,3,SF,68,5,7,56,28,24,16,9,4,4,10,4,56,36,25,7,9,2,5
2025-2991,Morelia,Hard,32,C,O,20250324,30,PG20,,,Dmitry Popko,R,191,KAZ,28.413,245,225,GF95,,,Hugo Grenier,R,196,FRA,29.002,204,283,6-2 6-1,3,SF,77,2,3,47,30,24,9,8,1,1,2,6,62,28,15,16,7,1,5
2025-2991,Morelia,Hard,32,C,O,20250324,31,PG20,,,Dmitry Popko,R,191,KAZ,28.413,245,225,D994,1,,James Duckworth,R,183,AUS,33.172,95,638,1-6 6-2 6-4,3,F,106,8,0,85,56,33,18,13,5,8,6,7,83,43,33,17,12,3,6
2025-9452,Concepcion,Clay,32,C,O,20250324,1,GE33,2,,Daniel Elahi Galan,R,191,COL,28.764,110,532,BU70,,,Remy Bertola,R,175,SUI,26.563,285,187,6-3 6-1,3,R32,58,2,2,40,27,24,9,8,3,3,0,4,46,17,10,14,8,4,8
2025-9452,Concepcion,Clay,32,C,O,20250324,2,B0FV,3,,Roman Andres Burruchaga,R,183,ARG,23.165,137,430,T0DM,,,Juan Bautista Torres,R,178,ARG,22.976,274,197,6-2 7-5,3,R32,116,1,5,69,38,27,14,10,3,5,2,1,73,53,27,9,10,7,12
2025-9452,Concepcion,Clay,32,C,O,20250324,3,R0A7,,,Joao Lucas Reis Da Silva,R,178,BRA,24.994,380,130,BS86,4,,Tomas Barrios Vera,R,191,CHI,27.285,149,388,6-3 6-2,3,R32,87,2,0,54,31,20,18,9,0,0,2,0,53,38,22,7,8,2,5
2025-9452,Concepcion,Clay,32,C,O,20250324,4,A0G7,,,Valerio Aboian,L,183,ARG,22.776,483,85,MJ98,5,,Facundo Mena,R,183,ARG,32.501,186,306,6-3 5-7 6-1,3,R32,140,6,1,93,62,42,16,14,5,8,1,3,95,58,36,13,14,7,13
2025-9452,Concepcion,Clay,32,C,O,20250324,5,KC29,,,Nicolas Kicker,R,178,ARG,32.602,715,37,V0DP,6,,Adolfo Daniel Vallejo,R,183,PAR,20.903,187,306,6-1 6-1,3,R32,66,0,0,35,22,17,11,7,0,0,2,2,46,29,15,4,7,7,12
2025-9452,Concepcion,Clay,32,C,O,20250324,6,CC66,7,,Andrea Collarini,L,183,ARG,33.144,198,290,PC09,,,Jose Pereira,R,180,BRA,34.157,513,76,6-1 7-5,3,R32,83,1,2,63,45,35,11,10,4,4,1,2,47,33,22,6,9,0,3
2025-9452,Concepcion,Clay,32,C,O,20250324,7,N0AM,8,,Emilio Nava,R,185,USA,23.307,235,231,SG56,,,Daniel Dutra da Silva,L,,BRA,36.717,321,162,6-2 6-4,3,R32,71,6,0,52,39,32,6,9,1,1,3,4,56,35,21,9,9,3,6
2025-9452,Concepcion,Clay,32,C,O,20250324,8,B0FI,,,Pedro Boscardin Dias,R,180,BRA,22.152,449,99,CG94,,,Enzo Couacaud,R,183,FRA,30.064,239,229,7-6(9) 4-6 6-4,3,R32,149,13,2,115,57,45,29,16,7,10,3,5,94,54,46,20,16,5,8
2025-9452,Concepcion,Clay,32,C,O,20250324,9,B0GR,,,Gonzalo Bueno,R,173,PER,20.972,264,210,D0LJ,,,Diego Dedura,L,180,GER,17.032,556,65,6-3 6-2,3,R32,77,0,2,46,27,17,12,8,0,2,1,3,63,45,23,6,9,3,9
2025-9452,Concepcion,Clay,32,C,O,20250324,10,HG90,,,Conner Huertas del Pino,R,188,PER,29.259,795,28,O659,,,Vladyslav Orlov,R,188,UKR,29.854,591,58,6-3 7-6(4),3,R32,117,0,1,76,47,37,13,11,6,8,1,4,75,39,29,15,10,3,6
2025-9452,Concepcion,Clay,32,C,O,20250324,11,J0AW,,,Guido Ivan Justo,R,178,ARG,27.266,411,117,M0B2,,,Yuki Mochizuki,R,173,JPN,27.332,611,53,6-3 6-1,3,R32,67,1,0,40,28,23,9,8,0,0,0,0,56,40,21,8,8,3,7
2025-9452,Concepcion,Clay,32,C,O,20250324,12,O660,,,Genaro Alberto Olivieri,R,175,ARG,26.637,324,160,V821,,,Gonzalo Villanueva,R,175,ARG,30.193,410,117,7-5 6-1,3,R32,103,1,0,64,40,26,13,10,6,8,0,2,56,38,20,7,9,4,9
2025-9452,Concepcion,Clay,32,C,O,20250324,13,O376,,,Renzo Olivo,R,178,ARG,33.024,373,135,V0F6,,,Nicolas Villalon,R,180,CHI,21.087,1066,12,6-3 6-3,3,R32,92,1,1,62,42,31,12,9,5,5,1,5,63,39,26,9,9,4,7
2025-9452,Concepcion,Clay,32,C,O,20250324,14,P0DF,,,Matheus Pucinelli De Almeida,R,183,BRA,23.978,345,148,G0DH,,,Alvaro Guillen Meza,R,175,ECU,22.223,257,215,6-2 6-3,3,R32,100,0,5,69,41,32,11,9,7,8,1,2,47,32,14,6,8,2,6
2025-9452,Concepcion,Clay,32,C,O,20250324,15,S0EK,,,Matias Soto,R,170,CHI,25.908,244,225,N0CJ,,,Petr Nesterov,R,,BUL,22.048,448,100,6-1 6-4,3,R32,85,0,3,70,51,35,9,9,6,7,2,1,52,36,19,7,8,6,10
2025-9452,Concepcion,Clay,32,C,O,20250324,16,V836,,,Juan Pablo Varillas,R,185,PER,29.465,236,231,CG07,,,Hernan Casanova,R,178,ARG,31.127,422,113,6-2 7-5,3,R32,108,1,0,75,44,31,20,10,3,3,0,1,55,49,28,5,10,0,3
2025-9452,Concepcion,Clay,32,C,O,20250324,17,GE33,2,,Daniel Elahi Galan,R,191,COL,28.764,110,532,P0DF,,,Matheus Pucinelli De Almeida,R,183,BRA,23.978,345,148,6-4 6-3,3,R16,109,3,3,73,46,33,13,9,9,10,1,0,71,49,29,9,10,3,7
2025-9452,Concepcion,Clay,32,C,O,20250324,18,B0FV,3,,Roman Andres Burruchaga,R,183,ARG,23.165,137,430,HG90,,,Conner Huertas del Pino,R,188,PER,29.259,795,28,6-1 4-6 6-3,3,R16,134,2,8,78,42,25,19,13,4,8,1,4,84,47,28,13,13,6,13
2025-9452,Concepcion,Clay,32,C,O,20250324,19,O660,,,Genaro Alberto Olivieri,R,175,ARG,26.637,324,160,CC66,7,,Andrea Collarini,L,183,ARG,33.144,198,290,6-7(3) 7-6(5) 6-3,3,R16,192,1,2,124,89,56,20,17,7,10,2,3,108,73,44,22,16,5,9
2025-9452,Concepcion,Clay,32,C,O,20250324,20,N0AM,8,,Emilio Nava,R,185,USA,23.307,235,231,B0GR,,,Gonzalo Bueno,R,173,PER,20.972,264,210,6-0 6-3,3,R16,76,5,3,51,27,22,13,7,4,4,0,3,49,26,13,10,8,2,7
2025-9452,Concepcion,Clay,32,C,O,20250324,21,J0AW,,,Guido Ivan Justo,R,178,ARG,27.266,411,117,O376,,,Renzo Olivo,R,178,ARG,33.024,373,135,7-5 6-4,3,R16,127,0,1,72,52,36,10,11,1,2,1,2,73,43,29,12,11,2,5
2025-9452,Concepcion,Clay,32,C,O,20250324,22,KC29,,,Nicolas Kicker,R,178,ARG,32.602,715,37,V836,,,Juan Pablo Varillas,R,185,PER,29.465,236,231,6-0 6-1,3,R16,72,0,1,31,25,21,3,6,0,0,0,0,56,34,17,5,7,12,18
2025-9452,Concepcion,Clay,32,C,O,20250324,23,R0A7,,,Joao Lucas Reis Da Silva,R,178,BRA,24.994,380,130,B0FI,,,Pedro Boscardin Dias,R,180,BRA,22.152,449,99,2-6 7-5 6-3,3,R16,163,1,3,110,63,38,25,15,10,15,2,5,94,50,36,18,14,8,13
2025-9452,Concepcion,Clay,32,C,O,20250324,24,S0EK,,,Matias Soto,R,170,CHI,25.908,244,225,A0G7,,,Valerio Aboian,L,183,ARG,22.776,483,85,7-6(5) 3-6 6-1,3,R16,148,3,1,91,59,42,19,14,7,9,8,4,98,50,31,29,14,4,7
2025-9452,Concepcion,Clay,32,C,O,20250324,25,O660,,,Genaro Alberto Olivieri,R,175,ARG,26.637,324,160,GE33,2,,Daniel Elahi Galan,R,191,COL,28.764,110,532,7-6(8) 6-4,3,QF,129,1,1,72,50,34,10,11,0,3,1,1,80,50,29,15,11,5,9
2025-9452,Concepcion,Clay,32,C,O,20250324,26,S0EK,,,Matias Soto,R,170,CHI,25.908,244,225,B0FV,3,,Roman Andres Burruchaga,R,183,ARG,23.165,137,430,7-5 6-4,3,QF,107,3,0,64,48,34,8,11,2,4,3,4,78,45,28,16,11,4,8
2025-9452,Concepcion,Clay,32,C,O,20250324,27,N0AM,8,,Emilio Nava,R,185,USA,23.307,235,231,R0A7,,,Joao Lucas Reis Da Silva,R,178,BRA,24.994,380,130,6-2 6-3,3,QF,71,7,1,52,34,26,9,8,1,1,1,4,53,32,19,8,9,2,6
2025-9452,Concepcion,Clay,32,C,O,20250324,28,KC29,,,Nicolas Kicker,R,178,ARG,32.602,715,37,J0AW,,,Guido Ivan Justo,R,178,ARG,27.266,411,117,6-4 1-6 6-1,3,QF,137,0,0,70,49,28,14,12,2,6,3,1,71,44,26,14,12,3,8
2025-9452,Concepcion,Clay,32,C,O,20250324,29,N0AM,8,,Emilio Nava,R,185,USA,23.307,235,231,O660,,,Genaro Alberto Olivieri,R,175,ARG,26.637,324,160,6-2 6-4,3,SF,84,5,3,55,34,27,12,9,3,4,1,1,68,50,27,8,9,9,13
2025-9452,Concepcion,Clay,32,C,O,20250324,30,KC29,,,Nicolas Kicker,R,178,ARG,32.602,715,37,S0EK,,,Matias Soto,R,170,CHI,25.908,244,225,4-6 7-5 6-3,3,SF,169,2,1,97,62,35,23,16,4,9,4,4,95,46,26,27,15,4,10
2025-9452,Concepcion,Clay,32,C,O,20250324,31,N0AM,8,,Emilio Nava,R,185,USA,23.307,235,231,KC29,,,Nicolas Kicker,R,178,ARG,32.602,715,37,6-1 7-6(3),3,F,100,6,1,62,41,33,10,10,2,3,0,5,69,45,29,8,9,6,9
2025-2989,Monza,Clay,32,C,O,20250407,1,C0JP,1,,Raphael Collignon,R,191,BEL,23.231,91,661,C0NB,,,Federico Cina,R,185,ITA,18.023,372,133,6-2 6-4,3,R32,78,6,2,56,35,25,14,9,1,1,1,2,59,34,20,14,9,2,5
2025-2989,Monza,Clay,32,C,O,20250407,2,SS25,,,Vitaliy Sachko,R,188,UKR,27.732,301,175,B0NN,2,,Nishesh Basavareddy,R,180,USA,19.932,108,571,3-6 6-1 6-4,3,R32,125,4,2,89,59,40,15,13,8,10,8,4,83,56,33,15,13,8,12
2025-2989,Monza,Clay,32,C,O,20250407,3,P0GQ,,,Mili Poljicak,R,185,CRO,20.734,276,191,SX91,3,,Thiago Seyboth Wild,R,185,BRA,25.076,111,557,6-3 6-4,3,R32,95,3,0,61,41,33,11,10,1,1,2,1,63,42,26,12,9,6,8
2025-2989,Monza,Clay,32,C,O,20250407,4,CE77,4,,Federico Coria,R,180,ARG,33.079,126,464,E687,,,Daniel Evans,R,175,GBR,34.875,194,293,4-6 6-1 6-2,3,R32,137,1,3,78,50,34,11,12,8,11,0,4,88,46,25,18,13,5,12
2025-2989,Monza,Clay,32,C,O,20250407,5,C0C8,5,,Juan Manuel Cerundolo,L,183,ARG,23.392,125,468,DC48,,,Murkel Dellien,R,193,BOL,27.556,222,254,7-5 6-1,3,R32,110,4,2,65,41,31,9,9,6,8,1,3,71,33,14,18,10,8,14
2025-2989,Monza,Clay,32,C,O,20250407,6,L0IL,7,,Martin Landaluce,R,193,ESP,19.244,154,381,BU70,,,Remy Bertola,R,175,SUI,26.601,284,186,6-1 6-4,3,R32,78,2,2,56,30,22,13,9,3,5,0,2,46,28,12,7,8,1,6
2025-2989,Monza,Clay,32,C,O,20250407,7,S0GD,8,,Dalibor Svrcina,R,178,CZE,22.513,132,448,A829,,,Radu Albot,R,175,MDA,35.403,232,242,7-5 4-6 6-4,3,R32,157,3,2,113,88,49,12,16,8,14,1,3,97,65,36,13,16,4,11
2025-2989,Monza,Clay,32,C,O,20250407,8,CH12,,,Jan Choinski,R,196,GBR,28.824,201,288,A0CJ,9,,Duje Ajdukovic,R,188,CRO,24.167,170,345,7-6(6) 6-2,3,R32,90,2,3,66,49,36,9,10,1,2,2,0,71,52,32,9,10,2,5
2025-2989,Monza,Clay,32,C,O,20250407,9,A0BA,,,Federico Arnaboldi,R,185,ITA,24.802,217,263,D0L3,,,Matej Dodig,R,188,CRO,19.718,303,174,7-6(6) 6-2,3,R32,111,1,3,65,33,24,14,10,3,7,0,4,78,49,26,10,10,7,13
2025-2989,Monza,Clay,32,C,O,20250407,10,DG80,,,Enrico Dalla Valle,R,196,ITA,27.047,288,184,B0LW,,,Mika Brunold,R,191,SUI,20.512,317,164,6-2 6-7(5) 6-3,3,R32,166,4,2,101,69,52,15,15,1,3,1,5,110,79,51,13,14,10,15
2025-2989,Monza,Clay,32,C,O,20250407,11,G0IX,,,Arthur Gea,R,180,FRA,20.26,333,155,KC33,,,Dimitar Kuzmanov,R,183,BUL,31.693,277,190,7-6(5) 6-4,3,R32,113,4,4,79,53,33,14,11,2,5,2,1,68,57,34,3,11,1,5
2025-2989,Monza,Clay,32,C,O,20250407,12,G0GD,,,Matteo Gigante,L,180,ITA,23.255,206,277,F0BP,,,Pietro Fellin,R,193,ITA,23.68,821,26,3-6 6-3 6-2,3,R32,117,2,5,81,49,34,18,13,5,8,1,2,82,50,31,15,13,4,9
2025-2989,Monza,Clay,32,C,O,20250407,13,M0JZ,,,Filip Misolic,R,180,AUT,23.663,195,292,N897,,,Sumit Nagal,R,178,IND,27.641,144,408,6-2 1-0 RET,3,R32,42,1,0,32,20,13,7,5,3,4,0,2,23,16,6,2,4,0,3
2025-2989,Monza,Clay,32,C,O,20250407,14,SR81,,,Khumoyun Sultanov,R,180,UZB,26.445,229,247,KI63,,,Lukas Klein,R,193,SVK,27.044,181,313,6-1 6-3,3,R32,71,1,4,61,40,24,9,8,6,9,1,6,60,37,21,3,8,7,14
2025-2989,Monza,Clay,32,C,O,20250407,15,V0DZ,,,Luca Van Assche,R,178,FRA,20.906,188,299,P0DR,,,Andrea Picchione,R,183,ITA,26.834,370,134,3-6 7-6(3) 6-4,3,R32,181,1,4,114,88,49,12,15,10,16,5,2,98,64,42,15,16,6,12
2025-2989,Monza,Clay,32,C,O,20250407,16,V0J1,,,Jacopo Vasami,L,193,ITA,17.3,1138,9,J0A4,,,Paul Jubb,R,180,GBR,25.435,218,260,6-3 6-4,3,R32,75,6,1,52,24,21,15,9,5,7,0,4,58,32,18,12,10,2,7
2025-2989,Monza,Clay,32,C,O,20250407,17,C0JP,1,,Raphael Collignon,R,191,BEL,23.231,91,661,SR81,,,Khumoyun Sultanov,R,180,UZB,26.445,229,247,6-2 4-6 6-0,3,R16,116,8,4,88,61,40,15,12,8,10,3,2,93,63,28,17,12,9,15
2025-2989,Monza,Clay,32,C,O,20250407,18,M0JZ,,,Filip Misolic,R,180,AUT,23.663,195,292,CE77,4,,Federico Coria,R,180,ARG,33.079,126,464,6-0 4-6 6-0,3,R16,110,2,1,60,39,27,15,11,0,1,0,7,90,56,35,10,11,10,16
2025-2989,Monza,Clay,32,C,O,20250407,19,A0BA,,,Federico Arnaboldi,R,185,ITA,24.802,217,263,C0C8,5,,Juan Manuel Cerundolo,L,183,ARG,23.392,125,468,6-2 6-4,3,R16,102,3,1,61,35,26,9,9,2,5,1,2,71,46,22,9,9,7,13
2025-2989,Monza,Clay,32,C,O,20250407,20,V0J1,,,Jacopo Vasami,L,193,ITA,17.3,1138,9,L0IL,7,,Martin Landaluce,R,193,ESP,19.244,154,381,6-4 6-4,3,R16,89,4,0,59,33,25,17,10,2,2,2,4,58,33,22,15,10,1,3
2025-2989,Monza,Clay,32,C,O,20250407,21,S0GD,8,,Dalibor Svrcina,R,178,CZE,22.513,132,448,DG80,,,Enrico Dalla Valle,R,196,ITA,27.047,288,184,6-2 6-1,3,R16,84,0,2,48,37,26,7,8,4,5,0,1,52,30,14,7,7,5,10
2025-2989,Monza,Clay,32,C,O,20250407,22,CH12,,,Jan Choinski,R,196,GBR,28.824,201,288,G0IX,,,Arthur Gea,R,180,FRA,20.26,333,155,4-6 6-2 6-3,3,R16,132,3,1,79,56,37,14,14,3,6,3,8,83,49,29,15,13,6,11
2025-2989,Monza,Clay,32,C,O,20250407,23,SS25,,,Vitaliy Sachko,R,188,UKR,27.732,301,175,G0GD,,,Matteo Gigante,L,180,ITA,23.255,206,277,3-6 6-4 6-2,3,R16,134,2,5,97,59,41,15,14,6,10,3,2,73,45,28,15,13,2,7
2025-2989,Monza,Clay,32,C,O,20250407,24,V0DZ,,,Luca Van Assche,R,178,FRA,20.906,188,299,P0GQ,,,Mili Poljicak,R,185,CRO,20.734,276,191,6-2 6-4,3,R16,118,0,4,81,57,38,12,9,10,10,5,2,83,57,33,11,9,12,15
2025-2989,Monza,Clay,32,C,O,20250407,25,C0JP,1,,Raphael Collignon,R,191,BEL,23.231,91,661,CH12,,,Jan Choinski,R,196,GBR,28.824,201,288,3-6 6-2 2-0 RET,3,QF,109,5,4,56,28,24,15,9,2,3,4,1,82,51,34,13,10,7,10
2025-2989,Monza,Clay,32,C,O,20250407,26,S0GD,8,,Dalibor Svrcina,R,178,CZE,22.513,132,448,M0JZ,,,Filip Misolic,R,180,AUT,23.663,195,292,6-2 3-6 7-5,3,QF,148,2,0,80,57,35,10,14,4,9,3,2,106,65,39,15,15,9,16
2025-2989,Monza,Clay,32,C,O,20250407,27,SS25,,,Vitaliy Sachko,R,188,UKR,27.732,301,175,V0J1,,,Jacopo Vasami,L,193,ITA,17.3,1138,9,3-6 6-3 6-4,3,QF,123,3,2,76,54,41,11,14,2,4,9,4,86,53,36,17,14,2,5
2025-2989,Monza,Clay,32,C,O,20250407,28,V0DZ,,,Luca Van Assche,R,178,FRA,20.906,188,299,A0BA,,,Federico Arnaboldi,R,185,ITA,24.802,217,263,6-4 3-6 6-3,3,QF,158,4,4,97,75,52,7,14,10,13,2,4,97,53,42,16,14,6,10
2025-2989,Monza,Clay,32,C,O,20250407,29,C0JP,1,,Raphael Collignon,R,191,BEL,23.231,91,661,S0GD,8,,Dalibor Svrcina,R,178,CZE,22.513,132,448,6-1 6-1,3,SF,59,0,0,34,18,15,13,7,0,0,0,1,40,30,12,5,7,3,8
2025-2989,Monza,Clay,32,C,O,20250407,30,SS25,,,Vitaliy Sachko,R,188,UKR,27.732,301,175,V0DZ,,,Luca Van Assche,R,178,FRA,20.906,188,299,6-3 2-6 6-4,3,SF,152,2,4,89,55,36,12,13,8,14,2,10,92,62,35,11,14,8,15
2025-2989,Monza,Clay,32,C,O,20250407,31,C0JP,1,,Raphael Collignon,R,191,BEL,23.231,91,661,SS25,,,Vitaliy Sachko,R,188,UKR,27.732,301,175,6-3 7-5,3,F,,,,,,,,,,,,,,,,,,,
2025-5069,Sarasota,Clay,32,C,O,20250407,1,S0JA,1,,Eliot Spizzirri,R,185,USA,23.288,127,460,G0GW,,,Sascha Gueymard Wayenburg,R,191,FRA,21.684,246,223,7-6(7) 6-1,3,R32,93,1,2,63,44,32,10,10,0,2,2,5,66,38,22,14,9,4,8
2025-5069,Sarasota,Clay,32,C,O,20250407,2,GJ16,2,,Federico Agustin Gomez,R,191,ARG,28.361,140,417,J0B5,,,Garrett Johns,R,180,USA,24.304,343,149,6-4 6-1,3,R32,84,0,2,48,29,18,13,8,2,4,1,1,65,29,18,12,9,5,11
2025-5069,Sarasota,Clay,32,C,O,20250407,3,KC12,3,,Mitchell Krueger,R,188,USA,31.233,137,422,S0WT,,,Joel Schwaerzler,L,188,AUT,19.192,323,160,7-6(2) 7-6(5),3,R32,120,3,1,72,45,34,15,12,1,4,8,5,83,58,35,13,12,1,4
2025-5069,Sarasota,Clay,32,C,O,20250407,4,BS86,4,,Tomas Barrios Vera,R,191,CHI,27.324,128,457,O660,,,Genaro Alberto Olivieri,R,175,ARG,26.675,310,170,6-3 6-3,3,R32,81,2,1,53,30,26,11,9,2,3,0,1,52,41,22,6,9,1,5
2025-5069,Sarasota,Clay,32,C,O,20250407,5,N0AM,5,,Emilio Nava,R,185,USA,23.346,169,347,R0E0,,,Chris Rodesch,R,198,LUX,23.721,239,231,6-4 6-4,3,R32,84,9,4,57,33,26,14,10,0,1,0,0,60,44,28,7,10,1,4
2025-5069,Sarasota,Clay,32,C,O,20250407,6,D0DP,7,,Liam Draxl,R,185,CAN,23.337,176,322,B0GR,,,Gonzalo Bueno,R,173,PER,21.01,250,222,7-5 6-4,3,R32,121,2,3,67,50,28,10,11,6,11,0,4,89,60,34,7,11,12,19
2025-5069,Sarasota,Clay,32,C,O,20250407,7,J09X,,,Filip Cristian Jianu,R,180,ROU,23.551,233,242,MJ98,8,,Facundo Mena,R,183,ARG,32.539,186,302,4-6 6-4 7-5,3,R32,171,3,2,99,76,48,14,16,3,7,3,2,96,54,37,17,16,4,9
2025-5069,Sarasota,Clay,32,C,O,20250407,8,AG08,,,Andres Andrade,R,180,ECU,26.313,267,199,P0IY,,,Juan Carlos Prado Angelo,R,185,BOL,20.088,294,178,7-6(3) 6-1,3,R32,105,0,5,72,44,30,16,10,6,8,0,5,65,37,20,13,9,7,11
2025-5069,Sarasota,Clay,32,C,O,20250407,9,BU54,,,Geoffrey Blancaneaux,R,180,FRA,26.664,295,178,DF92,,,Corentin Denolly,L,188,FRA,27.836,270,195,6-2 7-5,3,R32,103,1,4,58,42,25,9,10,3,6,0,3,64,39,21,10,10,5,11
2025-5069,Sarasota,Clay,32,C,O,20250407,10,B0C0,,,Gabi Adrian Boitan,R,185,ROU,25.741,371,134,Z0AK,,,Tyler Zink,R,185,USA,24.183,375,131,6-4 7-5,3,R32,106,1,3,68,47,33,9,11,5,7,4,3,67,36,26,12,11,7,11
2025-5069,Sarasota,Clay,32,C,O,20250407,11,E0AC,,,Mathys Erhard,R,188,FRA,23.447,283,186,C0HT,,,Murphy Cassone,R,188,USA,22.642,221,259,6-4 6-0,3,R32,89,3,2,49,33,22,8,8,3,5,3,0,66,49,20,7,8,7,13
2025-5069,Sarasota,Clay,32,C,O,20250407,12,L0GH,,,Mark Lajal,R,191,EST,21.906,200,289,W857,,,Tung-Lin Wu,R,188,TPE,26.905,240,230,6-7(3) 7-5 6-4,3,R32,180,5,10,105,70,44,14,17,1,7,2,2,110,72,40,19,17,10,18
2025-5069,Sarasota,Clay,32,C,O,20250407,13,M0RE,,,Patrick Maloney,R,193,USA,25.158,380,129,D0DT,,,Martin Damm,L,203,USA,21.52,705,39,1-6 6-3 7-5,3,R32,150,2,5,91,62,44,12,14,9,12,9,7,105,60,42,20,14,8,11
2025-5069,Sarasota,Clay,32,C,O,20250407,14,MP01,,,Michael Mmoh,R,188,USA,27.239,363,136,SG56,,,Daniel Dutra da Silva,L,,BRA,36.756,312,169,6-3 6-3,3,R32,102,3,1,59,42,29,10,9,0,1,2,2,71,41,26,11,9,7,11
2025-5069,Sarasota,Clay,32,C,O,20250407,15,M0NL,,,Inaki Montes-De La Torre,R,178,ESP,22.511,496,81,V0DP,,,Adolfo Daniel Vallejo,R,183,PAR,20.942,230,247,6-4 6-2,3,R32,87,1,1,47,31,18,9,9,0,3,1,3,57,34,19,6,9,2,8
2025-5069,Sarasota,Clay,32,C,O,20250407,16,R0K9,,,Charlie Robertson,R,170,GBR,18.5,1626,2,SM88,,,Karue Sell,R,183,BRA,31.398,275,191,4-4 RET,3,R32,48,0,2,20,9,6,4,4,0,2,1,5,44,20,13,9,4,8,10
2025-5069,Sarasota,Clay,32,C,O,20250407,17,S0JA,1,,Eliot Spizzirri,R,185,USA,23.288,127,460,R0K9,,,Charlie Robertson,R,170,GBR,18.5,1626,2,7-6(1) 6-1,3,R16,115,1,4,82,59,36,8,10,12,16,1,5,62,35,15,10,9,3,9
2025-5069,Sarasota,Clay,32,C,O,20250407,18,GJ16,2,,Federico Agustin Gomez,R,191,ARG,28.361,140,417,M0NL,,,Inaki Montes-De La Torre,R,178,ESP,22.511,496,81,6-0 7-6(4),3,R16,124,3,3,71,38,26,20,9,1,2,0,2,75,44,28,11,9,9,13
2025-5069,Sarasota,Clay,32,C,O,20250407,19,AG08,,,Andres Andrade,R,180,ECU,26.313,267,199,KC12,3,,Mitchell Krueger,R,188,USA,31.233,137,422,7-5 6-4,3,R16,104,4,4,68,38,27,18,11,3,4,0,2,64,41,28,9,11,1,4
2025-5069,Sarasota,Clay,32,C,O,20250407,20,BS86,4,,Tomas Barrios Vera,R,191,CHI,27.324,128,457,MP01,,,Michael Mmoh,R,188,USA,27.239,363,136,4-6 6-3 6-2,3,R16,146,3,2,90,57,36,17,14,3,7,5,4,78,48,33,9,13,3,9
2025-5069,Sarasota,Clay,32,C,O,20250407,21,N0AM,5,,Emilio Nava,R,185,USA,23.346,169,347,B0C0,,,Gabi Adrian Boitan,R,185,ROU,25.741,371,134,6-3 6-2,3,R16,76,5,2,52,38,28,7,9,1,2,2,5,52,34,19,7,8,7,11
2025-5069,Sarasota,Clay,32,C,O,20250407,22,D0DP,7,,Liam Draxl,R,185,CAN,23.337,176,322,M0RE,,,Patrick Maloney,R,193,USA,25.158,380,129,4-6 6-4 6-0,3,R16,121,6,6,76,44,32,17,13,8,11,8,9,74,45,29,9,13,5,11
2025-5069,Sarasota,Clay,32,C,O,20250407,23,BU54,,,Geoffrey Blancaneaux,R,180,FRA,26.664,295,178,E0AC,,,Mathys Erhard,R,188,FRA,23.447,283,186,6-4 6-3,3,R16,135,0,4,63,48,29,8,9,4,6,1,6,89,49,29,15,10,12,17
2025-5069,Sarasota,Clay,32,C,O,20250407,24,J09X,,,Filip Cristian Jianu,R,180,ROU,23.551,233,242,L0GH,,,Mark Lajal,R,191,EST,21.906,200,289,6-3 6-7(6) 6-3,3,R16,176,2,1,109,81,55,12,16,2,6,3,3,104,71,38,18,14,4,10
2025-5069,Sarasota,Clay,32,C,O,20250407,25,S0JA,1,,Eliot Spizzirri,R,185,USA,23.288,127,460,BU54,,,Geoffrey Blancaneaux,R,180,FRA,26.664,295,178,6-4 6-4,3,QF,124,0,4,83,55,35,9,10,6,10,2,1,58,34,15,13,10,5,11
2025-5069,Sarasota,Clay,32,C,O,20250407,26,GJ16,2,,Federico Agustin Gomez,R,191,ARG,28.361,140,417,J09X,,,Filip Cristian Jianu,R,180,ROU,23.551,233,242,6-4 6-0,3,QF,72,7,2,51,34,23,12,8,2,3,0,3,50,26,15,9,8,2,7
2025-5069,Sarasota,Clay,32,C,O,20250407,27,N0AM,5,,Emilio Nava,R,185,USA,23.346,169,347,BS86,4,,Tomas Barrios Vera,R,191,CHI,27.324,128,457,7-5 7-6(3),3,QF,128,6,8,76,46,35,14,12,4,7,1,2,92,62,35,16,12,9,13
2025-5069,Sarasota,Clay,32,C,O,20250407,28,D0DP,7,,Liam Draxl,R,185,CAN,23.337,176,322,AG08,,,Andres Andrade,R,180,ECU,26.313,267,199,7-5 7-6(4),3,QF,130,2,7,80,48,36,16,12,5,7,4,3,89,47,32,20,12,3,6
2025-5069,Sarasota,Clay,32,C,O,20250407,29,N0AM,5,,Emilio Nava,R,185,USA,23.346,169,347,S0JA,1,,Eliot Spizzirri,R,185,USA,23.288,127,460,7-6(6) 6-4,3,SF,105,4,2,64,44,32,13,11,3,4,0,0,74,46,32,17,11,1,3
2025-5069,Sarasota,Clay,32,C,O,20250407,30,D0DP,7,,Liam Draxl,R,185,CAN,23.337,176,322,GJ16,2,,Federico Agustin Gomez,R,191,ARG,28.361,140,417,3-6 6-4 6-0,3,SF,113,0,2,77,54,37,7,12,6,10,6,5,79,48,24,15,13,5,12
2025-5069,Sarasota,Clay,32,C,O,20250407,31,N0AM,5,,Emilio Nava,R,185,USA,23.346,169,347,D0DP,7,,Liam Draxl,R,185,CAN,23.337,176,322,6-2 7-6(2),3,F,91,4,3,55,30,24,13,10,0,2,0,4,75,56,33,7,10,8,12
2025-8375,Mexico City,Clay,32,C,O,20250407,1,D994,1,,James Duckworth,R,183,AUS,33.21,90,681,D0AR,,,Mateus Alves,R,193,BRA,24.203,335,153,6-3 7-6(3),3,R32,86,6,3,57,36,29,13,10,0,1,8,6,73,40,28,14,11,4,7
2025-8375,Mexico City,Clay,32,C,O,20250407,2,DF88,,,Aziz Dougaz,L,188,TUN,28.033,197,292,T0A1,2,,Thiago Agustin Tirante,R,185,ARG,23.992,135,441,6-3 3-6 6-3,3,R32,146,9,7,104,57,41,27,14,10,11,7,11,108,50,40,24,13,14,16
2025-8375,Mexico City,Clay,32,C,O,20250407,3,ME82,3,,Adrian Mannarino,L,180,FRA,36.772,134,441,M0NB,,,Aidan Mayo,R,183,USA,21.9,290,181,7-6(5) 6-4,3,R32,109,4,5,70,36,29,15,11,2,5,6,4,71,38,24,17,11,5,9
2025-8375,Mexico City,Clay,32,C,O,20250407,4,MW75,4,,Felipe Meligeni Alves,R,185,BRA,27.129,153,381,Z09Z,,,Beibit Zhukayev,R,198,KAZ,24.485,205,282,3-6 6-3 7-6(9),3,R32,151,8,6,107,68,48,19,15,5,9,10,10,114,58,43,25,15,9,13
2025-8375,Mexico City,Clay,32,C,O,20250407,5,PL39,,,Alfredo Perez,R,193,USA,27.877,501,79,FA43,5,,Juan Pablo Ficovich,R,188,ARG,28.2,155,381,7-6(2) 6-4,3,R32,107,6,2,79,50,37,15,11,3,4,4,0,87,56,35,17,11,5,7
2025-8375,Mexico City,Clay,32,C,O,20250407,6,P0J1,,,Rodrigo Pacheco Mendez,L,191,MEX,19.951,224,252,GK06,6,,Alexis Galarneau,R,180,CAN,26.1,182,312,6-3 6-3,3,R32,72,2,2,48,31,23,11,9,3,4,4,7,62,35,23,10,9,5,9
2025-8375,Mexico City,Clay,32,C,O,20250407,7,HH06,7,,Marc-Andrea Huesler,L,196,SUI,28.786,142,415,Z09F,,,Patrick Zahraj,R,191,GER,25.725,273,192,7-6(6) 6-1,3,R32,94,6,4,64,38,31,13,9,2,3,7,7,65,26,20,19,10,3,7
2025-8375,Mexico City,Clay,32,C,O,20250407,8,B0NO,,,Darwin Blanch,L,185,USA,17.525,579,60,A0KH,,,Rodrigo Alujas,R,170,MEX,22.615,942,18,3-6 6-2 6-3,3,R32,101,4,6,75,45,30,12,13,4,9,0,7,75,43,28,12,13,5,12
2025-8375,Mexico City,Clay,32,C,O,20250407,9,H0CD,,,Alex Hernandez,R,175,MEX,25.791,534,70,SL94,,,Pedro Sakamoto,R,178,BRA,31.773,361,138,6-3 6-1,3,R32,88,1,1,62,46,32,9,8,6,6,6,6,59,31,18,10,8,5,9
2025-8375,Mexico City,Clay,32,C,O,20250407,10,M0NP,,,Andres Martin,R,183,USA,23.751,450,101,A09W,,,Juan Carlos Aguilar,R,170,CAN,26.379,474,89,6-1 6-0,3,R32,54,2,2,42,30,22,7,7,3,3,3,4,43,27,12,4,6,2,7
2025-8375,Mexico City,Clay,32,C,O,20250407,11,M0AW,,,Nicolas Mejia,R,183,COL,25.153,257,214,C0BC,,,Maxime Cressy,R,201,USA,27.915,320,161,7-6(3) 6-3,3,R32,102,7,2,60,37,32,15,11,0,1,6,7,72,40,30,15,10,4,6
2025-8375,Mexico City,Clay,32,C,O,20250407,12,O0AD,,,Neil Oberleitner,R,191,AUT,25.673,430,110,J620,,,Maxime Janvier,R,196,FRA,28.468,349,145,6-1 4-6 7-6(7),3,R32,140,5,9,112,64,45,26,14,8,9,16,19,123,55,44,28,15,12,15
2025-8375,Mexico City,Clay,32,C,O,20250407,13,P0AY,,,Luka Pavlovic,R,196,FRA,25.021,296,177,N679,,,Stefano Napolitano,R,196,ITA,29.99,255,216,7-6(5) 7-6(6),3,R32,114,20,4,86,42,33,27,12,2,3,3,1,75,43,36,18,12,0,1
2025-8375,Mexico City,Clay,32,C,O,20250407,14,S0EK,,,Matias Soto,R,170,CHI,25.947,247,223,N663,,,Maximilian Neuchrist,R,,AUT,33.711,461,96,7-6(5) 6-3,3,R32,110,9,5,61,32,26,18,10,2,3,7,4,92,53,35,19,11,9,12
2025-8375,Mexico City,Clay,32,C,O,20250407,15,TA46,,,Bernard Tomic,R,196,AUS,32.46,237,233,P0GN,,,Tom Paris,R,193,FRA,22.595,441,105,6-4 6-2,3,R32,66,2,1,49,27,22,14,9,0,0,4,4,58,25,16,19,9,3,6
2025-8375,Mexico City,Clay,32,C,O,20250407,16,V836,,,Juan Pablo Varillas,R,185,PER,29.503,252,221,RH59,,,Santiago Rodriguez Taverna,R,191,ARG,25.728,299,177,6-1 6-4,3,R32,84,3,2,68,42,28,14,9,10,11,2,3,40,21,12,7,8,2,6
2025-8375,Mexico City,Clay,32,C,O,20250407,17,V836,,,Juan Pablo Varillas,R,185,PER,29.503,252,221,D994,1,,James Duckworth,R,183,AUS,33.21,90,681,2-6 6-4 6-4,3,R16,122,7,2,80,42,31,22,14,1,4,9,9,78,40,34,19,14,3,6
2025-8375,Mexico City,Clay,32,C,O,20250407,18,ME82,3,,Adrian Mannarino,L,180,FRA,36.772,134,441,M0AW,,,Nicolas Mejia,R,183,COL,25.153,257,214,6-2 2-6 6-2,3,R16,136,1,3,73,53,30,10,12,6,11,4,8,78,35,22,13,12,5,12
2025-8375,Mexico City,Clay,32,C,O,20250407,19,MW75,4,,Felipe Meligeni Alves,R,185,BRA,27.129,153,381,B0NO,,,Darwin Blanch,L,185,USA,17.525,579,60,7-6(4) 6-3,3,R16,89,3,2,67,46,35,11,11,3,5,2,7,74,39,27,13,10,8,11
2025-8375,Mexico City,Clay,32,C,O,20250407,20,HH06,7,,Marc-Andrea Huesler,L,196,SUI,28.786,142,415,O0AD,,,Neil Oberleitner,R,191,AUT,25.673,430,110,6-4 6-4,3,R16,92,3,4,52,33,27,13,10,0,0,9,4,80,40,32,16,10,5,7
2025-8375,Mexico City,Clay,32,C,O,20250407,21,DF88,,,Aziz Dougaz,L,188,TUN,28.033,197,292,S0EK,,,Matias Soto,R,170,CHI,25.947,247,223,6-4 6-3,3,R16,89,9,6,66,39,31,14,10,2,2,1,4,61,32,23,13,9,3,5
2025-8375,Mexico City,Clay,32,C,O,20250407,22,P0AY,,,Luka Pavlovic,R,196,FRA,25.021,296,177,P0J1,,,Rodrigo Pacheco Mendez,L,191,MEX,19.951,224,252,7-6(4) 6-3,3,R16,89,18,6,67,27,24,22,11,2,3,5,10,71,39,30,14,10,4,6
2025-8375,Mexico City,Clay,32,C,O,20250407,23,PL39,,,Alfredo Perez,R,193,USA,27.877,501,79,M0NP,,,Andres Martin,R,183,USA,23.751,450,101,6-1 7-5,3,R16,91,0,2,56,30,23,13,9,5,7,1,1,71,44,23,10,10,5,11
2025-8375,Mexico City,Clay,32,C,O,20250407,24,TA46,,,Bernard Tomic,R,196,AUS,32.46,237,233,H0CD,,,Alex Hernandez,R,175,MEX,25.791,534,70,6-4 6-2,3,R16,81,4,1,63,36,29,14,9,4,4,3,2,60,39,25,9,9,5,8
2025-8375,Mexico City,Clay,32,C,O,20250407,25,ME82,3,,Adrian Mannarino,L,180,FRA,36.772,134,441,TA46,,,Bernard Tomic,R,196,AUS,32.46,237,233,5-7 6-1 6-1,3,QF,103,3,4,73,49,37,14,13,3,4,7,2,80,33,22,21,13,9,14
2025-8375,Mexico City,Clay,32,C,O,20250407,26,MW75,4,,Felipe Meligeni Alves,R,185,BRA,27.129,153,381,PL39,,,Alfredo Perez,R,193,USA,27.877,501,79,6-3 6-2,3,QF,66,4,0,49,24,21,16,9,1,1,3,3,52,27,17,12,8,5,8
2025-8375,Mexico City,Clay,32,C,O,20250407,27,HH06,7,,Marc-Andrea Huesler,L,196,SUI,28.786,142,415,DF88,,,Aziz Dougaz,L,188,TUN,28.033,197,292,6-7(7) 6-1 7-5,3,QF,149,12,8,95,58,50,17,16,4,6,7,9,103,50,32,28,15,6,11
2025-8375,Mexico City,Clay,32,C,O,20250407,28,P0AY,,,Luka Pavlovic,R,196,FRA,25.021,296,177,V836,,,Juan Pablo Varillas,R,185,PER,29.503,252,221,6-3 0-6 6-4,3,QF,128,10,11,100,38,28,28,13,8,12,2,5,75,35,23,21,12,0,3
2025-8375,Mexico City,Clay,32,C,O,20250407,29,P0AY,,,Luka Pavlovic,R,196,FRA,25.021,296,177,ME82,3,,Adrian Mannarino,L,180,FRA,36.772,134,441,6-4 7-6(3),3,SF,120,10,8,83,36,30,24,11,9,10,1,4,77,53,38,10,11,2,4
2025-8375,Mexico City,Clay,32,C,O,20250407,30,MW75,4,,Felipe Meligeni Alves,R,185,BRA,27.129,153,381,HH06,7,,Marc-Andrea Huesler,L,196,SUI,28.786,142,415,3-6 6-3 7-6(3),3,SF,138,6,5,101,63,48,22,15,7,9,8,7,99,48,39,26,15,6,8
2025-8375,Mexico City,Clay,32,C,O,20250407,31,MW75,4,,Felipe Meligeni Alves,R,185,BRA,27.129,153,381,P0AY,,,Luka Pavlovic,R,196,FRA,25.021,296,177,6-3 6-3,3,F,62,1,0,47,33,28,9,9,0,0,10,7,54,27,17,13,9,0,3
2025-9687,Madrid,Clay,32,C,O,20250407,1,CG80,1,,Borna Coric,R,188,CRO,28.394,97,613,B0PG,,,Alexander Blockx,R,193,BEL,19.997,151,384,6-1 6-4,3,R32,73,4,2,46,23,19,18,9,0,0,4,2,42,24,16,8,8,1,4
2025-9687,Madrid,Clay,32,C,O,20250407,2,MQ75,,,Kamil Majchrzak,R,183,POL,29.232,102,595,DA31,2,,Hugo Dellien,R,180,BOL,31.808,101,601,7-6(1) 6-1,3,R32,77,6,1,57,30,20,20,9,3,4,4,3,61,46,26,5,10,1,5
2025-9687,Madrid,Clay,32,C,O,20250407,3,O513,,,Sebastian Ofner,R,191,AUT,28.903,133,446,HD68,3,,Billy Harris,R,193,GBR,30.198,107,576,4-6 6-3 7-5,3,R32,138,5,4,96,54,40,26,16,1,2,8,2,100,58,42,23,15,6,8
2025-9687,Madrid,Clay,32,C,O,20250407,4,S0H2,4,,Alexander Shevchenko,R,188,KAZ,24.353,106,578,B0EJ,,,Tristan Boyer,R,188,USA,23.962,120,491,7-5 6-3,3,R32,103,4,3,72,51,35,8,10,2,4,3,2,76,44,26,15,11,8,13
2025-9687,Madrid,Clay,32,C,O,20250407,5,K09F,5,,Pavel Kotov,R,191,RUS,26.385,124,473,HG94,,,Benjamin Hassan,R,183,LBN,30.171,214,266,6-4 6-4,3,R32,87,5,0,67,52,37,8,10,4,5,5,3,59,39,26,10,10,1,4
2025-9687,Madrid,Clay,32,C,O,20250407,6,CD85,,,Pablo Carreno Busta,R,188,ESP,33.739,103,593,P0D0,,,Jakub Paul,R,180,SUI,26.045,336,152,6-2 6-1,3,R32,57,3,2,53,27,18,16,8,1,2,0,2,38,27,11,3,7,0,5
2025-9687,Madrid,Clay,32,C,O,20250407,7,R0EB,7,,Valentin Royer,R,188,FRA,23.858,116,517,H0A4,,,Nick Hardt,R,185,DOM,24.545,364,136,7-6(5) 6-2,3,R32,128,4,2,81,41,30,20,10,4,6,5,1,85,52,29,17,10,8,12
2025-9687,Madrid,Clay,32,C,O,20250407,8,C977,8,,Marin Cilic,R,198,CRO,36.523,117,513,B0ID,,,Ignacio Buse,R,183,PER,21.035,213,268,6-3 7-5,3,R32,110,11,7,67,32,28,15,11,3,5,2,1,74,48,30,11,10,9,13
2025-9687,Madrid,Clay,32,C,O,20250407,9,G0FW,,,Vilius Gaubas,R,178,LTU,20.271,149,389,GA79,,,Lorenzo Giustino,R,180,ITA,33.574,306,171,4-6 7-5 7-5,3,R32,168,3,3,106,72,48,21,17,6,9,5,3,111,69,47,22,17,8,12
2025-9687,Madrid,Clay,32,C,O,20250407,10,GB93,,,Norbert Gombos,R,193,SVK,34.65,398,121,D0CN,,,Miguel Damas,R,208,ESP,25.295,434,108,6-4 6-3,3,R32,76,8,1,47,35,29,7,9,0,0,4,3,62,32,22,14,10,3,6
2025-9687,Madrid,Clay,32,C,O,20250407,11,HB48,,,Calvin Hemery,R,191,FRA,30.19,171,345,Z419,,,Bernabe Zapata Miralles,R,183,ESP,28.233,389,125,6-3 2-6 6-4,3,R32,109,4,5,73,47,40,12,14,0,2,1,1,85,65,45,10,13,4,6
2025-9687,Madrid,Clay,32,C,O,20250407,12,H09N,,,August Holmgren,R,188,DEN,26.96,203,283,V0AM,,,Otto Virtanen,R,193,FIN,23.795,129,455,6-3 6-7(5) 7-6(3),3,R32,165,4,5,137,95,58,24,17,9,12,6,3,116,77,50,17,16,7,11
2025-9687,Madrid,Clay,32,C,O,20250407,13,M0HT,,,Alejandro Moro Canas,R,183,ESP,24.331,156,375,B0MM,,,Edas Butvilas,R,191,LTU,20.706,210,272,6-3 6-3,3,R32,81,0,2,52,36,28,10,9,2,2,6,1,60,40,27,8,9,4,7
2025-9687,Madrid,Clay,32,C,O,20250407,14,P09O,,,Zsombor Piros,R,180,HUN,25.484,251,221,R0FP,,,Daniel Rincon,L,185,ESP,22.248,223,253,7-6(2) 3-6 7-5,3,R32,150,2,3,91,54,37,24,16,3,7,9,4,104,60,41,23,17,6,10
2025-9687,Madrid,Clay,32,C,O,20250407,15,TE16,,,Carlos Taberner,R,183,ESP,27.663,146,398,RB60,,,Oriol Roca Batalla,R,175,ESP,31.937,249,222,7-5 6-2,3,R32,106,0,0,64,46,33,9,10,3,4,5,2,56,28,19,13,10,5,9
2025-9687,Madrid,Clay,32,C,O,20250407,16,TA29,,,Marco Trungelliti,R,178,ARG,35.181,167,351,M0N7,,,Daniel Merida,R,188,ESP,20.528,329,155,6-3 6-3,3,R32,75,1,2,59,36,25,13,9,2,3,2,1,61,34,16,16,9,7,11
2025-9687,Madrid,Clay,32,C,O,20250407,17,P09O,,,Zsombor Piros,R,180,HUN,25.484,251,221,CG80,1,,Borna Coric,R,188,CRO,28.394,97,613,5-7 6-3 6-4,3,R16,158,3,4,103,61,41,24,16,5,8,11,3,98,64,44,15,15,7,11
2025-9687,Madrid,Clay,32,C,O,20250407,18,GB93,,,Norbert Gombos,R,193,SVK,34.65,398,121,S0H2,4,,Alexander Shevchenko,R,188,KAZ,24.353,106,578,7-6(4) 7-5,3,R16,108,4,0,76,47,38,17,12,1,2,4,0,71,44,32,18,12,5,7
2025-9687,Madrid,Clay,32,C,O,20250407,19,K09F,5,,Pavel Kotov,R,191,RUS,26.385,124,473,M0HT,,,Alejandro Moro Canas,R,183,ESP,24.331,156,375,6-4 5-7 7-5,3,R16,207,2,3,105,67,51,16,17,4,8,3,4,118,78,46,24,17,9,14
2025-9687,Madrid,Clay,32,C,O,20250407,20,CD85,,,Pablo Carreno Busta,R,188,ESP,33.739,103,593,HB48,,,Calvin Hemery,R,191,FRA,30.19,171,345,6-4 5-7 7-6(9),3,R16,167,6,2,113,73,53,19,17,4,9,9,4,119,86,55,15,17,5,10
2025-9687,Madrid,Clay,32,C,O,20250407,21,R0EB,7,,Valentin Royer,R,188,FRA,23.858,116,517,H09N,,,August Holmgren,R,188,DEN,26.96,203,283,7-6(4) 6-2,3,R16,108,3,3,84,55,41,14,10,9,9,4,1,63,43,26,13,10,2,4
2025-9687,Madrid,Clay,32,C,O,20250407,22,C977,8,,Marin Cilic,R,198,CRO,36.523,117,513,TA29,,,Marco Trungelliti,R,178,ARG,35.181,167,351,6-2 4-6 6-1,3,R16,135,8,1,77,42,31,23,13,4,5,4,3,86,46,29,20,12,9,13
2025-9687,Madrid,Clay,32,C,O,20250407,23,G0FW,,,Vilius Gaubas,R,178,LTU,20.271,149,389,O513,,,Sebastian Ofner,R,191,AUT,28.903,133,446,4-6 6-3 6-3,3,R16,110,7,1,75,56,43,10,14,0,2,5,2,88,52,35,17,14,4,8
2025-9687,Madrid,Clay,32,C,O,20250407,24,MQ75,,,Kamil Majchrzak,R,183,POL,29.232,102,595,TE16,,,Carlos Taberner,R,183,ESP,27.663,146,398,6-4 6-4,3,R16,98,5,1,68,41,27,15,10,2,4,3,3,61,37,23,10,10,0,4
2025-9687,Madrid,Clay,32,C,O,20250407,25,GB93,,,Norbert Gombos,R,193,SVK,34.65,398,121,K09F,5,,Pavel Kotov,R,191,RUS,26.385,124,473,6-7(8) 7-5 6-3,3,QF,204,5,1,122,79,55,22,16,5,6,4,1,133,92,60,20,17,9,13
2025-9687,Madrid,Clay,32,C,O,20250407,26,MQ75,,,Kamil Majchrzak,R,183,POL,29.232,102,595,CD85,,,Pablo Carreno Busta,R,188,ESP,33.739,103,593,6-7(10) 6-4 6-1,3,QF,143,7,2,94,62,49,17,14,3,4,5,3,114,83,56,11,15,6,11
2025-9687,Madrid,Clay,32,C,O,20250407,27,R0EB,7,,Valentin Royer,R,188,FRA,23.858,116,517,P09O,,,Zsombor Piros,R,180,HUN,25.484,251,221,2-1 RET,3,QF,17,3,1,18,14,9,2,2,2,2,0,0,6,2,2,2,1,0,0
2025-9687,Madrid,Clay,32,C,O,20250407,28,C977,8,,Marin Cilic,R,198,CRO,36.523,117,513,G0FW,,,Vilius Gaubas,R,178,LTU,20.271,149,389,6-7(6) 6-4 7-6(4),3,QF,188,12,1,108,71,58,21,17,5,6,13,1,130,82,55,28,17,8,10
2025-9687,Madrid,Clay,32,C,O,20250407,29,C977,8,,Marin Cilic,R,198,CRO,36.523,117,513,R0EB,7,,Valentin Royer,R,188,FRA,23.858,116,517,3-6 7-5 7-6(7),3,SF,166,8,1,89,56,47,18,16,1,4,9,2,114,74,52,25,17,2,5
2025-9687,Madrid,Clay,32,C,O,20250407,30,MQ75,,,Kamil Majchrzak,R,183,POL,29.232,102,595,GB93,,,Norbert Gombos,R,193,SVK,34.65,398,121,7-6(2) 3-6 7-6(1),3,SF,154,11,2,121,84,57,20,16,5,9,15,3,110,79,57,14,17,3,6
2025-9687,Madrid,Clay,32,C,O,20250407,31,MQ75,,,Kamil Majchrzak,R,183,POL,29.232,102,595,C977,8,,Marin Cilic,R,198,CRO,36.523,117,513,6-3 4-6 6-4,3,F,132,4,1,90,59,43,20,15,4,5,11,1,90,54,41,17,14,8,10
2025-1741,Busan,Hard,32,C,O,20250414,1,W09E,1,,Adam Walton,R,183,AUS,25.993,86,749,N09U,,,Rio Noguchi,R,168,JPN,26.294,252,220,6-0 6-2,3,R32,60,7,1,39,25,20,8,7,0,0,0,5,45,30,16,3,7,2,7
2025-1741,Busan,Hard,32,C,O,20250414,2,S0K7,,,Zachary Svajda,R,175,USA,22.374,201,284,E865,2,,Christopher Eubanks,R,201,USA,28.942,110,565,3-6 7-6(3) 6-0,3,R32,123,4,2,76,46,35,14,14,4,8,3,5,103,61,38,16,13,10,15
2025-1741,Busan,Hard,32,C,O,20250414,3,H09P,3,,Brandon Holt,R,185,USA,27.023,116,532,LB66,,,Constant Lestienne,R,180,FRA,32.893,189,299,1-6 7-6(2) 6-4,3,R32,139,9,4,89,51,38,18,14,6,10,3,4,97,44,35,25,15,5,8
2025-1741,Busan,Hard,32,C,O,20250414,4,C0MH,,,Gerard Campana Lee,R,183,KOR,20.534,404,118,S0N0,4,,Tristan Schoolkate,R,183,AUS,24.129,120,494,6-4 3-6 6-3,3,R32,131,3,4,93,59,45,14,14,8,10,11,5,86,48,39,16,14,5,8
2025-1741,Busan,Hard,32,C,O,20250414,5,U134,5,,Yasutaka Uchiyama,R,183,JPN,32.69,224,250,RH62,,,Mats Rosenkranz,L,193,GER,26.642,375,131,7-6(4) 6-3,3,R32,92,4,4,63,39,33,14,11,2,4,2,5,65,26,21,20,10,3,6
2025-1741,Busan,Hard,32,C,O,20250414,6,TC01,6,,Li Tu,R,183,AUS,28.882,172,331,S0MN,,,Marat Sharipov,R,188,RUS,22.513,260,212,6-2 3-6 6-1,3,R32,99,5,6,88,55,43,14,12,10,11,7,2,68,30,21,20,12,1,5
2025-1741,Busan,Hard,32,C,O,20250414,7,H09F,,,Yu Hsiou Hsu,R,178,TPE,26.034,237,235,T0BW,7,,James Trotter,R,183,JPN,25.711,176,322,6-3 6-3,3,R32,98,2,2,56,30,21,18,9,4,5,4,2,72,44,26,10,9,10,14
2025-1741,Busan,Hard,32,C,O,20250414,8,A0GC,8,,Terence Atmane,L,193,FRA,23.261,177,317,M0OQ,,,James McCabe,R,188,AUS,21.777,181,309,7-6(4) 7-6(2),3,R32,123,3,6,80,48,42,17,12,2,3,3,3,88,49,36,20,12,3,4
2025-1741,Busan,Hard,32,C,O,20250414,9,BI81,,,Alex Bolt,L,183,AUS,32.271,228,247,WB08,,,Yosuke Watanuki,R,180,JPN,27.006,213,264,6-3 7-6(4),3,R32,109,5,1,75,36,27,20,11,2,4,7,3,79,39,27,17,10,7,10
2025-1741,Busan,Hard,32,C,O,20250414,10,CH27,,,Hyeon Chung,R,188,KOR,28.903,478,89,RH24,,,Emil Ruusuvuori,R,188,FIN,26.034,227,248,6-2 6-4,3,R32,82,2,4,53,36,32,7,9,5,5,8,3,65,32,24,13,9,6,9
2025-1741,Busan,Hard,32,C,O,20250414,11,J553,,,Omar Jasika,L,183,AUS,27.907,216,260,DC76,,,Viktor Durasovic,R,185,NOR,28.071,244,224,0-6 6-3 6-2,3,R32,99,0,3,69,40,24,14,11,2,6,0,1,69,35,20,17,12,5,10
2025-1741,Busan,Hard,32,C,O,20250414,12,KB95,,,Jason Kubler,R,178,AUS,31.904,372,132,S0UV,,,Rei Sakamoto,R,193,JPN,18.806,282,187,7-5 6-4,3,R32,94,11,4,66,43,36,9,11,1,2,9,3,65,44,30,9,11,1,4
2025-1741,Busan,Hard,32,C,O,20250414,13,KF17,,,Soonwoo Kwon,R,180,KOR,27.365,534,70,E768,,,Antoine Escoffier,R,185,FRA,33.123,217,260,3-6 6-1 7-5,3,R32,129,6,2,91,53,39,21,14,5,7,5,10,93,44,31,24,14,4,8
2025-1741,Busan,Hard,32,C,O,20250414,14,S0AQ,,,Yuta Shimizu,L,163,JPN,25.848,194,291,SY67,,,Sho Shimabukuro,R,180,JPN,27.707,186,304,6-3 6-1,3,R32,85,3,1,59,41,25,13,8,3,4,2,4,76,38,21,15,8,10,15
2025-1741,Busan,Hard,32,C,O,20250414,15,S09P,,,Sanhui Shin,R,178,KOR,28.074,653,47,M0ON,,,Johannus Monday,L,198,GBR,23.225,259,212,6-3 6-4,3,R32,84,1,3,62,40,29,14,10,3,4,3,5,61,39,25,9,9,4,7
2025-1741,Busan,Hard,32,C,O,20250414,16,S0O6,,,Ilia Simakin,R,193,RUS,21.465,295,177,K0E6,,,Alibek Kachmazov,R,185,RUS,22.658,183,306,6-7(7) 6-4 6-3,3,R32,155,14,3,100,54,46,24,15,4,5,5,7,110,64,45,22,16,4,8
2025-1741,Busan,Hard,32,C,O,20250414,17,W09E,1,,Adam Walton,R,183,AUS,25.993,86,749,S0AQ,,,Yuta Shimizu,L,163,JPN,25.848,194,291,6-2 7-6(4),3,R16,107,9,1,62,50,40,8,10,2,2,0,2,66,38,27,14,10,2,4
2025-1741,Busan,Hard,32,C,O,20250414,18,H09P,3,,Brandon Holt,R,185,USA,27.023,116,532,BI81,,,Alex Bolt,L,183,AUS,32.271,228,247,6-3 6-4,3,R16,109,3,0,58,43,27,6,9,3,6,3,1,88,53,29,13,10,9,15
2025-1741,Busan,Hard,32,C,O,20250414,19,U134,5,,Yasutaka Uchiyama,R,183,JPN,32.69,224,250,KF17,,,Soonwoo Kwon,R,180,KOR,27.365,534,70,6-1 1-6 7-6(1),3,R16,160,5,0,96,59,37,19,13,12,17,8,2,86,36,24,23,13,5,10
2025-1741,Busan,Hard,32,C,O,20250414,20,CH27,,,Hyeon Chung,R,188,KOR,28.903,478,89,TC01,6,,Li Tu,R,183,AUS,28.882,172,331,3-6 6-3 6-4,3,R16,145,4,6,87,51,38,14,14,1,5,5,3,105,65,43,14,14,5,10
2025-1741,Busan,Hard,32,C,O,20250414,21,A0GC,8,,Terence Atmane,L,193,FRA,23.261,177,317,J553,,,Omar Jasika,L,183,AUS,27.907,216,260,6-3 2-6 6-4,3,R16,151,8,3,90,51,35,21,14,3,6,2,3,98,70,44,15,13,9,12
2025-1741,Busan,Hard,32,C,O,20250414,22,H09F,,,Yu Hsiou Hsu,R,178,TPE,26.034,237,235,S09P,,,Sanhui Shin,R,178,KOR,28.074,653,47,6-2 6-2,3,R16,64,0,0,39,29,22,6,8,0,1,0,1,47,25,11,9,8,4,9
2025-1741,Busan,Hard,32,C,O,20250414,23,KB95,,,Jason Kubler,R,178,AUS,31.904,372,132,C0MH,,,Gerard Campana Lee,R,183,KOR,20.534,404,118,6-3 6-0,3,R16,69,4,4,45,24,21,8,7,0,1,3,4,45,24,11,5,8,0,6
2025-1741,Busan,Hard,32,C,O,20250414,24,S0O6,,,Ilia Simakin,R,193,RUS,21.465,295,177,S0K7,,,Zachary Svajda,R,175,USA,22.374,201,284,7-6(3) 6-1,3,R16,100,4,3,69,47,39,8,10,4,6,1,2,60,39,24,10,9,4,8
2025-1741,Busan,Hard,32,C,O,20250414,25,W09E,1,,Adam Walton,R,183,AUS,25.993,86,749,U134,5,,Yasutaka Uchiyama,R,183,JPN,32.69,224,250,7-5 5-7 6-3,3,QF,145,6,2,91,62,51,17,17,1,3,11,2,99,59,42,22,16,11,14
2025-1741,Busan,Hard,32,C,O,20250414,26,H09P,3,,Brandon Holt,R,185,USA,27.023,116,532,H09F,,,Yu Hsiou Hsu,R,178,TPE,26.034,237,235,6-2 6-2,3,QF,74,7,0,47,33,24,10,8,0,0,3,2,57,35,17,11,8,5,9
2025-1741,Busan,Hard,32,C,O,20250414,27,A0GC,8,,Terence Atmane,L,193,FRA,23.261,177,317,S0O6,,,Ilia Simakin,R,193,RUS,21.465,295,177,6-4 1-6 6-3,3,QF,109,9,5,89,44,36,20,13,7,9,7,5,71,47,38,10,13,3,5
2025-1741,Busan,Hard,32,C,O,20250414,28,KB95,,,Jason Kubler,R,178,AUS,31.904,372,132,CH27,,,Hyeon Chung,R,188,KOR,28.903,478,89,6-2 6-4,3,QF,98,7,3,51,26,22,15,9,2,3,0,9,68,38,24,11,9,7,11
2025-1741,Busan,Hard,32,C,O,20250414,29,W09E,1,,Adam Walton,R,183,AUS,25.993,86,749,KB95,,,Jason Kubler,R,178,AUS,31.904,372,132,7-6(6) 6-7(3) 7-5,3,SF,208,8,4,121,77,50,23,18,4,10,10,6,133,85,58,18,18,9,16
2025-1741,Busan,Hard,32,C,O,20250414,30,A0GC,8,,Terence Atmane,L,193,FRA,23.261,177,317,H09P,3,,Brandon Holt,R,185,USA,27.023,116,532,7-6(5) 3-6 6-3,3,SF,145,9,2,91,56,38,23,15,4,6,2,0,117,83,53,18,15,7,9
2025-1741,Busan,Hard,32,C,O,20250414,31,A0GC,8,,Terence Atmane,L,193,FRA,23.261,177,317,W09E,1,,Adam Walton,R,183,AUS,25.993,86,749,6-3 6-4,3,F,72,8,1,56,32,25,15,10,1,2,1,1,51,36,21,8,9,4,7
2025-213,San Luis Potosi,Clay,32,C,O,20250414,1,D994,1,,James Duckworth,R,183,AUS,33.229,92,654,D0JM,,,Rafael De Alba,R,175,MEX,23.083,1338,5,6-1 6-2,3,R32,69,1,1,40,18,16,16,8,0,0,0,5,56,37,18,9,7,9,13
2025-213,San Luis Potosi,Clay,32,C,O,20250414,2,W0BB,,,Max Wiskandt,R,191,GER,23.198,485,88,ME82,,,Adrian Mannarino,L,180,FRA,36.791,124,476,2-6 6-2 7-6(3),3,R32,138,3,6,100,69,52,11,14,8,10,1,2,90,54,36,21,14,2,4
2025-213,San Luis Potosi,Clay,32,C,O,20250414,3,FA43,4,,Juan Pablo Ficovich,R,188,ARG,28.219,157,381,J620,,,Maxime Janvier,R,196,FRA,28.487,370,133,6-7(4) 6-2 6-3,3,R32,119,5,4,90,50,39,17,15,2,5,2,11,91,50,38,12,14,2,8
2025-213,San Luis Potosi,Clay,32,C,O,20250414,4,P0J1,5,,Rodrigo Pacheco Mendez,L,191,MEX,19.97,222,254,P0ED,,,Kiranpal Pannu,R,185,NZL,28.266,502,80,6-2 6-2,3,R32,77,1,2,45,28,21,11,8,0,0,3,3,54,30,17,9,8,5,9
2025-213,San Luis Potosi,Clay,32,C,O,20250414,5,S0EK,6,,Matias Soto,R,170,CHI,25.966,243,228,J0B5,,,Garrett Johns,R,180,USA,24.323,340,149,6-3 7-6(2),3,R32,105,4,9,83,38,29,22,11,4,6,6,2,67,28,20,17,10,4,7
2025-213,San Luis Potosi,Clay,32,C,O,20250414,6,M0AW,7,,Nicolas Mejia,R,183,COL,25.172,301,174,H0CD,,,Alex Hernandez,R,175,MEX,25.81,522,74,6-3 6-2,3,R32,89,3,3,57,28,23,18,9,2,2,0,2,50,25,17,13,8,4,7
2025-213,San Luis Potosi,Clay,32,C,O,20250414,7,Z09F,8,,Patrick Zahraj,R,191,GER,25.744,276,192,T0IZ,,,Alvin Nicholas Tudorica,L,178,CAN,23.165,457,97,6-3 6-1,3,R32,84,2,7,61,34,25,10,8,7,9,0,4,58,39,17,7,8,7,13
2025-213,San Luis Potosi,Clay,32,C,O,20250414,8,A0KH,,,Rodrigo Alujas,R,170,MEX,22.634,942,18,O0AD,,,Neil Oberleitner,R,191,AUT,25.692,394,121,7-6(5) 6-2,3,R32,105,2,3,67,48,31,10,10,5,8,3,3,80,53,28,12,10,9,14
2025-213,San Luis Potosi,Clay,32,C,O,20250414,9,D0AR,,,Mateus Alves,R,193,BRA,24.222,329,153,A09W,,,Juan Carlos Aguilar,R,170,CAN,26.398,464,94,7-6(5) 6-4,3,R32,104,2,0,67,39,29,16,11,1,3,4,11,84,39,27,21,11,8,11
2025-213,San Luis Potosi,Clay,32,C,O,20250414,10,CF88,,,Roberto Cid Subervi,R,193,DOM,31.622,453,99,K0DB,,,Cannon Kingsley,R,191,USA,23.94,535,70,6-1 4-6 6-4,3,R32,132,1,5,86,49,36,18,14,4,8,2,3,81,50,31,12,13,5,11
2025-213,San Luis Potosi,Clay,32,C,O,20250414,11,M0C2,,,Dan Martin,R,175,CAN,25.933,740,34,CN15,,,Felix Corwin,R,188,USA,28.884,520,74,6-1 6-4,3,R32,81,4,1,65,41,29,13,9,4,5,6,5,49,29,21,5,8,2,6
2025-213,San Luis Potosi,Clay,32,C,O,20250414,12,N663,,,Maximilian Neuchrist,R,,AUT,33.73,445,101,M0EG,,,Tristan McCormick,R,196,USA,26.037,680,43,6-4 7-6(6),3,R32,116,2,3,85,58,42,14,11,5,6,3,1,61,42,32,10,11,0,2
2025-213,San Luis Potosi,Clay,32,C,O,20250414,13,P0GN,,,Tom Paris,R,193,FRA,22.615,434,108,C0BC,,,Maxime Cressy,R,201,USA,27.934,360,139,6-3 6-4,3,R32,85,6,2,59,33,25,18,10,0,0,9,10,59,30,22,14,9,4,6
2025-213,San Luis Potosi,Clay,32,C,O,20250414,14,PL39,,,Alfredo Perez,R,193,USA,27.896,450,100,W0ED,,,James Watt,R,206,NZL,24.846,787,29,6-4 7-6(3),3,R32,89,5,0,67,43,32,21,11,5,5,11,7,81,49,41,11,11,6,7
2025-213,San Luis Potosi,Clay,32,C,O,20250414,15,RH59,,,Santiago Rodriguez Taverna,R,191,ARG,25.747,265,202,P0AY,,,Luka Pavlovic,R,196,FRA,25.04,235,241,6-7(2) 6-4 6-4,3,R32,141,0,6,101,57,44,26,16,3,3,8,7,99,46,36,31,16,7,9
2025-213,San Luis Potosi,Clay,32,C,O,20250414,16,T133,,,Miguel Tobon,R,185,COL,56.81,732,15,M0NB,,,Aidan Mayo,R,183,USA,21.919,298,175,7-5 6-1,3,R32,89,2,7,75,42,30,15,10,6,8,0,8,56,19,11,17,9,0,5
2025-213,San Luis Potosi,Clay,32,C,O,20250414,17,D994,1,,James Duckworth,R,183,AUS,33.229,92,654,N663,,,Maximilian Neuchrist,R,,AUT,33.73,445,101,6-2 7-6(4),3,R16,83,8,1,62,40,32,15,10,1,1,6,1,60,36,26,15,10,4,6
2025-213,San Luis Potosi,Clay,32,C,O,20250414,18,FA43,4,,Juan Pablo Ficovich,R,188,ARG,28.219,157,381,CF88,,,Roberto Cid Subervi,R,193,DOM,31.622,453,99,6-3 6-4,3,R16,81,3,1,48,32,30,11,10,2,2,1,2,62,35,22,16,9,4,6
2025-213,San Luis Potosi,Clay,32,C,O,20250414,19,PL39,,,Alfredo Perez,R,193,USA,27.896,450,100,P0J1,5,,Rodrigo Pacheco Mendez,L,191,MEX,19.97,222,254,7-5 6-4,3,R16,80,7,2,68,37,33,14,11,5,6,1,3,54,31,23,13,11,2,5
2025-213,San Luis Potosi,Clay,32,C,O,20250414,20,D0AR,,,Mateus Alves,R,193,BRA,24.222,329,153,S0EK,6,,Matias Soto,R,170,CHI,25.966,243,228,6-3 6-4,3,R16,92,8,10,78,40,32,18,10,6,7,5,4,50,30,24,8,9,2,5
2025-213,San Luis Potosi,Clay,32,C,O,20250414,21,RH59,,,Santiago Rodriguez Taverna,R,191,ARG,25.747,265,202,M0AW,7,,Nicolas Mejia,R,183,COL,25.172,301,174,7-5 6-4,3,R16,124,4,0,62,24,20,26,11,2,2,4,1,77,49,35,14,11,13,15
2025-213,San Luis Potosi,Clay,32,C,O,20250414,22,T133,,,Miguel Tobon,R,185,COL,56.81,732,15,Z09F,8,,Patrick Zahraj,R,191,GER,25.744,276,192,4-6 6-3 2-0 RET,3,R16,106,1,6,76,42,28,15,11,5,8,4,9,62,32,23,11,10,6,10
2025-213,San Luis Potosi,Clay,32,C,O,20250414,23,M0C2,,,Dan Martin,R,175,CAN,25.933,740,34,P0GN,,,Tom Paris,R,193,FRA,22.615,434,108,7-6(5) 6-2,3,R16,102,2,2,66,37,30,13,10,2,4,8,5,74,36,22,21,10,8,12
2025-213,San Luis Potosi,Clay,32,C,O,20250414,24,W0BB,,,Max Wiskandt,R,191,GER,23.198,485,88,A0KH,,,Rodrigo Alujas,R,170,MEX,22.634,942,18,3-6 7-5 7-6(3),3,R16,148,1,4,91,67,48,14,16,3,6,0,5,109,68,39,27,17,0,3
2025-213,San Luis Potosi,Clay,32,C,O,20250414,25,D994,1,,James Duckworth,R,183,AUS,33.229,92,654,PL39,,,Alfredo Perez,R,193,USA,27.896,450,100,7-6(7) 6-4,3,QF,111,8,2,74,39,32,22,11,4,5,2,0,85,56,39,16,11,3,5
2025-213,San Luis Potosi,Clay,32,C,O,20250414,26,FA43,4,,Juan Pablo Ficovich,R,188,ARG,28.219,157,381,T133,,,Miguel Tobon,R,185,COL,56.81,732,15,6-0 6-1,3,QF,57,1,0,28,14,13,11,6,0,0,0,6,53,25,9,12,7,4,10
2025-213,San Luis Potosi,Clay,32,C,O,20250414,27,M0C2,,,Dan Martin,R,175,CAN,25.933,740,34,D0AR,,,Mateus Alves,R,193,BRA,24.222,329,153,7-6(1) 2-6 7-5,3,QF,163,7,8,112,61,46,20,16,7,13,8,4,102,66,43,16,16,5,10
2025-213,San Luis Potosi,Clay,32,C,O,20250414,28,W0BB,,,Max Wiskandt,R,191,GER,23.198,485,88,RH59,,,Santiago Rodriguez Taverna,R,191,ARG,25.747,265,202,3-6 6-4 6-3,3,QF,131,2,5,88,63,41,13,14,3,6,1,4,88,52,31,20,14,4,8
2025-213,San Luis Potosi,Clay,32,C,O,20250414,29,D994,1,,James Duckworth,R,183,AUS,33.229,92,654,M0C2,,,Dan Martin,R,175,CAN,25.933,740,34,7-6(8) 6-2,3,SF,93,4,2,58,27,23,24,10,0,0,3,3,75,41,27,20,10,1,3
2025-213,San Luis Potosi,Clay,32,C,O,20250414,30,W0BB,,,Max Wiskandt,R,191,GER,23.198,485,88,FA43,4,,Juan Pablo Ficovich,R,188,ARG,28.219,157,381,6-3 6-4,3,SF,84,1,1,68,49,27,12,10,3,6,1,2,54,38,18,8,9,1,6
2025-213,San Luis Potosi,Clay,32,C,O,20250414,31,D994,1,,James Duckworth,R,183,AUS,33.229,92,654,W0BB,,,Max Wiskandt,R,191,GER,23.198,485,88,6-1 6-1,3,F,50,1,0,31,17,16,12,7,0,0,0,5,40,22,10,6,7,4,9
2025-2995,Abidjan 1,Hard,32,C,O,20250414,1,DF88,1,,Aziz Dougaz,L,188,TUN,28.052,185,305,S0TM,,,Toby Samuel,R,191,GBR,22.604,1329,5,6-3 6-4,3,R32,73,9,3,61,42,34,12,10,3,3,1,5,56,34,22,13,9,2,4
2025-2995,Abidjan 1,Hard,32,C,O,20250414,2,B0JJ,2,,Robin Bertrand,R,178,FRA,22.084,268,199,C0BB,,,Tommaso Compagnucci,R,173,ITA,25.44,483,88,6-2 3-6 6-3,3,R32,134,1,6,80,48,32,16,13,5,9,5,0,94,58,37,14,13,7,13
2025-2995,Abidjan 1,Hard,32,C,O,20250414,3,GG65,3,,Michael Geerts,R,178,BEL,30.24,290,181,K0AB,,,Adil Kalyanpur,R,188,IND,25.216,909,20,6-1 6-3,3,R32,60,2,0,42,23,17,13,8,0,1,0,0,46,36,17,5,8,0,5
2025-2995,Abidjan 1,Hard,32,C,O,20250414,4,C0BH,4,,Clement Chidekh,R,180,FRA,23.836,291,180,P0E9,,,Dominik Palan,R,191,CZE,24.537,641,49,6-3 6-2,3,R32,76,2,4,52,28,23,16,9,4,4,1,5,49,32,23,6,8,4,7
2025-2995,Abidjan 1,Hard,32,C,O,20250414,5,BE90,5,,Ricardas Berankis,R,175,LTU,34.815,297,175,S0W8,,,Aryan Shah,R,183,IND,19.395,467,93,3-6 6-2 6-4,3,R32,131,11,6,86,43,35,22,13,9,11,11,3,86,44,31,21,14,5,9
2025-2995,Abidjan 1,Hard,32,C,O,20250414,6,KI48,6,,Ergi Kirkin,R,180,TUR,26.212,314,163,O09A,,,Aziz Ouakaa,R,185,TUN,25.687,651,48,7-5 7-5,3,R32,111,4,2,70,40,29,14,12,2,5,4,5,87,54,32,15,12,8,13
2025-2995,Abidjan 1,Hard,32,C,O,20250414,7,B0D6,,,Taha Baadi,R,183,MAR,23.737,697,40,C0HB,7,,Eliakim Coulibaly,L,180,CIV,22.943,323,157,7-5 4-6 6-4,3,R32,161,3,9,106,67,47,17,16,1,5,5,5,102,58,42,19,16,7,12
2025-2995,Abidjan 1,Hard,32,C,O,20250414,8,H0BF,8,,Philip Henning,R,180,RSA,24.424,368,134,PJ74,,,Lucas Poullain,R,175,FRA,29.358,424,113,7-6(5) 6-3,3,R32,134,3,3,70,38,27,17,11,3,6,2,2,76,39,23,18,10,9,13
2025-2995,Abidjan 1,Hard,32,C,O,20250414,9,BP74,,,Aleksandre Bakshi,L,180,GEO,27.748,484,88,KI71,,,Kirill Kivattsev,R,193,RUS,27.51,517,75,1-6 6-3 7-5,3,R32,118,6,3,91,59,41,15,14,6,9,20,4,68,40,31,15,14,1,4
2025-2995,Abidjan 1,Hard,32,C,O,20250414,10,B0BU,,,Florent Bax,R,185,FRA,25.829,460,96,S0RI,,,Karan Singh,R,185,IND,21.791,505,79,6-4 6-4,3,R32,110,4,4,69,36,27,21,10,4,4,3,2,73,42,30,15,10,7,9
2025-2995,Abidjan 1,Hard,32,C,O,20250414,11,C0I4,,,Tibo Colson,R,196,BEL,24.756,524,74,B0H5,,,Abdoulaziz Bationo,R,,CIV,24.329,,,6-3 6-4,3,R32,91,11,4,72,37,32,16,10,4,4,2,0,59,40,27,7,9,1,3
2025-2995,Abidjan 1,Hard,32,C,O,20250414,12,G0BY,,,Daniil Glinka,L,188,EST,24.923,422,113,PD31,,,Benoit Paire,R,196,FRA,35.934,576,62,6-4 5-7 6-4,3,R32,143,7,5,121,57,40,32,16,14,18,7,7,78,38,31,17,16,1,6
2025-2995,Abidjan 1,Hard,32,C,O,20250414,13,H0DC,,,Giles Hussey,L,185,GBR,27.885,493,83,KE36,,,Dominik Kellovsky,R,183,CZE,28.723,542,68,7-6(5) 4-6 6-1,3,R32,169,3,6,104,60,40,25,15,5,8,8,8,92,50,35,23,14,3,7
2025-2995,Abidjan 1,Hard,32,C,O,20250414,14,J0D2,,,Maximus Jones,R,185,THA,20.605,618,53,VA23,,,Kris Van Wyk,R,185,RSA,28.539,381,128,7-5 2-6 7-6(4),3,R32,176,1,2,107,72,51,18,16,7,10,14,10,104,55,45,25,16,4,6
2025-2995,Abidjan 1,Hard,32,C,O,20250414,15,P0B2,,,Luca Potenza,R,175,ITA,24.712,570,63,E0AA,,,Yanki Erel,L,178,TUR,24.55,621,52,6-7(3) 6-3 6-4,3,R32,141,8,0,95,66,47,18,16,3,5,13,5,91,54,44,16,15,6,10
2025-2995,Abidjan 1,Hard,32,C,O,20250414,16,U176,,,Vadym Ursu,R,183,UKR,28.282,452,100,EA13,,,Moez Echargui,R,178,TUN,32.257,468,93,6-1 3-6 6-3,3,R32,126,6,5,86,51,34,21,13,4,6,3,4,81,39,27,20,12,6,10
2025-2995,Abidjan 1,Hard,32,C,O,20250414,17,B0BU,,,Florent Bax,R,185,FRA,25.829,460,96,DF88,1,,Aziz Dougaz,L,188,TUN,28.052,185,305,6-4 6-4,3,R16,92,7,1,57,30,26,15,10,0,0,6,2,54,27,17,18,10,3,5
2025-2995,Abidjan 1,Hard,32,C,O,20250414,18,B0JJ,2,,Robin Bertrand,R,178,FRA,22.084,268,199,U176,,,Vadym Ursu,R,183,UKR,28.282,452,100,6-2 6-0,3,R16,61,4,1,35,20,18,10,7,0,0,2,9,43,18,13,5,7,2,7
2025-2995,Abidjan 1,Hard,32,C,O,20250414,19,GG65,3,,Michael Geerts,R,178,BEL,30.24,290,181,P0B2,,,Luca Potenza,R,175,ITA,24.712,570,63,2-6 7-6(5) 6-2,3,R16,175,9,10,96,49,42,15,14,4,8,7,3,110,62,40,23,14,6,10
2025-2995,Abidjan 1,Hard,32,C,O,20250414,20,J0D2,,,Maximus Jones,R,185,THA,20.605,618,53,C0BH,4,,Clement Chidekh,R,180,FRA,23.836,291,180,6-3 6-2,3,R16,79,10,1,52,35,28,10,9,1,1,4,4,50,25,15,12,8,1,4
2025-2995,Abidjan 1,Hard,32,C,O,20250414,21,BE90,5,,Ricardas Berankis,R,175,LTU,34.815,297,175,BP74,,,Aleksandre Bakshi,L,180,GEO,27.748,484,88,7-6(7) 6-2,3,R16,93,11,4,62,38,36,13,10,2,2,10,3,67,42,30,13,10,4,6
2025-2995,Abidjan 1,Hard,32,C,O,20250414,22,C0I4,,,Tibo Colson,R,196,BEL,24.756,524,74,KI48,6,,Ergi Kirkin,R,180,TUR,26.212,314,163,6-3 7-6(4),3,R16,108,6,3,76,42,34,20,11,6,7,2,4,65,33,27,14,10,1,3
2025-2995,Abidjan 1,Hard,32,C,O,20250414,23,H0DC,,,Giles Hussey,L,185,GBR,27.885,493,83,H0BF,8,,Philip Henning,R,180,RSA,24.424,368,134,6-4 6-3,3,R16,89,8,1,60,29,23,20,10,0,0,1,1,61,38,25,13,9,6,8
2025-2995,Abidjan 1,Hard,32,C,O,20250414,24,G0BY,,,Daniil Glinka,L,188,EST,24.923,422,113,B0D6,,,Taha Baadi,R,183,MAR,23.737,697,40,7-5 7-6(1),3,R16,122,6,2,91,58,42,19,12,7,8,1,3,84,56,37,15,12,2,4
2025-2995,Abidjan 1,Hard,32,C,O,20250414,25,C0I4,,,Tibo Colson,R,196,BEL,24.756,524,74,B0JJ,2,,Robin Bertrand,R,178,FRA,22.084,268,199,6-3 6-4,3,QF,72,13,3,51,30,26,11,10,0,1,0,5,47,29,20,10,9,3,6
2025-2995,Abidjan 1,Hard,32,C,O,20250414,26,BE90,5,,Ricardas Berankis,R,175,LTU,34.815,297,175,GG65,3,,Michael Geerts,R,178,BEL,30.24,290,181,6-4 4-6 7-6(5),3,QF,156,12,5,103,64,48,18,16,5,9,12,3,104,69,48,15,16,6,10
2025-2995,Abidjan 1,Hard,32,C,O,20250414,27,B0BU,,,Florent Bax,R,185,FRA,25.829,460,96,H0DC,,,Giles Hussey,L,185,GBR,27.885,493,83,7-6(5) 6-4,3,QF,114,6,5,76,37,31,22,11,0,0,3,3,67,45,30,18,11,4,5
2025-2995,Abidjan 1,Hard,32,C,O,20250414,28,J0D2,,,Maximus Jones,R,185,THA,20.605,618,53,G0BY,,,Daniil Glinka,L,188,EST,24.923,422,113,6-4 6-2,3,QF,71,4,2,44,22,19,17,9,0,0,6,5,52,29,22,8,9,2,5
2025-2995,Abidjan 1,Hard,32,C,O,20250414,29,BE90,5,,Ricardas Berankis,R,175,LTU,34.815,297,175,C0I4,,,Tibo Colson,R,196,BEL,24.756,524,74,7-6(4) 6-7(4) 6-4,3,SF,160,2,1,105,59,49,25,17,3,5,25,7,109,65,55,16,17,1,4
2025-2995,Abidjan 1,Hard,32,C,O,20250414,30,J0D2,,,Maximus Jones,R,185,THA,20.605,618,53,B0BU,,,Florent Bax,R,185,FRA,25.829,460,96,6-7(5) 6-4 6-4,3,SF,181,6,2,110,71,54,17,16,10,13,8,4,111,66,49,19,16,5,10
2025-2995,Abidjan 1,Hard,32,C,O,20250414,31,J0D2,,,Maximus Jones,R,185,THA,20.605,618,53,BE90,5,,Ricardas Berankis,R,175,LTU,34.815,297,175,6-3 4-6 6-4,3,F,129,11,3,85,52,42,19,15,2,3,3,1,88,51,38,21,14,1,3
2025-692,Tallahassee,Clay,32,C,O,20250414,1,C0HT,,,Murphy Cassone,R,188,USA,22.661,218,259,S0JA,1,,Eliot Spizzirri,R,185,USA,23.307,125,476,6-3 7-5,3,R32,113,7,2,77,44,30,18,11,7,9,4,6,86,52,30,15,10,5,9
2025-692,Tallahassee,Clay,32,C,O,20250414,2,MP01,,,Michael Mmoh,R,188,USA,27.258,354,142,BS86,2,,Tomas Barrios Vera,R,191,CHI,27.343,129,463,6-3 6-3,3,R32,79,5,2,50,36,27,9,9,2,3,1,1,57,33,19,11,9,5,9
2025-692,Tallahassee,Clay,32,C,O,20250414,3,KC12,,,Mitchell Krueger,R,188,USA,31.253,141,416,MJ98,,,Facundo Mena,R,183,ARG,32.559,192,292,6-3 6-4,3,R32,112,1,2,67,39,26,16,9,7,9,2,4,82,38,25,17,10,6,11
2025-692,Tallahassee,Clay,32,C,O,20250414,4,R0A7,,,Joao Lucas Reis Da Silva,R,178,BRA,25.051,429,110,GJ16,4,,Federico Agustin Gomez,R,191,ARG,28.381,136,435,6-4 3-2 RET,3,R32,64,1,1,37,20,18,13,7,0,0,7,3,56,33,21,11,8,3,5
2025-692,Tallahassee,Clay,32,C,O,20250414,5,PG20,5,,Dmitry Popko,R,191,KAZ,28.471,161,361,SG56,,,Daniel Dutra da Silva,L,,BRA,36.775,306,171,7-6(2) 6-4,3,R32,130,8,4,75,33,26,21,11,5,8,3,8,87,46,25,22,11,9,13
2025-692,Tallahassee,Clay,32,C,O,20250414,6,N0AM,6,,Emilio Nava,R,185,USA,23.365,140,417,SY00,,,Christian Sigsgaard,R,188,DEN,28.085,550,66,6-4 6-4,3,R32,83,12,1,55,36,29,12,10,0,0,1,3,79,51,33,13,10,6,8
2025-692,Tallahassee,Clay,32,C,O,20250414,7,M0RE,,,Patrick Maloney,R,193,USA,25.177,364,138,B0CD,,,Jenson Brooksby,R,193,USA,24.465,168,340,6-4 6-3,3,R32,92,3,3,64,34,26,15,10,7,9,2,1,62,32,20,13,9,5,9
2025-692,Tallahassee,Clay,32,C,O,20250414,8,D0DP,8,,Liam Draxl,R,185,CAN,23.357,159,362,M0NL,,,Inaki Montes-De La Torre,R,178,ESP,22.53,474,91,6-4 5-7 6-1,3,R32,174,10,5,88,63,46,6,14,4,8,0,6,104,51,29,24,15,7,14
2025-692,Tallahassee,Clay,32,C,O,20250414,9,AG08,,,Andres Andrade,R,180,ECU,26.333,262,209,V0DP,,,Adolfo Daniel Vallejo,R,183,PAR,20.961,230,247,6-2 6-3,3,R32,77,2,1,43,22,19,13,8,0,0,1,1,64,35,19,13,9,5,9
2025-692,Tallahassee,Clay,32,C,O,20250414,10,BU54,,,Geoffrey Blancaneaux,R,180,FRA,26.683,285,186,J09X,,,Filip Cristian Jianu,R,180,ROU,23.57,225,250,6-4 6-4,3,R32,103,2,3,64,39,26,14,10,3,5,0,0,63,39,25,10,10,3,7
2025-692,Tallahassee,Clay,32,C,O,20250414,11,CC66,,,Andrea Collarini,L,183,ARG,33.202,193,292,V836,,,Juan Pablo Varillas,R,185,PER,29.522,240,231,6-3 5-7 6-4,3,R32,177,4,3,117,93,58,12,16,6,9,5,6,105,62,43,16,15,6,10
2025-692,Tallahassee,Clay,32,C,O,20250414,12,E0AC,,,Mathys Erhard,R,188,FRA,23.466,281,189,P0C1,,,Karl Poling,L,185,USA,25.695,608,54,6-2 5-7 6-4,3,R32,146,9,6,90,56,37,17,15,4,8,1,2,112,71,41,21,15,5,11
2025-692,Tallahassee,Clay,32,C,O,20250414,13,GK06,,,Alexis Galarneau,R,180,CAN,26.119,184,306,G0GW,,,Sascha Gueymard Wayenburg,R,191,FRA,21.703,247,223,6-0 6-0,3,R32,56,2,1,46,31,20,10,6,1,1,0,2,34,14,4,6,6,1,7
2025-692,Tallahassee,Clay,32,C,O,20250414,14,R0E0,,,Chris Rodesch,R,198,LUX,23.74,239,231,P0IY,,,Juan Carlos Prado Angelo,R,185,BOL,20.107,289,181,6-4 6-1,3,R32,77,3,2,50,30,28,8,9,2,3,0,0,50,30,16,9,8,3,7
2025-692,Tallahassee,Clay,32,C,O,20250414,15,S0WT,,,Joel Schwaerzler,L,188,AUT,19.211,318,160,MW76,,,Matteo Martineau,R,183,FRA,26.242,264,206,6-4 6-4,3,R32,92,3,2,60,38,28,12,10,1,2,4,1,56,39,27,7,10,1,4
2025-692,Tallahassee,Clay,32,C,O,20250414,16,W857,,,Tung-Lin Wu,R,188,TPE,26.924,249,222,B0GR,,,Gonzalo Bueno,R,173,PER,21.029,250,222,6-4 6-1,3,R32,88,0,1,49,28,22,11,8,3,4,0,4,67,39,23,10,9,5,10
2025-692,Tallahassee,Clay,32,C,O,20250414,17,KC12,,,Mitchell Krueger,R,188,USA,31.253,141,416,BU54,,,Geoffrey Blancaneaux,R,180,FRA,26.683,285,186,0-6 7-6(5) 7-6(4),3,R16,169,2,4,87,49,34,18,15,2,8,3,5,108,57,43,26,15,8,11
2025-692,Tallahassee,Clay,32,C,O,20250414,18,R0E0,,,Chris Rodesch,R,198,LUX,23.74,239,231,PG20,5,,Dmitry Popko,R,191,KAZ,28.471,161,361,6-3 7-6(5),3,R16,110,2,4,63,42,30,11,10,3,5,2,2,85,42,29,19,11,4,8
2025-692,Tallahassee,Clay,32,C,O,20250414,19,N0AM,6,,Emilio Nava,R,185,USA,23.365,140,417,W857,,,Tung-Lin Wu,R,188,TPE,26.924,249,222,6-4 6-4,3,R16,86,7,2,59,35,28,13,10,0,1,0,2,66,42,22,16,10,6,9
2025-692,Tallahassee,Clay,32,C,O,20250414,20,CC66,,,Andrea Collarini,L,183,ARG,33.202,193,292,D0DP,8,,Liam Draxl,R,185,CAN,23.357,159,362,6-3 6-0,3,R16,,,,,,,,,,,,,,,,,,,
2025-692,Tallahassee,Clay,32,C,O,20250414,21,AG08,,,Andres Andrade,R,180,ECU,26.333,262,209,MP01,,,Michael Mmoh,R,188,USA,27.258,354,142,7-6(5) 1-6 6-1,3,R16,122,1,5,79,49,27,15,13,2,8,3,3,82,48,31,11,13,4,10
2025-692,Tallahassee,Clay,32,C,O,20250414,22,C0HT,,,Murphy Cassone,R,188,USA,22.661,218,259,S0WT,,,Joel Schwaerzler,L,188,AUT,19.211,318,160,6-3 7-6(6),3,R16,110,7,2,82,53,35,14,11,6,9,3,4,71,37,22,18,10,4,8
2025-692,Tallahassee,Clay,32,C,O,20250414,23,E0AC,,,Mathys Erhard,R,188,FRA,23.466,281,189,M0RE,,,Patrick Maloney,R,193,USA,25.177,364,138,3-6 6-0 7-5,3,R16,125,4,7,93,64,48,12,13,7,8,3,5,87,56,38,13,14,3,7
2025-692,Tallahassee,Clay,32,C,O,20250414,24,R0A7,,,Joao Lucas Reis Da Silva,R,178,BRA,25.051,429,110,GK06,,,Alexis Galarneau,R,180,CAN,26.119,184,306,7-6(4) 6-7(7) 6-2,3,R16,189,0,4,119,67,47,28,16,9,12,4,3,131,81,39,33,16,8,13
2025-692,Tallahassee,Clay,32,C,O,20250414,25,E0AC,,,Mathys Erhard,R,188,FRA,23.466,281,189,KC12,,,Mitchell Krueger,R,188,USA,31.253,141,416,4-6 7-6(3) 7-6(3),3,QF,193,13,5,127,85,59,22,17,6,9,4,3,127,84,57,24,17,8,10
2025-692,Tallahassee,Clay,32,C,O,20250414,26,N0AM,6,,Emilio Nava,R,185,USA,23.365,140,417,C0HT,,,Murphy Cassone,R,188,USA,22.661,218,259,6-2 6-3,3,QF,73,4,5,55,32,20,13,8,4,6,0,5,54,28,15,10,9,2,8
2025-692,Tallahassee,Clay,32,C,O,20250414,27,CC66,,,Andrea Collarini,L,183,ARG,33.202,193,292,R0A7,,,Joao Lucas Reis Da Silva,R,178,BRA,25.051,429,110,6-4 6-2,3,QF,73,1,1,45,36,25,7,9,0,1,4,5,56,30,20,11,9,5,9
2025-692,Tallahassee,Clay,32,C,O,20250414,28,R0E0,,,Chris Rodesch,R,198,LUX,23.74,239,231,AG08,,,Andres Andrade,R,180,ECU,26.333,262,209,6-4 7-5,3,QF,112,2,2,62,40,30,15,11,4,5,1,4,93,53,37,18,11,8,11
2025-692,Tallahassee,Clay,32,C,O,20250414,29,N0AM,6,,Emilio Nava,R,185,USA,23.365,140,417,E0AC,,,Mathys Erhard,R,188,FRA,23.466,281,189,6-2 6-4,3,SF,68,4,4,48,29,23,11,9,0,1,3,2,48,31,20,6,9,0,4
2025-692,Tallahassee,Clay,32,C,O,20250414,30,R0E0,,,Chris Rodesch,R,198,LUX,23.74,239,231,CC66,,,Andrea Collarini,L,183,ARG,33.202,193,292,6-2 1-6 6-4,3,SF,125,5,4,79,50,37,10,13,5,9,1,2,85,65,40,9,12,7,11
2025-692,Tallahassee,Clay,32,C,O,20250414,31,R0E0,,,Chris Rodesch,R,198,LUX,23.74,239,231,N0AM,6,,Emilio Nava,R,185,USA,23.365,140,417,4-6 6-3 6-4,3,F,134,1,4,88,58,40,18,15,4,7,3,5,96,53,36,23,14,11,15
2025-9514,Oeiras 4,Clay,32,C,O,20250414,1,C0DF,1,,Francisco Comesana,R,178,ARG,24.52,62,933,E698,,,Gastao Elias,R,180,POR,34.387,322,158,4-6 6-3 6-2,3,R32,152,2,1,105,72,42,18,14,6,10,1,4,79,35,17,22,13,7,13
2025-9514,Oeiras 4,Clay,32,C,O,20250414,2,SX50,2,,Roman Safiullin,R,185,RUS,27.685,73,831,B0PG,,,Alexander Blockx,R,193,BEL,20.016,154,384,6-4 6-3,3,R32,82,4,0,72,44,26,18,10,6,7,2,2,55,38,27,7,9,5,8
2025-9514,Oeiras 4,Clay,32,C,O,20250414,3,C0JP,3,,Raphael Collignon,R,191,BEL,23.25,83,761,K0EP,,,Jerome Kym,R,198,SUI,22.168,132,449,6-2 6-2,3,R32,67,0,5,46,32,26,6,8,2,3,1,2,54,36,20,6,8,4,9
2025-9514,Oeiras 4,Clay,32,C,O,20250414,4,M0K4,,,Elmer Moller,R,183,DEN,21.766,148,398,MJ08,4,,Thiago Monteiro,L,183,BRA,30.872,93,628,6-3 6-7(2) 6-1,3,R32,158,2,5,107,64,41,24,15,5,7,2,2,83,48,31,17,13,6,11
2025-9514,Oeiras 4,Clay,32,C,O,20250414,5,L987,6,,Dusan Lajovic,R,183,SRB,34.79,97,610,P0K4,,,Tiago Pereira,R,0,PRT,20.816,413,116,6-2 7-6(0),3,R32,83,0,2,61,41,31,14,10,1,2,4,0,70,40,25,14,10,9,12
2025-9514,Oeiras 4,Clay,32,C,O,20250414,6,M0HU,,,Shintaro Mochizuki,R,175,JPN,21.867,153,384,SX91,7,,Thiago Seyboth Wild,R,185,BRA,25.095,112,557,2-6 6-1 7-5,3,R32,143,0,8,92,51,29,20,13,8,13,3,2,90,57,34,12,14,5,12
2025-9514,Oeiras 4,Clay,32,C,O,20250414,7,R0EB,8,,Valentin Royer,R,188,FRA,23.877,115,536,C0C8,,,Juan Manuel Cerundolo,L,183,ARG,23.411,127,469,0-6 7-6(5) 6-2,3,R32,153,5,7,94,58,36,12,13,6,12,8,5,83,36,22,25,13,8,13
2025-9514,Oeiras 4,Clay,32,C,O,20250414,8,BK24,,,Gregoire Barrere,R,183,FRA,31.157,163,354,V0DZ,,,Luca Van Assche,R,178,FRA,20.925,173,324,6-4 7-5,3,R32,100,4,2,74,45,32,13,11,3,5,2,1,62,43,26,10,11,2,6
2025-9514,Oeiras 4,Clay,32,C,O,20250414,9,BU70,,,Remy Bertola,R,175,SUI,26.62,292,180,A0ES,,,Pedro Araujo,R,183,PRT,23.053,412,116,6-3 6-1,3,R32,67,1,0,40,27,19,7,8,0,2,1,0,44,29,11,5,8,2,8
2025-9514,Oeiras 4,Clay,32,C,O,20250414,10,BV16,,,Ugo Blanchet,R,175,FRA,26.272,164,352,CH12,,,Jan Choinski,R,196,GBR,28.843,187,302,6-1 6-3,3,R32,58,4,2,39,19,16,14,8,1,2,3,0,44,29,12,7,8,1,6
2025-9514,Oeiras 4,Clay,32,C,O,20250414,11,B0EJ,,,Tristan Boyer,R,188,USA,23.981,122,485,Y171,,,Denis Yevseyev,R,188,KAZ,31.896,257,218,6-1 1-6 6-4,3,R32,99,4,3,80,51,35,14,12,4,7,0,1,82,56,35,11,12,6,10
2025-9514,Oeiras 4,Clay,32,C,O,20250414,12,D0H9,,,Guy Den Ouden,R,183,NED,23.017,251,221,Z419,,,Bernabe Zapata Miralles,R,183,ESP,28.252,392,122,7-5 4-6 7-6(5),3,R32,187,2,2,124,83,50,17,17,8,15,2,5,132,87,50,20,17,12,19
2025-9514,Oeiras 4,Clay,32,C,O,20250414,13,K926,,,Mikhail Kukushkin,R,183,KAZ,37.3,167,341,G0GD,,,Matteo Gigante,L,180,ITA,23.274,200,284,6-4 6-4,3,R32,98,2,1,61,42,32,10,10,3,4,2,2,67,44,26,14,10,4,7
2025-9514,Oeiras 4,Clay,32,C,O,20250414,14,M0HT,,,Alejandro Moro Canas,R,183,ESP,24.35,156,382,R0GO,,,Henrique Rocha,R,180,POR,21.021,203,283,6-4 7-6(8),3,R32,126,1,4,88,63,34,16,11,9,12,0,3,71,36,21,19,11,2,6
2025-9514,Oeiras 4,Clay,32,C,O,20250414,15,TE16,,,Carlos Taberner,R,183,ESP,27.682,145,401,B0U4,,,Nicolai Budkov Kjaer,R,191,NOR,18.617,307,170,6-3 7-6(4),3,R32,151,1,7,73,37,15,21,10,8,14,1,2,75,42,17,14,11,6,14
2025-9514,Oeiras 4,Clay,32,C,O,20250414,16,TA12,,,Stefano Travaglia,R,185,ITA,33.295,304,172,KI63,,,Lukas Klein,R,193,SVK,27.064,180,313,6-4 6-2,3,R32,86,1,3,59,32,25,14,9,2,3,0,0,58,42,22,9,9,2,6
2025-9514,Oeiras 4,Clay,32,C,O,20250414,17,C0DF,1,,Francisco Comesana,R,178,ARG,24.52,62,933,B0EJ,,,Tristan Boyer,R,188,USA,23.981,122,485,7-5 7-6(4),3,R16,119,1,3,73,52,37,10,12,3,6,1,2,79,55,33,13,12,1,5
2025-9514,Oeiras 4,Clay,32,C,O,20250414,18,SX50,2,,Roman Safiullin,R,185,RUS,27.685,73,831,M0HT,,,Alejandro Moro Canas,R,183,ESP,24.35,156,382,5-7 7-5 7-6(8),3,R16,195,2,0,115,82,50,18,18,6,11,5,4,124,89,58,15,18,8,13
2025-9514,Oeiras 4,Clay,32,C,O,20250414,19,C0JP,3,,Raphael Collignon,R,191,BEL,23.25,83,761,D0H9,,,Guy Den Ouden,R,183,NED,23.017,251,221,6-4 7-6(2),3,R16,108,5,12,85,39,31,18,11,9,12,4,5,76,47,29,14,11,4,8
2025-9514,Oeiras 4,Clay,32,C,O,20250414,20,L987,6,,Dusan Lajovic,R,183,SRB,34.79,97,610,BV16,,,Ugo Blanchet,R,175,FRA,26.272,164,352,6-4 6-2,3,R16,65,3,0,47,32,24,13,9,0,0,4,5,54,27,20,10,9,3,6
2025-9514,Oeiras 4,Clay,32,C,O,20250414,21,BU70,,,Remy Bertola,R,175,SUI,26.62,292,180,R0EB,8,,Valentin Royer,R,188,FRA,23.877,115,536,7-6(3) 6-3,3,R16,107,3,4,80,45,33,17,11,6,8,2,2,65,40,27,11,10,1,4
2025-9514,Oeiras 4,Clay,32,C,O,20250414,22,BK24,,,Gregoire Barrere,R,183,FRA,31.157,163,354,TA12,,,Stefano Travaglia,R,185,ITA,33.295,304,172,6-4 7-6(12),3,R16,121,6,1,79,46,34,16,11,3,6,5,1,94,59,36,18,11,4,8
2025-9514,Oeiras 4,Clay,32,C,O,20250414,23,M0K4,,,Elmer Moller,R,183,DEN,21.766,148,398,K926,,,Mikhail Kukushkin,R,183,KAZ,37.3,167,341,W/O,3,R16,,,,,,,,,,,,,,,,,,,
2025-9514,Oeiras 4,Clay,32,C,O,20250414,24,TE16,,,Carlos Taberner,R,183,ESP,27.682,145,401,M0HU,,,Shintaro Mochizuki,R,175,JPN,21.867,153,384,7-5 6-3,3,R16,126,0,0,63,47,26,11,10,7,10,1,5,74,37,25,10,11,4,10
2025-9514,Oeiras 4,Clay,32,C,O,20250414,25,C0DF,1,,Francisco Comesana,R,178,ARG,24.52,62,933,BK24,,,Gregoire Barrere,R,183,FRA,31.157,163,354,7-5 6-4,3,QF,103,11,4,79,52,36,12,11,5,7,1,2,77,48,28,16,11,4,8
2025-9514,Oeiras 4,Clay,32,C,O,20250414,26,SX50,2,,Roman Safiullin,R,185,RUS,27.685,73,831,L987,6,,Dusan Lajovic,R,183,SRB,34.79,97,610,6-4 3-0 RET,3,QF,83,3,1,41,27,17,8,7,3,5,4,4,54,30,20,6,6,6,10
2025-9514,Oeiras 4,Clay,32,C,O,20250414,27,TE16,,,Carlos Taberner,R,183,ESP,27.682,145,401,C0JP,3,,Raphael Collignon,R,191,BEL,23.25,83,761,7-6(4) 7-6(5),3,QF,144,0,2,81,67,39,6,12,4,9,9,3,93,57,33,15,12,5,10
2025-9514,Oeiras 4,Clay,32,C,O,20250414,28,M0K4,,,Elmer Moller,R,183,DEN,21.766,148,398,BU70,,,Remy Bertola,R,175,SUI,26.62,292,180,6-1 7-6(5),3,QF,94,5,5,76,49,40,8,10,5,7,2,7,75,51,31,8,9,6,10
2025-9514,Oeiras 4,Clay,32,C,O,20250414,29,C0DF,1,,Francisco Comesana,R,178,ARG,24.52,62,933,TE16,,,Carlos Taberner,R,183,ESP,27.682,145,401,6-1 6-2,3,SF,86,1,2,55,35,25,14,8,4,4,0,4,51,27,16,10,7,7,11
2025-9514,Oeiras 4,Clay,32,C,O,20250414,30,M0K4,,,Elmer Moller,R,183,DEN,21.766,148,398,SX50,2,,Roman Safiullin,R,185,RUS,27.685,73,831,6-2 6-4,3,SF,96,3,3,54,30,22,14,9,3,4,4,1,85,56,29,16,9,9,13
2025-9514,Oeiras 4,Clay,32,C,O,20250414,31,M0K4,,,Elmer Moller,R,183,DEN,21.766,148,398,C0DF,1,,Francisco Comesana,R,178,ARG,24.52,62,933,6-0 6-4,3,F,71,3,0,45,28,18,13,8,1,2,4,3,60,35,17,10,8,8,13
2025-2151,Rome,Clay,32,C,O,20250421,1,G0FW,1,,Vilius Gaubas,R,178,LTU,20.309,149,387,SR81,,,Khumoyun Sultanov,R,180,UZB,26.483,224,251,3-6 6-4 6-2,3,R32,145,5,1,82,52,37,17,14,1,4,0,5,95,55,35,19,13,4,8
2025-2151,Rome,Clay,32,C,O,20250421,2,C0OW,,,Lorenzo Carboni,R,168,ITA,19.146,633,51,A0CJ,2,,Duje Ajdukovic,R,188,CRO,24.205,167,323,3-6 6-1 6-4,3,R32,104,3,2,77,50,37,14,13,1,3,6,1,76,42,28,16,13,5,9
2025-2151,Rome,Clay,32,C,O,20250421,3,HF80,3,,Hady Habib,R,188,LBN,26.667,174,310,B0LW,,,Mika Brunold,R,191,SUI,20.55,308,167,6-4 7-5,3,R32,97,8,1,63,44,34,8,11,1,2,1,6,80,51,34,14,11,5,8
2025-2151,Rome,Clay,32,C,O,20250421,4,S0GR,4,,Timofey Skatov,R,173,KAZ,24.246,172,315,C0AZ,,,Antoine Cornut-Chauvinc,R,188,FRA,24.789,546,67,7-6(1) 6-4,3,R32,122,1,5,70,42,31,14,11,4,6,7,4,78,48,30,15,11,7,10
2025-2151,Rome,Clay,32,C,O,20250421,5,N0CS,5,,Lukas Neumayer,R,183,AUT,22.623,191,291,P0GQ,,,Mili Poljicak,R,185,CRO,20.772,268,199,6-4 6-4,3,R32,99,0,4,75,55,37,6,10,6,8,2,0,66,40,26,11,10,3,7
2025-2151,Rome,Clay,32,C,O,20250421,6,BU70,,,Remy Bertola,R,175,SUI,26.639,269,199,B0ER,6,,Arthur Bouquier,R,188,FRA,24.32,192,290,7-6(5) 6-1,3,R32,82,5,2,63,39,30,16,10,0,1,6,5,62,32,24,13,9,3,6
2025-2151,Rome,Clay,32,C,O,20250421,7,G0GD,7,,Matteo Gigante,L,180,ITA,23.294,195,284,GA79,,,Lorenzo Giustino,R,180,ITA,33.613,300,174,3-6 6-1 6-2,3,R32,122,5,3,81,51,37,16,12,3,5,1,3,75,43,28,12,12,2,7
2025-2151,Rome,Clay,32,C,O,20250421,8,A0BA,8,,Federico Arnaboldi,R,185,ITA,24.841,200,277,P0JG,,,Gabriele Pennaforti,R,191,ITA,24.6,392,123,6-3 5-7 6-2,3,R32,142,2,3,94,57,44,16,15,4,7,6,6,76,46,32,14,14,2,7
2025-2151,Rome,Clay,32,C,O,20250421,9,CG33,,,Kimmer Coppejans,R,178,BEL,31.201,280,188,S0LA,,,Dominic Stricker,L,183,SUI,22.68,252,218,6-2 6-2,3,R32,71,2,2,51,29,21,13,8,3,4,2,2,61,33,19,8,8,5,10
2025-2151,Rome,Clay,32,C,O,20250421,10,K0CJ,,,Sandro Kopp,R,185,AUT,24.903,422,111,Y171,,,Denis Yevseyev,R,188,KAZ,31.915,258,215,6-4 6-4,3,R32,87,1,2,64,39,24,16,10,4,6,1,1,64,43,28,7,10,3,7
2025-2151,Rome,Clay,32,C,O,20250421,11,KC33,,,Dimitar Kuzmanov,R,183,BUL,31.732,274,194,S0NV,,,Abdullah Shelbayh,L,180,JOR,21.429,267,201,6-4 6-2,3,R32,94,3,2,53,35,25,12,9,3,4,0,3,74,42,24,15,9,5,9
2025-2151,Rome,Clay,32,C,O,20250421,12,M0IF,,,Francesco Maestrelli,R,196,ITA,22.333,296,177,S0AK,,,Henri Squire,R,196,GER,24.564,225,249,7-5 2-6 7-6(3),3,R32,164,4,1,111,73,45,22,16,6,10,7,5,99,63,45,18,16,5,8
2025-2151,Rome,Clay,32,C,O,20250421,13,PH64,,,Andrea Pellegrino,R,185,ITA,28.079,237,236,V0J1,,,Jacopo Vasami,L,193,ITA,17.339,851,23,5-7 6-4 6-4,3,R32,145,1,3,101,65,40,23,16,4,7,16,8,118,70,50,19,16,9,13
2025-2151,Rome,Clay,32,C,O,20250421,14,P0HP,,,Lukas Pokorny,R,191,SVK,23.143,437,106,H0A4,,,Nick Hardt,R,185,DOM,24.583,459,97,6-4 6-3,3,R32,100,5,1,69,34,25,17,9,6,8,1,4,67,40,23,11,10,6,11
2025-2151,Rome,Clay,32,C,O,20250421,15,PL64,,,Oleg Prihodko,R,180,UKR,27.548,345,147,RB60,,,Oriol Roca Batalla,R,175,ESP,31.975,262,211,5-7 7-6(6) 6-3,3,R32,201,6,5,134,72,50,34,17,14,17,6,0,126,87,58,21,16,7,10
2025-2151,Rome,Clay,32,C,O,20250421,16,TA12,,,Stefano Travaglia,R,185,ITA,33.314,287,185,J0A4,,,Paul Jubb,R,180,GBR,25.473,238,235,6-4 6-2,3,R32,84,2,3,64,38,27,11,9,3,5,1,2,51,30,18,8,9,3,8
2025-2151,Rome,Clay,32,C,O,20250421,17,G0FW,1,,Vilius Gaubas,R,178,LTU,20.309,149,387,PL64,,,Oleg Prihodko,R,180,UKR,27.548,345,147,6-2 6-2,3,R16,,,,,,,,,,,,,,,,,,,
2025-2151,Rome,Clay,32,C,O,20250421,18,K0CJ,,,Sandro Kopp,R,185,AUT,24.903,422,111,HF80,3,,Hady Habib,R,188,LBN,26.667,174,310,7-5 7-6(3),3,R16,96,7,1,72,39,30,21,12,5,7,9,2,77,54,36,10,12,2,5
2025-2151,Rome,Clay,32,C,O,20250421,19,S0GR,4,,Timofey Skatov,R,173,KAZ,24.246,172,315,TA12,,,Stefano Travaglia,R,185,ITA,33.314,287,185,W/O,3,R16,,,,,,,,,,,,,,,,,,,
2025-2151,Rome,Clay,32,C,O,20250421,20,N0CS,5,,Lukas Neumayer,R,183,AUT,22.623,191,291,P0HP,,,Lukas Pokorny,R,191,SVK,23.143,437,106,6-2 6-1,3,R16,,,,,,,,,,,,,,,,,,,
2025-2151,Rome,Clay,32,C,O,20250421,21,G0GD,7,,Matteo Gigante,L,180,ITA,23.294,195,284,CG33,,,Kimmer Coppejans,R,178,BEL,31.201,280,188,5-7 6-4 6-1,3,R16,128,2,0,88,63,42,12,14,1,4,5,5,102,64,38,16,15,7,13
2025-2151,Rome,Clay,32,C,O,20250421,22,A0BA,8,,Federico Arnaboldi,R,185,ITA,24.841,200,277,KC33,,,Dimitar Kuzmanov,R,183,BUL,31.732,274,194,6-3 2-6 6-2,3,R16,134,4,4,73,50,33,12,12,1,4,1,2,94,65,36,17,13,13,18
2025-2151,Rome,Clay,32,C,O,20250421,23,M0IF,,,Francesco Maestrelli,R,196,ITA,22.333,296,177,C0OW,,,Lorenzo Carboni,R,168,ITA,19.146,633,51,3-6 6-4 6-2,3,R16,152,5,6,108,70,51,11,14,11,15,2,3,79,53,31,14,13,4,9
2025-2151,Rome,Clay,32,C,O,20250421,24,PH64,,,Andrea Pellegrino,R,185,ITA,28.079,237,236,BU70,,,Remy Bertola,R,175,SUI,26.639,269,199,1-6 6-3 6-4,3,R16,122,2,1,87,54,33,22,13,4,7,4,5,77,43,32,17,13,6,9
2025-2151,Rome,Clay,32,C,O,20250421,25,G0FW,1,,Vilius Gaubas,R,178,LTU,20.309,149,387,PH64,,,Andrea Pellegrino,R,185,ITA,28.079,237,236,6-3 4-6 6-4,3,QF,142,6,1,102,76,53,14,15,12,14,4,5,86,57,36,17,14,2,5
2025-2151,Rome,Clay,32,C,O,20250421,26,N0CS,5,,Lukas Neumayer,R,183,AUT,22.623,191,291,S0GR,4,,Timofey Skatov,R,173,KAZ,24.246,172,315,6-3 7-6(3),3,QF,122,4,3,74,54,37,9,11,5,8,0,2,67,39,23,12,10,2,6
2025-2151,Rome,Clay,32,C,O,20250421,27,G0GD,7,,Matteo Gigante,L,180,ITA,23.294,195,284,M0IF,,,Francesco Maestrelli,R,196,ITA,22.333,296,177,6-7(6) 6-1 6-3,3,QF,153,0,3,113,76,50,21,14,12,13,7,0,85,57,38,12,14,4,9
2025-2151,Rome,Clay,32,C,O,20250421,28,K0CJ,,,Sandro Kopp,R,185,AUT,24.903,422,111,A0BA,8,,Federico Arnaboldi,R,185,ITA,24.841,200,277,6-2 6-4,3,QF,80,3,1,55,38,27,10,9,0,1,5,3,49,21,13,14,9,2,6
2025-2151,Rome,Clay,32,C,O,20250421,29,G0FW,1,,Vilius Gaubas,R,178,LTU,20.309,149,387,N0CS,5,,Lukas Neumayer,R,183,AUT,22.623,191,291,4-6 6-3 6-1,3,SF,144,4,2,97,66,50,10,13,6,8,0,3,74,46,28,15,13,3,8
2025-2151,Rome,Clay,32,C,O,20250421,30,G0GD,7,,Matteo Gigante,L,180,ITA,23.294,195,284,K0CJ,,,Sandro Kopp,R,185,AUT,24.903,422,111,W/O,3,SF,,,,,,,,,,,,,,,,,,,
2025-2151,Rome,Clay,32,C,O,20250421,31,G0GD,7,,Matteo Gigante,L,180,ITA,23.294,195,284,G0FW,1,,Vilius Gaubas,R,178,LTU,20.309,149,387,6-2 3-6 6-4,3,F,133,1,4,81,52,37,15,13,8,11,3,1,85,61,35,13,14,4,9
2025-2927,San Miguel de Tucuman,Clay,32,C,O,20250421,1,CC66,1,,Andrea Collarini,L,183,ARG,33.221,215,264,L0GR,,,Juan Manuel La Serna,L,188,ARG,21.207,514,77,6-4 6-2,3,R32,77,0,1,52,43,31,5,9,2,3,1,3,46,29,18,7,9,1,5
2025-2927,San Miguel de Tucuman,Clay,32,C,O,20250421,2,KE69,,,Mariano Kestelboim,R,185,ARG,29.205,429,109,G0DH,2,,Alvaro Guillen Meza,R,175,ECU,22.3,205,271,6-1 3-6 6-2,3,R32,190,3,4,96,61,38,20,12,11,13,1,2,94,63,33,16,12,5,10
2025-2927,San Miguel de Tucuman,Clay,32,C,O,20250421,3,DC48,3,,Murkel Dellien,R,193,BOL,27.595,222,254,Z0CO,,,Maximo Zeitune,R,196,ARG,19.217,1566,3,6-3 6-2,3,R32,69,3,0,50,35,28,9,9,0,0,1,1,45,29,21,6,8,0,3
2025-2927,San Miguel de Tucuman,Clay,32,C,O,20250421,4,RH59,4,,Santiago Rodriguez Taverna,R,191,ARG,25.766,261,213,E0DI,,,Juan Estevez,R,170,ARG,19.578,557,65,6-1 6-1,3,R32,60,3,0,45,33,24,7,7,3,3,2,1,45,28,12,6,7,5,10
2025-2927,San Miguel de Tucuman,Clay,32,C,O,20250421,5,T0DM,5,,Juan Bautista Torres,R,178,ARG,23.053,273,197,MV75,,,Ignacio Monzon,R,173,ARG,27.291,664,45,6-2 6-4,3,R32,92,1,3,52,37,25,9,9,1,2,0,0,62,46,24,8,9,7,11
2025-2927,San Miguel de Tucuman,Clay,32,C,O,20250421,6,M0OH,6,,Lautaro Midon,R,180,ARG,21.062,323,157,S0T1,,,Joao Eduardo Schiessl,L,180,BRA,20.671,536,70,6-3 6-4,3,R32,83,3,0,59,27,25,19,10,4,4,0,1,49,32,25,8,9,2,4
2025-2927,San Miguel de Tucuman,Clay,32,C,O,20250421,7,R0BT,7,,Franco Roncadelli,L,185,URU,25.205,362,137,Z0BY,,,Nicolas Zanellato,R,168,BRA,23.244,990,15,6-1 7-5,3,R32,111,0,1,68,56,36,6,10,4,6,0,1,67,47,25,9,9,6,11
2025-2927,San Miguel de Tucuman,Clay,32,C,O,20250421,8,O376,8,,Renzo Olivo,R,178,ARG,33.101,359,139,CG07,,,Hernan Casanova,R,178,ARG,31.203,516,76,6-4 1-6 7-5,3,R32,146,3,1,98,59,39,17,15,3,8,0,0,81,73,42,7,14,3,7
2025-2927,San Miguel de Tucuman,Clay,32,C,O,20250421,9,A0G7,,,Valerio Aboian,L,183,ARG,22.853,454,99,O659,,,Vladyslav Orlov,R,188,UKR,29.93,558,65,6-4 6-4,3,R32,106,7,0,63,39,27,11,10,4,6,2,2,67,45,31,7,10,6,10
2025-2927,San Miguel de Tucuman,Clay,32,C,O,20250421,10,A0IK,,,Luciano Emanuel Ambrogi,R,188,ARG,21.421,381,127,PC09,,,Jose Pereira,R,180,BRA,34.234,522,74,6-7(5) 6-3 6-3,3,R32,177,3,0,104,73,49,14,15,5,7,3,0,104,79,45,15,15,7,12
2025-2927,San Miguel de Tucuman,Clay,32,C,O,20250421,11,BF23,,,Facundo Bagnis,L,183,ARG,35.146,399,119,V821,,,Gonzalo Villanueva,R,175,ARG,30.27,414,113,6-4 6-1,3,R32,89,10,2,53,37,30,5,9,3,4,0,0,62,47,24,7,8,7,11
2025-2927,San Miguel de Tucuman,Clay,32,C,O,20250421,12,B0GY,,,Alex Barrena,R,175,ARG,22.53,568,63,KC29,,,Nicolas Kicker,R,178,ARG,32.679,464,95,6-4 6-2,3,R32,104,4,1,53,27,20,15,9,2,3,0,1,70,44,23,13,9,8,12
2025-2927,San Miguel de Tucuman,Clay,32,C,O,20250421,13,B0FI,,,Pedro Boscardin Dias,R,180,BRA,22.229,420,112,G0D9,,,Igor Gimenez,R,180,BRA,25.166,677,43,6-3 6-3,3,R32,83,5,1,54,34,27,12,9,1,1,1,0,53,38,22,9,9,4,7
2025-2927,San Miguel de Tucuman,Clay,32,C,O,20250421,14,HG90,,,Conner Huertas del Pino,R,188,PER,29.336,636,50,R0BC,,,Lorenzo Joaquin Rodriguez,R,196,ARG,25.561,584,59,6-4 3-6 7-6(6),3,R32,173,5,3,98,64,47,15,15,3,6,0,5,97,53,37,24,16,2,5
2025-2927,San Miguel de Tucuman,Clay,32,C,O,20250421,15,J0AW,,,Guido Ivan Justo,R,178,ARG,27.343,390,125,B0E4,,,Mateo Barreiros Reyes,L,178,BRA,24.35,725,36,7-6(7) 6-3,3,R32,146,0,3,74,46,28,17,10,2,4,2,3,86,53,30,13,11,6,10
2025-2927,San Miguel de Tucuman,Clay,32,C,O,20250421,16,T0AF,,,Fermin Tenti,R,181,ARG,27.852,1052,12,L0DM,,,Alejo Lorenzo Lingua Lavallen,L,175,ARG,24.118,417,112,3-6 6-1 6-3,3,R32,147,0,0,77,59,35,13,12,4,7,7,5,94,65,40,10,13,11,17
2025-2927,San Miguel de Tucuman,Clay,32,C,O,20250421,17,CC66,1,,Andrea Collarini,L,183,ARG,33.221,215,264,A0IK,,,Luciano Emanuel Ambrogi,R,188,ARG,21.421,381,127,6-2 7-6(6),3,R16,110,1,1,70,59,38,2,10,1,4,4,1,67,42,20,12,10,4,9
2025-2927,San Miguel de Tucuman,Clay,32,C,O,20250421,18,DC48,3,,Murkel Dellien,R,193,BOL,27.595,222,254,HG90,,,Conner Huertas del Pino,R,188,PER,29.336,636,50,6-4 6-2,3,R16,103,2,1,50,35,26,9,9,0,1,3,1,62,39,25,8,9,4,8
2025-2927,San Miguel de Tucuman,Clay,32,C,O,20250421,19,RH59,4,,Santiago Rodriguez Taverna,R,191,ARG,25.766,261,213,J0AW,,,Guido Ivan Justo,R,178,ARG,27.343,390,125,6-4 6-3,3,R16,102,4,2,49,28,24,13,9,0,0,1,0,56,44,28,8,10,1,4
2025-2927,San Miguel de Tucuman,Clay,32,C,O,20250421,20,T0DM,5,,Juan Bautista Torres,R,178,ARG,23.053,273,197,A0G7,,,Valerio Aboian,L,183,ARG,22.853,454,99,6-2 6-2,3,R16,73,0,0,38,27,24,8,8,0,0,1,0,51,33,20,5,8,4,8
2025-2927,San Miguel de Tucuman,Clay,32,C,O,20250421,21,B0FI,,,Pedro Boscardin Dias,R,180,BRA,22.229,420,112,M0OH,6,,Lautaro Midon,R,180,ARG,21.062,323,157,4-6 6-3 6-4,3,R16,153,2,2,85,58,41,17,15,6,9,2,0,88,46,32,20,14,7,11
2025-2927,San Miguel de Tucuman,Clay,32,C,O,20250421,22,B0GY,,,Alex Barrena,R,175,ARG,22.53,568,63,R0BT,7,,Franco Roncadelli,L,185,URU,25.205,362,137,6-4 6-3,3,R16,105,6,0,56,34,23,15,9,2,3,0,1,64,50,26,8,10,2,6
2025-2927,San Miguel de Tucuman,Clay,32,C,O,20250421,23,BF23,,,Facundo Bagnis,L,183,ARG,35.146,399,119,O376,8,,Renzo Olivo,R,178,ARG,33.101,359,139,7-5 5-7 6-3,3,R16,177,9,6,106,62,47,21,17,6,9,5,4,89,58,43,15,16,2,6
2025-2927,San Miguel de Tucuman,Clay,32,C,O,20250421,24,KE69,,,Mariano Kestelboim,R,185,ARG,29.205,429,109,T0AF,,,Fermin Tenti,R,181,ARG,27.852,1052,12,7-5 6-3,3,R16,135,2,3,70,49,27,11,10,9,13,0,2,68,40,17,12,11,4,11
2025-2927,San Miguel de Tucuman,Clay,32,C,O,20250421,25,CC66,1,,Andrea Collarini,L,183,ARG,33.221,215,264,BF23,,,Facundo Bagnis,L,183,ARG,35.146,399,119,3-6 7-6(3) 4-5 RET,3,QF,163,2,1,78,65,44,7,14,1,5,4,2,103,73,49,16,16,8,11
2025-2927,San Miguel de Tucuman,Clay,32,C,O,20250421,26,DC48,3,,Murkel Dellien,R,193,BOL,27.595,222,254,B0FI,,,Pedro Boscardin Dias,R,180,BRA,22.229,420,112,1-6 6-3 6-1,3,QF,141,2,3,78,49,34,13,11,6,9,3,2,87,61,36,10,12,7,12
2025-2927,San Miguel de Tucuman,Clay,32,C,O,20250421,27,RH59,4,,Santiago Rodriguez Taverna,R,191,ARG,25.766,261,213,T0DM,5,,Juan Bautista Torres,R,178,ARG,23.053,273,197,6-3 7-6(4),3,QF,115,8,2,84,60,42,10,11,6,8,1,1,69,60,36,5,10,2,5
2025-2927,San Miguel de Tucuman,Clay,32,C,O,20250421,28,B0GY,,,Alex Barrena,R,175,ARG,22.53,568,63,KE69,,,Mariano Kestelboim,R,185,ARG,29.205,429,109,6-0 6-2,3,QF,58,5,0,33,19,16,12,7,0,0,0,1,43,29,14,4,7,3,8
2025-2927,San Miguel de Tucuman,Clay,32,C,O,20250421,29,RH59,4,,Santiago Rodriguez Taverna,R,191,ARG,25.766,261,213,CC66,1,,Andrea Collarini,L,183,ARG,33.221,215,264,7-6(7) 6-3,3,SF,111,5,2,65,50,40,8,11,2,3,1,1,65,53,37,5,10,1,3
2025-2927,San Miguel de Tucuman,Clay,32,C,O,20250421,30,B0GY,,,Alex Barrena,R,175,ARG,22.53,568,63,DC48,3,,Murkel Dellien,R,193,BOL,27.595,222,254,6-7(4) 7-6(3) 6-2,3,SF,196,2,4,114,67,51,18,16,2,6,5,5,128,77,44,24,16,9,15
2025-2927,San Miguel de Tucuman,Clay,32,C,O,20250421,31,B0GY,,,Alex Barrena,R,175,ARG,22.53,568,63,RH59,4,,Santiago Rodriguez Taverna,R,191,ARG,25.766,261,213,7-5 6-2,3,F,103,1,1,68,52,37,8,10,2,3,0,1,76,53,32,9,10,3,7
2025-2997,Abidjan 2,Hard,32,C,O,20250421,1,DF88,1,,Aziz Dougaz,L,188,TUN,28.071,196,284,BU53,,,Constantin Bittoun Kouzmine,L,178,FRA,26.294,887,22,6-4 7-5,3,R32,111,15,4,76,42,32,20,11,10,10,2,5,70,38,25,20,11,7,9
2025-2997,Abidjan 2,Hard,32,C,O,20250421,2,B0JJ,2,,Robin Bertrand,R,178,FRA,22.103,278,191,U176,,,Vadym Ursu,R,183,UKR,28.301,457,98,6-3 6-0,3,R32,76,3,3,59,28,19,16,8,4,6,2,7,41,15,9,5,7,4,10
2025-2997,Abidjan 2,Hard,32,C,O,20250421,3,GG65,3,,Michael Geerts,R,178,BEL,30.259,288,185,C0I4,,,Tibo Colson,R,196,BEL,24.775,485,88,6-4 3-6 6-4,3,R32,122,2,4,84,54,38,17,14,5,7,15,1,87,51,39,18,15,6,9
2025-2997,Abidjan 2,Hard,32,C,O,20250421,4,C0BH,4,,Clement Chidekh,R,180,FRA,23.855,290,184,A0IE,,,Seydina Andre,R,196,SEN,21.703,912,20,7-5 4-6 7-6(2),3,R32,171,5,6,117,67,43,26,17,7,12,15,8,108,56,43,21,17,9,14
2025-2997,Abidjan 2,Hard,32,C,O,20250421,5,BE90,5,,Ricardas Berankis,R,175,LTU,34.834,294,178,PD31,,,Benoit Paire,R,196,FRA,35.953,575,62,7-6(4) RET,3,R32,60,4,4,48,25,18,14,6,3,3,6,7,52,26,22,10,6,2,2
2025-2997,Abidjan 2,Hard,32,C,O,20250421,6,KI48,6,,Ergi Kirkin,R,180,TUR,26.231,321,159,J0DL,,,Nicolas Jadoun,R,183,FRA,22.7,949,18,6-1 6-4,3,R32,60,10,0,48,29,22,14,9,2,3,0,3,44,24,16,7,8,1,5
2025-2997,Abidjan 2,Hard,32,C,O,20250421,7,C0HB,7,,Eliakim Coulibaly,L,180,CIV,22.962,324,157,B0BU,,,Florent Bax,R,185,FRA,25.848,419,112,6-2 6-4,3,R32,95,9,7,67,43,32,8,9,10,12,1,1,62,36,22,7,9,8,13
2025-2997,Abidjan 2,Hard,32,C,O,20250421,8,H0BF,8,,Philip Henning,R,180,RSA,24.444,360,138,D0K3,,,Guillaume Dalmasso,R,193,FRA,22.519,720,37,6-7(4) 7-6(6) 6-2,3,R32,154,14,1,93,62,49,26,16,0,0,14,8,106,54,46,27,16,3,5
2025-2997,Abidjan 2,Hard,32,C,O,20250421,9,BP74,,,Aleksandre Bakshi,L,180,GEO,27.767,476,91,S0RI,,,Karan Singh,R,185,IND,21.81,506,79,7-5 6-7(3) 6-4,3,R32,142,17,7,107,64,48,24,17,6,7,9,2,98,56,40,28,17,3,6
2025-2997,Abidjan 2,Hard,32,C,O,20250421,10,EA13,,,Moez Echargui,R,178,TUN,32.277,478,90,PJ74,,,Lucas Poullain,R,175,FRA,29.377,415,113,6-4 6-4,3,R32,113,6,4,62,39,31,7,10,1,3,2,4,66,37,24,11,10,2,6
2025-2997,Abidjan 2,Hard,32,C,O,20250421,11,E0AA,,,Yanki Erel,L,178,TUR,24.569,616,53,G0BY,,,Daniil Glinka,L,188,EST,24.942,402,118,6-4 6-4,3,R32,88,3,3,57,39,30,9,10,2,3,8,4,63,37,25,12,10,4,7
2025-2997,Abidjan 2,Hard,32,C,O,20250421,12,H0DC,,,Giles Hussey,L,185,GBR,27.904,445,102,S0TM,,,Toby Samuel,R,191,GBR,22.623,1333,5,6-4 1-6 4-1 RET,3,R32,132,9,2,73,50,27,13,11,3,8,4,3,84,52,28,16,11,6,11
2025-2997,Abidjan 2,Hard,32,C,O,20250421,13,J0D2,,,Maximus Jones,R,185,THA,20.624,436,106,O09A,,,Aziz Ouakaa,R,185,TUN,25.706,628,52,6-4 7-6(4),3,R32,98,8,1,66,45,38,14,11,1,1,9,4,76,52,36,15,11,6,7
2025-2997,Abidjan 2,Hard,32,C,O,20250421,14,KE36,,,Dominik Kellovsky,R,183,CZE,28.742,545,68,C0BB,,,Tommaso Compagnucci,R,173,ITA,25.459,484,88,7-5 6-0,3,R32,90,4,7,54,30,26,14,9,2,2,5,3,58,38,20,11,9,1,5
2025-2997,Abidjan 2,Hard,32,C,O,20250421,15,KI71,,,Kirill Kivattsev,R,193,RUS,27.529,533,72,VA23,,,Kris Van Wyk,R,185,RSA,28.559,382,127,7-5 7-5,3,R32,127,7,6,72,40,35,16,12,3,4,1,2,73,42,32,15,12,3,6
2025-2997,Abidjan 2,Hard,32,C,O,20250421,16,S0W8,,,Aryan Shah,R,183,IND,19.414,471,93,B0D6,,,Taha Baadi,R,183,MAR,23.756,670,44,7-6(5) 6-2,3,R32,103,12,5,70,36,28,17,10,3,4,6,1,71,46,29,11,10,7,10
2025-2997,Abidjan 2,Hard,32,C,O,20250421,17,DF88,1,,Aziz Dougaz,L,188,TUN,28.071,196,284,EA13,,,Moez Echargui,R,178,TUN,32.277,478,90,7-5 6-2,3,R16,108,4,0,54,35,29,11,10,1,2,2,1,71,36,21,17,10,3,7
2025-2997,Abidjan 2,Hard,32,C,O,20250421,18,BP74,,,Aleksandre Bakshi,L,180,GEO,27.767,476,91,B0JJ,2,,Robin Bertrand,R,178,FRA,22.103,278,191,6-3 7-5,3,R16,102,7,3,65,43,33,12,11,2,3,3,2,67,40,25,14,10,10,13
2025-2997,Abidjan 2,Hard,32,C,O,20250421,19,GG65,3,,Michael Geerts,R,178,BEL,30.259,288,185,KE36,,,Dominik Kellovsky,R,183,CZE,28.742,545,68,7-6(3) 6-2,3,R16,140,8,2,60,37,33,12,10,2,3,5,3,55,27,15,21,10,1,4
2025-2997,Abidjan 2,Hard,32,C,O,20250421,20,C0BH,4,,Clement Chidekh,R,180,FRA,23.855,290,184,J0D2,,,Maximus Jones,R,185,THA,20.624,436,106,3-6 6-4 6-1,3,R16,128,5,5,79,43,33,19,13,2,4,8,2,84,53,32,17,13,7,11
2025-2997,Abidjan 2,Hard,32,C,O,20250421,21,BE90,5,,Ricardas Berankis,R,175,LTU,34.834,294,178,E0AA,,,Yanki Erel,L,178,TUR,24.569,616,53,W/O,3,R16,,,,,,,,,,,,,,,,,,,
2025-2997,Abidjan 2,Hard,32,C,O,20250421,22,S0W8,,,Aryan Shah,R,183,IND,19.414,471,93,KI48,6,,Ergi Kirkin,R,180,TUR,26.231,321,159,6-1 4-6 6-4,3,R16,132,3,5,72,35,27,23,13,7,9,6,7,95,43,34,20,14,3,8
2025-2997,Abidjan 2,Hard,32,C,O,20250421,23,C0HB,7,,Eliakim Coulibaly,L,180,CIV,22.962,324,157,KI71,,,Kirill Kivattsev,R,193,RUS,27.529,533,72,6-2 6-4,3,R16,83,4,3,56,35,27,13,9,2,2,3,1,52,31,20,10,9,1,4
2025-2997,Abidjan 2,Hard,32,C,O,20250421,24,H0BF,8,,Philip Henning,R,180,RSA,24.444,360,138,H0DC,,,Giles Hussey,L,185,GBR,27.904,445,102,7-5 3-6 6-2,3,R16,154,5,1,98,62,41,21,14,7,8,8,3,82,52,39,16,15,4,7
2025-2997,Abidjan 2,Hard,32,C,O,20250421,25,DF88,1,,Aziz Dougaz,L,188,TUN,28.071,196,284,H0BF,8,,Philip Henning,R,180,RSA,24.444,360,138,6-0 6-3,3,QF,66,6,3,46,29,22,9,8,2,3,2,3,46,26,19,2,7,4,9
2025-2997,Abidjan 2,Hard,32,C,O,20250421,26,GG65,3,,Michael Geerts,R,178,BEL,30.259,288,185,S0W8,,,Aryan Shah,R,183,IND,19.414,471,93,7-6(7) 2-2 RET,3,QF,85,9,2,54,36,27,10,8,1,2,5,3,61,31,23,15,8,2,3
2025-2997,Abidjan 2,Hard,32,C,O,20250421,27,BE90,5,,Ricardas Berankis,R,175,LTU,34.834,294,178,C0BH,4,,Clement Chidekh,R,180,FRA,23.855,290,184,7-6(5) 7-6(3),3,QF,135,4,3,85,46,32,26,12,7,8,6,5,77,45,33,20,12,0,1
2025-2997,Abidjan 2,Hard,32,C,O,20250421,28,C0HB,7,,Eliakim Coulibaly,L,180,CIV,22.962,324,157,BP74,,,Aleksandre Bakshi,L,180,GEO,27.767,476,91,6-2 6-0,3,QF,55,4,6,38,21,18,10,7,0,0,2,9,47,26,13,8,7,4,9
2025-2997,Abidjan 2,Hard,32,C,O,20250421,29,DF88,1,,Aziz Dougaz,L,188,TUN,28.071,196,284,GG65,3,,Michael Geerts,R,178,BEL,30.259,288,185,7-5 7-6(5),3,SF,127,9,2,80,52,40,16,12,4,4,3,0,77,44,30,24,12,4,5
2025-2997,Abidjan 2,Hard,32,C,O,20250421,30,C0HB,7,,Eliakim Coulibaly,L,180,CIV,22.962,324,157,BE90,5,,Ricardas Berankis,R,175,LTU,34.834,294,178,3-6 6-3 7-5,3,SF,140,8,9,95,55,43,21,15,7,9,4,2,83,45,34,21,15,2,5
2025-2997,Abidjan 2,Hard,32,C,O,20250421,31,C0HB,7,,Eliakim Coulibaly,L,180,CIV,22.962,324,157,DF88,1,,Aziz Dougaz,L,188,TUN,28.071,196,284,6-7(3) 6-4 6-4,3,F,163,2,5,102,56,38,31,16,6,7,12,7,105,66,46,21,16,8,11
2025-5067,Savannah,Clay,32,C,O,20250421,1,S0JA,1,,Eliot Spizzirri,R,185,USA,23.326,125,476,S0DL,,,Ryan Seggerman,R,193,USA,25.708,424,110,6-4 6-4,3,R32,81,2,1,54,37,31,11,10,1,1,2,1,69,45,32,11,10,7,9
2025-5067,Savannah,Clay,32,C,O,20250421,2,AG08,,,Andres Andrade,R,180,ECU,26.352,257,217,GJ16,2,,Federico Agustin Gomez,R,191,ARG,28.4,137,429,6-1 6-1,3,R32,63,1,2,41,26,19,9,7,3,4,0,7,48,30,17,2,7,5,11
2025-5067,Savannah,Clay,32,C,O,20250421,3,S0WT,,,Joel Schwaerzler,L,188,AUT,19.231,327,154,N0AM,3,,Emilio Nava,R,185,USA,23.384,132,453,6-3 6-4,3,R32,83,1,0,62,37,31,15,10,6,6,2,0,48,31,23,9,9,1,3
2025-5067,Savannah,Clay,32,C,O,20250421,4,D0DP,4,,Liam Draxl,R,185,CAN,23.376,156,364,J0B5,,,Garrett Johns,R,180,USA,24.342,340,149,7-5 6-1,3,R32,90,1,3,51,35,29,8,9,1,1,3,3,55,32,17,12,10,1,5
2025-5067,Savannah,Clay,32,C,O,20250421,5,R0A7,,,Joao Lucas Reis Da Silva,R,178,BRA,25.07,384,126,PG20,5,,Dmitry Popko,R,191,KAZ,28.49,155,365,6-4 7-5,3,R32,98,2,1,61,41,28,15,11,3,4,9,4,68,34,25,17,11,3,6
2025-5067,Savannah,Clay,32,C,O,20250421,6,BU54,,,Geoffrey Blancaneaux,R,180,FRA,26.702,276,192,B0CD,,,Jenson Brooksby,R,193,USA,24.485,163,340,6-4 6-3,3,R32,119,0,1,69,47,35,8,9,2,3,0,2,70,38,21,16,10,8,12
2025-5067,Savannah,Clay,32,C,O,20250421,7,TA46,8,,Bernard Tomic,R,196,AUS,32.498,232,243,MP01,,,Michael Mmoh,R,188,USA,27.277,341,148,6-4 0-6 6-2,3,R32,124,6,7,85,38,28,15,12,5,10,5,6,73,39,24,16,12,5,10
2025-5067,Savannah,Clay,32,C,O,20250421,8,C0AK,,,Oliver Crawford,R,180,GBR,25.977,295,178,DF92,,,Corentin Denolly,L,188,FRA,27.874,283,187,6-2 4-6 6-3,3,R32,109,3,1,78,53,38,10,14,2,6,3,7,69,46,29,8,13,4,10
2025-5067,Savannah,Clay,32,C,O,20250421,9,KE64,,,Stefan Kozlov,R,183,USA,27.217,488,86,W0BB,,,Max Wiskandt,R,191,GER,23.217,377,130,6-2 6-1,3,R32,63,1,1,33,16,16,12,7,0,0,2,2,52,35,17,6,8,2,7
2025-5067,Savannah,Clay,32,C,O,20250421,10,M0RE,,,Patrick Maloney,R,193,USA,25.196,349,143,M0NB,,,Aidan Mayo,R,183,USA,21.938,297,175,6-3 6-3,3,R32,83,3,3,55,38,33,8,9,3,3,4,3,67,38,25,12,9,5,8
2025-5067,Savannah,Clay,32,C,O,20250421,11,M0NP,,,Andres Martin,R,183,USA,23.789,412,114,R0E0,,,Chris Rodesch,R,198,LUX,23.759,177,306,7-6(6) 3-6 7-6(3),3,R32,173,5,4,109,67,42,28,16,5,9,3,6,122,83,56,18,17,4,7
2025-5067,Savannah,Clay,32,C,O,20250421,12,MW76,,,Matteo Martineau,R,183,FRA,26.261,264,206,G0GW,,,Sascha Gueymard Wayenburg,R,191,FRA,21.722,247,223,5-7 6-4 6-0,3,R32,134,2,3,90,49,34,25,14,7,9,3,17,96,49,33,19,14,8,13
2025-5067,Savannah,Clay,32,C,O,20250421,13,M0AW,,,Nicolas Mejia,R,183,COL,25.191,301,172,J620,,,Maxime Janvier,R,196,FRA,28.507,368,133,7-5 7-5,3,R32,115,1,5,68,38,26,16,12,1,4,1,2,75,46,24,15,12,1,6
2025-5067,Savannah,Clay,32,C,O,20250421,14,O660,,,Genaro Alberto Olivieri,R,175,ARG,26.713,302,172,E0AC,,,Mathys Erhard,R,188,FRA,23.485,265,206,7-5 7-6(1),3,R32,156,0,1,77,63,40,6,12,4,8,4,5,102,66,36,16,12,8,13
2025-5067,Savannah,Clay,32,C,O,20250421,15,PL39,,,Alfredo Perez,R,193,USA,27.915,416,112,K0A3,,,Patrick Kypson,R,188,USA,25.481,452,100,6-4 3-6 6-3,3,R32,122,11,1,70,46,32,16,14,1,4,6,3,79,52,37,13,14,1,5
2025-5067,Savannah,Clay,32,C,O,20250421,16,W857,,,Tung-Lin Wu,R,188,TPE,26.943,263,206,M0EG,,,Tristan McCormick,R,196,USA,26.056,665,45,6-3 6-2,3,R32,80,4,1,48,33,28,10,9,0,0,6,4,53,33,25,6,8,8,11
2025-5067,Savannah,Clay,32,C,O,20250421,17,S0JA,1,,Eliot Spizzirri,R,185,USA,23.326,125,476,PL39,,,Alfredo Perez,R,193,USA,27.915,416,112,6-3 6-1,3,R16,110,0,1,65,34,20,17,8,2,4,1,2,55,32,19,4,8,5,11
2025-5067,Savannah,Clay,32,C,O,20250421,18,D0DP,4,,Liam Draxl,R,185,CAN,23.376,156,364,M0RE,,,Patrick Maloney,R,193,USA,25.196,349,143,7-5 7-5,3,R16,125,4,4,85,58,42,13,12,9,11,5,1,73,55,35,8,12,4,8
2025-5067,Savannah,Clay,32,C,O,20250421,19,M0NP,,,Andres Martin,R,183,USA,23.789,412,114,TA46,8,,Bernard Tomic,R,196,AUS,32.498,232,243,6-2 6-3,3,R16,86,3,0,57,41,28,10,9,2,3,3,3,66,34,21,13,8,7,11
2025-5067,Savannah,Clay,32,C,O,20250421,20,C0AK,,,Oliver Crawford,R,180,GBR,25.977,295,178,R0A7,,,Joao Lucas Reis Da Silva,R,178,BRA,25.07,384,126,6-3 4-6 6-4,3,R16,123,2,4,77,47,33,17,15,3,7,5,3,73,47,31,12,14,1,6
2025-5067,Savannah,Clay,32,C,O,20250421,21,KE64,,,Stefan Kozlov,R,183,USA,27.217,488,86,BU54,,,Geoffrey Blancaneaux,R,180,FRA,26.702,276,192,6-1 3-1 RET,3,R16,64,1,0,36,24,17,9,6,4,4,1,1,33,21,10,5,5,1,4
2025-5067,Savannah,Clay,32,C,O,20250421,22,M0AW,,,Nicolas Mejia,R,183,COL,25.191,301,172,S0WT,,,Joel Schwaerzler,L,188,AUT,19.231,327,154,6-4 6-0,3,R16,80,3,2,49,27,21,10,8,1,3,0,2,40,25,12,1,8,0,6
2025-5067,Savannah,Clay,32,C,O,20250421,23,O660,,,Genaro Alberto Olivieri,R,175,ARG,26.713,302,172,AG08,,,Andres Andrade,R,180,ECU,26.352,257,217,6-3 6-3,3,R16,96,2,0,56,48,34,3,9,3,4,1,4,60,29,19,13,9,4,8
2025-5067,Savannah,Clay,32,C,O,20250421,24,W857,,,Tung-Lin Wu,R,188,TPE,26.943,263,206,MW76,,,Matteo Martineau,R,183,FRA,26.261,264,206,6-2 6-3,3,R16,74,0,3,49,32,27,10,9,0,0,1,3,43,28,17,9,8,2,5
2025-5067,Savannah,Clay,32,C,O,20250421,25,S0JA,1,,Eliot Spizzirri,R,185,USA,23.326,125,476,KE64,,,Stefan Kozlov,R,183,USA,27.217,488,86,6-3 7-5,3,QF,112,0,2,65,45,25,9,10,5,9,2,3,61,41,21,5,11,3,10
2025-5067,Savannah,Clay,32,C,O,20250421,26,D0DP,4,,Liam Draxl,R,185,CAN,23.376,156,364,C0AK,,,Oliver Crawford,R,180,GBR,25.977,295,178,6-3 6-7(7) 6-2,3,QF,174,10,8,96,62,47,14,14,6,8,2,6,110,73,48,12,15,4,10
2025-5067,Savannah,Clay,32,C,O,20250421,27,M0AW,,,Nicolas Mejia,R,183,COL,25.191,301,172,W857,,,Tung-Lin Wu,R,188,TPE,26.943,263,206,6-2 3-6 7-6(4),3,QF,173,8,2,82,48,35,21,14,3,6,2,1,105,75,47,17,15,8,12
2025-5067,Savannah,Clay,32,C,O,20250421,28,O660,,,Genaro Alberto Olivieri,R,175,ARG,26.713,302,172,M0NP,,,Andres Martin,R,183,USA,23.789,412,114,6-4 6-2,3,QF,93,0,1,52,42,29,7,9,3,4,0,0,49,31,22,6,9,5,9
2025-5067,Savannah,Clay,32,C,O,20250421,29,M0AW,,,Nicolas Mejia,R,183,COL,25.191,301,172,S0JA,1,,Eliot Spizzirri,R,185,USA,23.326,125,476,6-4 5-7 6-3,3,SF,185,2,4,104,59,41,19,15,13,18,1,3,88,62,39,11,16,5,12
2025-5067,Savannah,Clay,32,C,O,20250421,30,D0DP,4,,Liam Draxl,R,185,CAN,23.376,156,364,O660,,,Genaro Alberto Olivieri,R,175,ARG,26.713,302,172,7-5 6-4,3,SF,124,2,8,90,64,42,9,11,11,14,0,0,65,52,27,7,11,6,11
2025-5067,Savannah,Clay,32,C,O,20250421,31,M0AW,,,Nicolas Mejia,R,183,COL,25.191,301,172,D0DP,4,,Liam Draxl,R,185,CAN,23.376,156,364,2-6 6-2 7-6(3),3,F,214,4,2,100,64,39,20,14,9,14,3,1,103,72,39,18,14,3,8
2025-7290,Estoril,Clay,32,C,O,20250427,1,KI95,5,,Miomir Kecmanovic,R,183,SRB,25.656,47,1166,SL28,,,Jan-Lennard Struff,R,193,GER,35.006,79,790,6-1 7-5,3,R32,75,3,2,61,34,28,14,10,2,3,1,0,56,33,19,11,9,3,7
2025-7290,Estoril,Clay,32,C,O,20250427,2,V717,,,Alexey Vatutin,R,178,RUS,32.498,333,152,MO44,6,,Pedro Martinez,R,185,ESP,28.003,48,1130,6-4 6-3,3,R32,88,2,0,57,43,32,9,10,1,2,4,2,68,54,31,8,9,8,11
2025-7290,Estoril,Clay,32,C,O,20250427,3,J551,7,,Nicolas Jarry,R,201,CHI,29.544,57,965,R0GO,,,Henrique Rocha,R,180,POR,21.057,198,283,6-7(13) 6-3 6-4,3,R32,170,8,4,111,71,53,22,16,3,4,2,7,106,61,38,28,15,5,8
2025-7290,Estoril,Clay,32,C,O,20250427,4,D0C1,,,Jesper de Jong,R,180,NED,24.906,93,639,F0FV,8,,Joao Fonseca,R,188,BRA,18.683,65,897,6-2 7-5,3,R32,76,2,1,50,28,24,13,10,0,1,1,0,56,37,23,9,10,1,5
2025-7290,Estoril,Clay,32,C,O,20250427,5,E698,,,Gastao Elias,R,180,POR,34.423,339,150,T0HA,,,Learner Tien,L,180,USA,19.4,69,880,5-7 7-5 6-4,3,R32,145,4,1,95,51,38,21,17,4,8,1,7,109,59,36,28,17,3,8
2025-7290,Estoril,Clay,32,C,O,20250427,6,FC49,,,Giovanni Fonio,R,183,ITA,26.973,372,131,H997,,,Yannick Hanfmann,R,193,GER,33.454,123,478,6-3 6-4,3,R32,75,4,0,63,42,32,12,10,0,0,4,1,53,29,23,11,9,2,4
2025-7290,Estoril,Clay,32,C,O,20250427,7,F724,,,Marton Fucsovics,R,188,HUN,33.216,130,455,Z0A1,,,Giulio Zeppieri,L,183,ITA,23.387,334,151,2-6 7-6(3) 6-1,3,R32,124,1,1,91,57,39,21,14,4,7,5,1,91,56,41,15,13,9,12
2025-7290,Estoril,Clay,32,C,O,20250427,8,N0BG,,,Luca Nardi,R,185,ITA,21.725,100,597,K0AZ,,,Aleksandar Kovacevic,R,183,USA,26.661,77,805,6-2 6-3,3,R32,70,1,0,44,25,21,13,8,2,2,3,4,56,31,21,10,9,3,7
2025-7290,Estoril,Clay,32,C,O,20250427,9,PH64,,,Andrea Pellegrino,R,185,ITA,28.096,237,236,L987,,,Dusan Lajovic,R,183,SRB,34.825,138,426,7-5 6-7(2) 6-3,3,R32,134,2,2,103,67,41,23,17,6,10,1,2,102,64,39,20,16,6,12
2025-7290,Estoril,Clay,32,C,O,20250427,10,V832,,,Aleksandar Vukic,R,188,AUS,29.057,83,758,MW18,,,Nicolas Moreno De Alboran,R,185,USA,27.786,144,398,6-3 2-6 6-0,3,R32,107,7,4,99,46,34,26,12,7,9,2,3,61,41,27,9,11,3,7
2025-7290,Estoril,Clay,32,C,O,20250427,11,Y171,,,Denis Yevseyev,R,188,KAZ,31.932,258,215,CG33,,,Kimmer Coppejans,R,178,BEL,31.217,280,188,6-2 6-4,3,R32,83,2,1,58,42,31,6,9,6,7,1,1,57,33,22,9,9,1,5
2025-7290,Estoril,Clay,32,C,O,20250427,12,Z419,,,Bernabe Zapata Miralles,R,183,ESP,28.287,380,127,F0F2,,,Jaime Faria,R,188,POR,21.725,105,576,6-3 7-6(2),3,R32,83,3,0,65,54,38,6,11,0,2,4,5,62,36,24,10,10,1,4
2025-7290,Estoril,Clay,32,C,O,20250427,13,PH64,,,Andrea Pellegrino,R,185,ITA,28.096,237,236,AG37,,,Felix Auger-Aliassime,R,193,CAN,24.717,19,2375,7-5 6-4,3,R16,113,2,2,79,47,32,18,11,4,6,9,5,65,40,29,10,11,3,7
2025-7290,Estoril,Clay,32,C,O,20250427,14,M0QI,2,,Alex Michelsen,R,193,USA,20.671,38,1445,FC49,,,Giovanni Fonio,R,183,ITA,26.973,372,131,6-4 7-6(3),3,R16,102,3,0,75,50,37,17,11,3,4,4,1,77,51,33,16,11,5,7
2025-7290,Estoril,Clay,32,C,O,20250427,15,BT72,3,,Nuno Borges,R,185,POR,28.183,41,1355,F724,,,Marton Fucsovics,R,188,HUN,33.216,130,455,7-6(6) 6-7(4) 6-4,3,R16,196,9,6,144,77,58,30,17,13,15,8,3,124,75,50,29,17,3,6
2025-7290,Estoril,Clay,32,C,O,20250427,16,V832,,,Aleksandar Vukic,R,188,AUS,29.057,83,758,GC88,4,,Marcos Giron,R,180,USA,31.759,45,1240,6-3 6-1,3,R16,67,0,0,51,30,22,10,8,1,2,2,2,67,28,14,16,8,6,11
2025-7290,Estoril,Clay,32,C,O,20250427,17,KI95,5,,Miomir Kecmanovic,R,183,SRB,25.656,47,1166,Y171,,,Denis Yevseyev,R,188,KAZ,31.932,258,215,6-1 3-6 7-5,3,R16,107,1,0,81,48,36,16,14,3,6,8,0,93,72,46,6,14,8,13
2025-7290,Estoril,Clay,32,C,O,20250427,18,J551,7,,Nicolas Jarry,R,201,CHI,29.544,57,965,E698,,,Gastao Elias,R,180,POR,34.423,339,150,6-2 4-6 7-5,3,R16,138,3,4,91,59,42,15,15,5,8,2,1,89,48,28,23,15,6,11
2025-7290,Estoril,Clay,32,C,O,20250427,19,N0BG,,,Luca Nardi,R,185,ITA,21.725,100,597,V717,,,Alexey Vatutin,R,178,RUS,32.498,333,152,6-3 6-2,3,R16,94,7,4,78,38,29,21,9,8,8,0,1,58,37,20,11,8,1,4
2025-7290,Estoril,Clay,32,C,O,20250427,20,Z419,,,Bernabe Zapata Miralles,R,183,ESP,28.287,380,127,D0C1,,,Jesper de Jong,R,180,NED,24.906,93,639,6-4 7-6(1),3,R16,113,3,0,80,59,33,13,11,10,14,3,3,73,41,28,11,11,3,8
2025-7290,Estoril,Clay,32,C,O,20250427,21,M0QI,2,,Alex Michelsen,R,193,USA,20.671,38,1445,N0BG,,,Luca Nardi,R,185,ITA,21.725,100,597,6-3 6-4,3,QF,,,,,,,,,,,,,,,,,,,
2025-7290,Estoril,Clay,32,C,O,20250427,22,KI95,5,,Miomir Kecmanovic,R,183,SRB,25.656,47,1166,BT72,3,,Nuno Borges,R,185,POR,28.183,41,1355,6-0 6-7(5) 6-4,3,QF,134,4,0,90,50,33,24,14,3,5,8,3,117,72,44,19,14,9,15
2025-7290,Estoril,Clay,32,C,O,20250427,23,PH64,,,Andrea Pellegrino,R,185,ITA,28.096,237,236,J551,7,,Nicolas Jarry,R,201,CHI,29.544,57,965,7-6(0) 5-7 6-1,3,QF,,,,,,,,,,,,,,,,,,,
2025-7290,Estoril,Clay,32,C,O,20250427,24,V832,,,Aleksandar Vukic,R,188,AUS,29.057,83,758,Z419,,,Bernabe Zapata Miralles,R,183,ESP,28.287,380,127,6-1 6-1,3,QF,47,6,0,35,22,20,8,7,0,0,0,0,42,35,13,3,7,3,8
2025-7290,Estoril,Clay,32,C,O,20250427,25,M0QI,2,,Alex Michelsen,R,193,USA,20.671,38,1445,KI95,5,,Miomir Kecmanovic,R,183,SRB,25.656,47,1166,6-4 6-2,3,SF,75,6,4,58,34,25,15,9,4,4,1,2,63,39,23,14,9,5,8
2025-7290,Estoril,Clay,32,C,O,20250427,26,PH64,,,Andrea Pellegrino,R,185,ITA,28.096,237,236,V832,,,Aleksandar Vukic,R,188,AUS,29.057,83,758,6-4 6-4,3,SF,80,2,1,65,53,36,9,10,4,5,5,1,53,30,19,14,10,0,3
2025-7290,Estoril,Clay,32,C,O,20250427,27,M0QI,2,,Alex Michelsen,R,193,USA,20.671,38,1445,PH64,,,Andrea Pellegrino,R,185,ITA,28.096,237,236,6-4 6-4,3,F,73,3,0,51,38,28,7,10,3,5,0,3,56,35,20,10,10,1,5
2025-1797,Ostrava,Clay,32,C,O,20250428,1,KI82,1,,Vit Kopriva,R,178,CZE,27.869,95,619,M0GB,,,Alex Martinez,R,185,ESP,24.11,548,67,6-2 6-1,3,R32,,,,,,,,,,,,,,,,,,,
2025-1797,Ostrava,Clay,32,C,O,20250428,2,KC56,,,Aslan Karatsev,R,185,RUS,31.647,187,292,M0K4,2,,Elmer Moller,R,183,DEN,21.804,114,522,6-3 6-2,3,R32,75,6,1,55,34,23,13,9,6,8,0,5,57,38,21,5,8,4,9
2025-1797,Ostrava,Clay,32,C,O,20250428,3,SS25,,,Vitaliy Sachko,R,188,UKR,27.789,253,218,ME82,3,,Adrian Mannarino,L,180,FRA,36.83,124,476,6-0 7-6(4),3,R32,111,5,4,65,37,26,14,9,4,5,1,2,68,43,22,11,9,3,7
2025-1797,Ostrava,Clay,32,C,O,20250428,4,P09O,,,Zsombor Piros,R,180,HUN,25.541,270,198,S0GD,4,,Dalibor Svrcina,R,178,CZE,22.571,127,466,6-3 6-1,3,R32,72,3,2,55,32,23,14,8,3,4,1,5,56,35,17,9,8,3,8
2025-1797,Ostrava,Clay,32,C,O,20250428,5,R0FP,,,Daniel Rincon,L,185,ESP,22.305,217,262,M0G4,5,,Harold Mayot,R,180,FRA,23.228,160,354,7-6(1) 6-4,3,R32,124,1,3,74,43,30,16,11,2,5,1,1,83,37,23,23,11,5,9
2025-1797,Ostrava,Clay,32,C,O,20250428,6,O0A2,,,Gauthier Onclin,R,180,BEL,24.167,207,267,W0BH,6,,Coleman Wong,R,191,HKG,20.893,169,322,6-2 5-7 6-3,3,R32,139,0,6,80,49,30,14,14,2,7,4,5,119,75,42,17,15,6,14
2025-1797,Ostrava,Clay,32,C,O,20250428,7,KI63,7,,Lukas Klein,R,193,SVK,27.102,173,313,H09N,,,August Holmgren,R,188,DEN,27.017,186,293,6-3 3-6 6-3,3,R32,119,3,5,79,48,38,16,14,1,3,3,8,93,61,41,14,13,9,12
2025-1797,Ostrava,Clay,32,C,O,20250428,8,HF80,8,,Hady Habib,R,188,LBN,26.686,174,310,SR81,,,Khumoyun Sultanov,R,180,UZB,26.502,224,251,6-3 7-6(4),3,R32,90,16,2,72,48,39,14,11,2,2,4,5,73,50,39,9,10,3,4
2025-1797,Ostrava,Clay,32,C,O,20250428,9,B0OV,,,Petr Brunclik,L,188,CZE,18.782,646,48,A829,,,Radu Albot,R,175,MDA,35.461,266,204,6-2 6-1,3,R32,90,1,1,47,32,26,8,7,4,4,1,3,81,48,26,13,8,13,18
2025-1797,Ostrava,Clay,32,C,O,20250428,10,B0MM,,,Edas Butvilas,R,191,LTU,20.764,212,265,M0SE,,,Maxim Mrva,R,178,CZE,17.739,621,52,7-6(4) 6-1,3,R32,92,3,2,59,32,18,15,9,5,8,1,6,87,42,22,18,10,7,13
2025-1797,Ostrava,Clay,32,C,O,20250428,11,E687,,,Daniel Evans,R,175,GBR,34.932,197,283,J0B6,,,Jan Jermar,R,191,CZE,25.043,1580,3,6-0 6-2,3,R32,52,0,1,40,21,18,12,7,2,2,2,2,38,27,12,4,7,2,7
2025-1797,Ostrava,Clay,32,C,O,20250428,12,GB93,,,Norbert Gombos,R,193,SVK,34.708,336,150,SO20,,,Jelle Sels,R,188,NED,29.717,316,161,2-6 6-0 7-5,3,R32,110,4,2,67,30,21,19,13,1,5,3,3,70,40,27,12,13,2,8
2025-1797,Ostrava,Clay,32,C,O,20250428,13,J09X,,,Filip Cristian Jianu,R,180,ROU,23.608,229,247,M0AC,,,Rudolf Molleker,R,188,GER,24.504,388,125,6-4 6-4,3,R32,82,2,1,56,34,23,14,10,3,5,3,3,65,35,22,15,10,5,9
2025-1797,Ostrava,Clay,32,C,O,20250428,14,K0JH,,,Jan Kumstat,R,196,CZE,18.319,1747,2,C0HT,,,Murphy Cassone,R,188,USA,22.7,204,271,6-4 7-6(3),3,R32,99,4,1,75,34,24,23,11,5,8,7,4,77,46,29,14,11,6,10
2025-1797,Ostrava,Clay,32,C,O,20250428,15,RB60,,,Oriol Roca Batalla,R,175,ESP,31.995,262,211,H0CX,,,Max Houkes,L,188,NED,24.819,249,220,6-3 7-5,3,R32,112,4,2,75,39,25,18,11,8,11,1,4,58,33,16,14,10,0,5
2025-1797,Ostrava,Clay,32,C,O,20250428,16,S0AK,,,Henri Squire,R,196,GER,24.583,225,249,V0DZ,,,Luca Van Assche,R,178,FRA,20.964,179,299,7-6(4) 6-2,3,R32,113,7,2,82,48,36,16,10,4,6,2,2,66,53,33,5,10,4,8
2025-1797,Ostrava,Clay,32,C,O,20250428,17,KI82,1,,Vit Kopriva,R,178,CZE,27.869,95,619,J09X,,,Filip Cristian Jianu,R,180,ROU,23.608,229,247,6-3 6-3,3,R16,79,2,0,57,37,28,8,9,2,4,0,2,52,42,25,1,9,2,7
2025-1797,Ostrava,Clay,32,C,O,20250428,18,RB60,,,Oriol Roca Batalla,R,175,ESP,31.995,262,211,KI63,7,,Lukas Klein,R,193,SVK,27.102,173,313,6-4 5-7 7-6(3),3,R16,153,6,3,99,66,51,17,17,5,8,3,7,111,71,51,17,17,7,10
2025-1797,Ostrava,Clay,32,C,O,20250428,19,HF80,8,,Hady Habib,R,188,LBN,26.686,174,310,E687,,,Daniel Evans,R,175,GBR,34.932,197,283,6-3 6-4,3,R16,75,10,2,54,33,27,16,10,1,1,5,5,54,28,19,16,9,3,5
2025-1797,Ostrava,Clay,32,C,O,20250428,20,B0OV,,,Petr Brunclik,L,188,CZE,18.782,646,48,KC56,,,Aslan Karatsev,R,185,RUS,31.647,187,292,6-7(4) 6-3 6-3,3,R16,156,6,9,115,68,49,22,15,10,11,1,10,91,42,29,25,15,4,8
2025-1797,Ostrava,Clay,32,C,O,20250428,21,O0A2,,,Gauthier Onclin,R,180,BEL,24.167,207,267,B0MM,,,Edas Butvilas,R,191,LTU,20.764,212,265,5-7 6-2 6-2,3,R16,140,1,2,82,53,31,16,14,5,10,4,4,106,66,33,18,14,14,22
2025-1797,Ostrava,Clay,32,C,O,20250428,22,P09O,,,Zsombor Piros,R,180,HUN,25.541,270,198,K0JH,,,Jan Kumstat,R,196,CZE,18.319,1747,2,6-3 6-3,3,R16,77,2,6,63,35,21,14,9,4,7,3,3,55,30,16,6,9,2,8
2025-1797,Ostrava,Clay,32,C,O,20250428,23,R0FP,,,Daniel Rincon,L,185,ESP,22.305,217,262,GB93,,,Norbert Gombos,R,193,SVK,34.708,336,150,7-6(6) 1-6 7-5,3,R16,159,3,5,100,53,35,23,15,2,7,5,1,103,62,38,24,16,5,9
2025-1797,Ostrava,Clay,32,C,O,20250428,24,S0AK,,,Henri Squire,R,196,GER,24.583,225,249,SS25,,,Vitaliy Sachko,R,188,UKR,27.789,253,218,7-5 6-2,3,R16,91,6,2,68,48,38,9,10,3,3,2,3,58,32,22,14,10,3,6
2025-1797,Ostrava,Clay,32,C,O,20250428,25,HF80,8,,Hady Habib,R,188,LBN,26.686,174,310,KI82,1,,Vit Kopriva,R,178,CZE,27.869,95,619,6-3 6-4,3,QF,82,4,3,56,31,26,15,10,0,0,3,4,60,37,26,12,9,4,6
2025-1797,Ostrava,Clay,32,C,O,20250428,26,O0A2,,,Gauthier Onclin,R,180,BEL,24.167,207,267,B0OV,,,Petr Brunclik,L,188,CZE,18.782,646,48,1-6 6-0 7-5,3,QF,134,6,5,105,66,48,12,13,7,11,3,4,72,45,28,13,12,4,9
2025-1797,Ostrava,Clay,32,C,O,20250428,27,P09O,,,Zsombor Piros,R,180,HUN,25.541,270,198,R0FP,,,Daniel Rincon,L,185,ESP,22.305,217,262,6-3 7-5,3,QF,96,2,3,57,31,23,18,11,0,1,3,3,82,53,32,14,10,8,11
2025-1797,Ostrava,Clay,32,C,O,20250428,28,RB60,,,Oriol Roca Batalla,R,175,ESP,31.995,262,211,S0AK,,,Henri Squire,R,196,GER,24.583,225,249,7-5 6-1,3,QF,99,3,2,75,54,41,8,10,5,6,6,12,64,37,27,6,9,11,15
2025-1797,Ostrava,Clay,32,C,O,20250428,29,HF80,8,,Hady Habib,R,188,LBN,26.686,174,310,RB60,,,Oriol Roca Batalla,R,175,ESP,31.995,262,211,4-6 6-3 6-4,3,SF,135,13,3,97,60,45,16,15,5,7,4,2,84,55,39,13,14,3,6
2025-1797,Ostrava,Clay,32,C,O,20250428,30,P09O,,,Zsombor Piros,R,180,HUN,25.541,270,198,O0A2,,,Gauthier Onclin,R,180,BEL,24.167,207,267,6-3 6-2,3,SF,63,2,1,49,34,30,8,9,0,0,1,2,44,31,21,3,8,2,5
2025-1797,Ostrava,Clay,32,C,O,20250428,31,P09O,,,Zsombor Piros,R,180,HUN,25.541,270,198,HF80,8,,Hady Habib,R,188,LBN,26.686,174,310,6-3 6-2,3,F,60,2,1,46,28,22,14,9,0,0,3,2,42,24,16,8,8,1,4
2025-2919,Porto Alegre,Clay,32,C,O,20250428,1,P0DF,,,Matheus Pucinelli De Almeida,R,183,BRA,24.074,322,158,G0DH,1,,Alvaro Guillen Meza,R,175,ECU,22.319,205,271,6-1 3-6 6-0,3,R32,124,1,0,70,44,31,16,11,5,6,1,1,75,49,29,9,11,7,12
2025-2919,Porto Alegre,Clay,32,C,O,20250428,2,DC48,2,,Murkel Dellien,R,193,BOL,27.614,222,254,M0WY,,,"Luis ""Guto"" Miguel",R,180,BRA,16.167,,,6-2 3-6 6-3,3,R32,147,2,6,90,51,31,24,13,5,8,2,4,84,50,29,18,13,8,13
2025-2919,Porto Alegre,Clay,32,C,O,20250428,3,RH59,3,,Santiago Rodriguez Taverna,R,191,ARG,25.785,261,213,KH56,,,Zdenek Kolar,R,183,CZE,28.55,430,109,6-4 7-5,3,R32,99,8,2,79,53,37,11,11,7,9,1,5,67,39,27,14,11,6,10
2025-2919,Porto Alegre,Clay,32,C,O,20250428,4,T0DM,4,,Juan Bautista Torres,R,178,ARG,23.072,273,197,B0I5,,,Blaise Bicknell,R,191,JAM,23.42,995,15,6-3 7-6(1),3,R32,106,0,2,76,49,27,12,10,8,13,1,4,68,45,21,9,11,4,11
2025-2919,Porto Alegre,Clay,32,C,O,20250428,5,P0IY,5,,Juan Carlos Prado Angelo,R,185,BOL,20.145,291,183,A0IK,,,Luciano Emanuel Ambrogi,R,188,ARG,21.44,381,127,6-4 6-2,3,R32,92,0,0,49,28,19,13,9,1,3,1,3,70,36,21,14,9,5,10
2025-2919,Porto Alegre,Clay,32,C,O,20250428,6,CG07,,,Hernan Casanova,R,178,ARG,31.222,516,76,O660,6,,Genaro Alberto Olivieri,R,175,ARG,26.732,302,172,6-4 7-6(5),3,R32,131,0,0,74,63,38,3,11,3,7,0,1,77,58,31,8,11,9,14
2025-2919,Porto Alegre,Clay,32,C,O,20250428,7,SG56,7,,Daniel Dutra da Silva,L,,BRA,36.813,304,171,O376,,,Renzo Olivo,R,178,ARG,33.12,359,139,6-2 6-3,3,R32,108,1,1,55,34,27,12,9,1,1,0,4,70,48,27,9,8,8,11
2025-2919,Porto Alegre,Clay,32,C,O,20250428,8,B0FI,,,Pedro Boscardin Dias,R,180,BRA,22.248,420,112,A09U,8,,Nicolas Alvarez Varona,R,188,ESP,23.945,309,167,6-4 3-6 6-4,3,R32,139,1,3,79,40,27,20,14,3,7,8,9,92,52,36,16,15,2,7
2025-2919,Porto Alegre,Clay,32,C,O,20250428,9,A0G7,,,Valerio Aboian,L,183,ARG,22.872,454,99,L0DM,,,Alejo Lorenzo Lingua Lavallen,L,175,ARG,24.137,417,112,6-3 RET,3,R32,50,1,0,24,15,12,5,4,0,1,0,2,37,19,11,7,5,3,6
2025-2919,Porto Alegre,Clay,32,C,O,20250428,10,B0GY,,,Alex Barrena,R,175,ARG,22.549,568,63,K0HN,,,Bruno Kuzuhara,R,175,USA,21.073,532,72,6-2 6-1,3,R32,82,1,2,44,23,18,13,7,3,3,1,3,61,32,18,11,8,8,13
2025-2919,Porto Alegre,Clay,32,C,O,20250428,11,HG90,,,Conner Huertas del Pino,R,188,PER,29.355,636,50,KC29,,,Nicolas Kicker,R,178,ARG,32.698,464,95,6-3 5-7 6-4,3,R32,164,5,1,109,74,53,19,16,10,12,0,2,88,54,36,20,15,4,7
2025-2919,Porto Alegre,Clay,32,C,O,20250428,12,J0AW,,,Guido Ivan Justo,R,178,ARG,27.362,390,125,V821,,,Gonzalo Villanueva,R,175,ARG,30.289,414,113,7-6(6) 7-5,3,R32,140,0,4,76,49,30,12,12,7,12,1,6,88,53,30,14,12,3,9
2025-2919,Porto Alegre,Clay,32,C,O,20250428,13,M0OH,,,Lautaro Midon,R,180,ARG,21.081,323,157,D0AR,,,Mateus Alves,R,193,BRA,24.26,313,165,7-6(1) 6-7(3) 6-4,3,R32,189,4,3,115,79,57,17,17,5,8,5,6,125,67,48,26,17,13,17
2025-2919,Porto Alegre,Clay,32,C,O,20250428,14,R0A7,,,Joao Lucas Reis Da Silva,R,178,BRA,25.09,384,126,M1A0,,,Vicente Menezes Freda,,,BRA,17.974,,,6-2 6-0,3,R32,58,2,0,33,19,15,13,7,0,0,0,4,44,26,11,6,7,1,6
2025-2919,Porto Alegre,Clay,32,C,O,20250428,15,R09V,,,Eduardo Ribeiro,R,178,BRA,27.116,538,69,AG57,,,Leonardo Aboian,L,175,ARG,27.023,600,56,6-4 6-4,3,R32,93,2,0,65,44,31,12,10,3,4,1,0,68,42,24,15,10,8,11
2025-2919,Porto Alegre,Clay,32,C,O,20250428,16,S0GZ,,,Nikolas Sanchez Izquierdo,R,185,ESP,26.122,330,153,SL94,,,Pedro Sakamoto,R,178,BRA,31.83,350,143,6-2 6-0,3,R32,68,2,2,40,28,24,6,7,1,1,0,0,41,29,14,2,7,2,7
2025-2919,Porto Alegre,Clay,32,C,O,20250428,17,R0A7,,,Joao Lucas Reis Da Silva,R,178,BRA,25.09,384,126,DC48,2,,Murkel Dellien,R,193,BOL,27.614,222,254,6-2 6-1,3,R16,70,1,0,41,29,25,6,7,1,1,1,1,48,32,16,7,8,3,8
2025-2919,Porto Alegre,Clay,32,C,O,20250428,18,RH59,3,,Santiago Rodriguez Taverna,R,191,ARG,25.785,261,213,A0G7,,,Valerio Aboian,L,183,ARG,22.872,454,99,5-3 RET,3,R16,31,2,2,21,13,10,6,4,0,0,1,1,23,16,11,3,4,0,1
2025-2919,Porto Alegre,Clay,32,C,O,20250428,19,S0GZ,,,Nikolas Sanchez Izquierdo,R,185,ESP,26.122,330,153,T0DM,4,,Juan Bautista Torres,R,178,ARG,23.072,273,197,6-3 1-6 6-1,3,R16,131,0,7,79,52,28,12,11,3,8,0,3,80,57,26,11,12,6,13
2025-2919,Porto Alegre,Clay,32,C,O,20250428,20,M0OH,,,Lautaro Midon,R,180,ARG,21.081,323,157,P0IY,5,,Juan Carlos Prado Angelo,R,185,BOL,20.145,291,183,3-6 6-4 6-1,3,R16,136,3,2,72,49,33,13,13,3,6,1,2,105,62,39,18,13,9,14
2025-2919,Porto Alegre,Clay,32,C,O,20250428,21,B0GY,,,Alex Barrena,R,175,ARG,22.549,568,63,SG56,7,,Daniel Dutra da Silva,L,,BRA,36.813,304,171,6-4 6-3,3,R16,88,0,1,63,33,26,13,9,9,11,3,4,57,31,19,8,10,2,7
2025-2919,Porto Alegre,Clay,32,C,O,20250428,22,J0AW,,,Guido Ivan Justo,R,178,ARG,27.362,390,125,CG07,,,Hernan Casanova,R,178,ARG,31.222,516,76,6-3 6-1,3,R16,91,1,2,46,30,23,6,8,3,5,0,1,56,40,16,7,8,7,13
2025-2919,Porto Alegre,Clay,32,C,O,20250428,23,P0DF,,,Matheus Pucinelli De Almeida,R,183,BRA,24.074,322,158,HG90,,,Conner Huertas del Pino,R,188,PER,29.355,636,50,7-5 6-1,3,R16,112,3,6,74,48,36,12,10,5,6,0,2,57,32,21,8,9,3,7
2025-2919,Porto Alegre,Clay,32,C,O,20250428,24,R09V,,,Eduardo Ribeiro,R,178,BRA,27.116,538,69,B0FI,,,Pedro Boscardin Dias,R,180,BRA,22.248,420,112,6-0 0-6 7-5,3,R16,121,4,0,77,46,29,13,12,7,12,2,3,76,40,23,15,12,8,14
2025-2919,Porto Alegre,Clay,32,C,O,20250428,25,RH59,3,,Santiago Rodriguez Taverna,R,191,ARG,25.785,261,213,J0AW,,,Guido Ivan Justo,R,178,ARG,27.362,390,125,6-4 6-7(4) 6-3,3,QF,182,5,5,111,66,49,22,16,7,9,0,7,96,69,50,9,15,3,7
2025-2919,Porto Alegre,Clay,32,C,O,20250428,26,B0GY,,,Alex Barrena,R,175,ARG,22.549,568,63,R0A7,,,Joao Lucas Reis Da Silva,R,178,BRA,25.09,384,126,4-6 6-3 6-3,3,QF,136,5,2,90,62,39,16,14,4,8,2,5,97,55,35,16,14,5,11
2025-2919,Porto Alegre,Clay,32,C,O,20250428,27,P0DF,,,Matheus Pucinelli De Almeida,R,183,BRA,24.074,322,158,M0OH,,,Lautaro Midon,R,180,ARG,21.081,323,157,6-1 6-2,3,QF,95,2,3,58,33,25,14,8,2,2,1,2,58,32,16,12,7,8,12
2025-2919,Porto Alegre,Clay,32,C,O,20250428,28,S0GZ,,,Nikolas Sanchez Izquierdo,R,185,ESP,26.122,330,153,R09V,,,Eduardo Ribeiro,R,178,BRA,27.116,538,69,7-5 7-5,3,QF,117,0,1,78,52,31,18,12,5,8,3,0,80,52,33,9,12,6,11
2025-2919,Porto Alegre,Clay,32,C,O,20250428,29,RH59,3,,Santiago Rodriguez Taverna,R,191,ARG,25.785,261,213,P0DF,,,Matheus Pucinelli De Almeida,R,183,BRA,24.074,322,158,6-3 6-7(4) 6-2,3,SF,171,5,2,103,58,41,21,14,7,10,3,9,106,62,35,18,15,5,12
2025-2919,Porto Alegre,Clay,32,C,O,20250428,30,S0GZ,,,Nikolas Sanchez Izquierdo,R,185,ESP,26.122,330,153,B0GY,,,Alex Barrena,R,175,ARG,22.549,568,63,1-6 7-5 6-4,3,SF,164,0,3,91,63,37,13,15,7,13,5,5,105,59,40,19,14,8,13
2025-2919,Porto Alegre,Clay,32,C,O,20250428,31,RH59,3,,Santiago Rodriguez Taverna,R,191,ARG,25.785,261,213,S0GZ,,,Nikolas Sanchez Izquierdo,R,185,ESP,26.122,330,153,4-6 6-4 7-6(6),3,F,166,5,1,95,49,32,20,16,6,13,0,2,92,66,35,15,16,2,9
2025-6965,Guangzhou,Hard,32,C,O,20250428,1,W09E,1,,Adam Walton,R,183,AUS,26.031,86,749,I0B0,,,Andre Ilagan,L,173,USA,24.446,389,125,6-3 7-6(3),3,R32,85,11,3,61,33,29,15,11,0,1,3,3,70,39,24,19,10,4,6
2025-6965,Guangzhou,Hard,32,C,O,20250428,2,H09P,2,,Brandon Holt,R,185,USA,27.061,110,561,N09U,,,Rio Noguchi,R,168,JPN,26.333,254,218,7-6(3) 7-6(2),3,R32,119,9,1,87,56,42,12,12,5,8,3,5,84,48,35,14,12,1,4
2025-6965,Guangzhou,Hard,32,C,O,20250428,3,S0N0,3,,Tristan Schoolkate,R,183,AUS,24.167,122,484,PH78,,,Ryan Peniston,L,180,GBR,29.465,311,166,6-4 4-6 6-4,3,R32,146,8,8,88,55,42,13,15,6,10,5,7,109,65,45,17,15,14,19
2025-6965,Guangzhou,Hard,32,C,O,20250428,4,A0GC,4,,Terence Atmane,L,193,FRA,23.299,136,434,TG30,,,Rigele Te,R,188,CHN,27.551,489,86,5-7 6-3 6-1,3,R32,110,11,1,73,41,34,22,14,1,2,2,8,90,57,40,13,14,10,14
2025-6965,Guangzhou,Hard,32,C,O,20250428,5,WB08,,,Yosuke Watanuki,R,180,JPN,27.044,213,264,TC01,5,,Li Tu,R,183,AUS,28.92,164,333,6-4 6-7(8) 6-3,3,R32,151,13,9,110,47,43,31,16,3,4,14,13,107,58,43,25,15,4,7
2025-6965,Guangzhou,Hard,32,C,O,20250428,6,GF95,6,,Hugo Grenier,R,196,FRA,29.098,175,307,C0Q4,,,Charles Chen,R,191,CHN,17.355,1120,10,6-2 6-4,3,R32,93,3,1,60,36,27,13,9,0,0,1,3,63,30,19,16,9,7,10
2025-6965,Guangzhou,Hard,32,C,O,20250428,7,M0OQ,7,,James McCabe,R,188,AUS,21.815,176,306,S0HR,,,Kasidit Samrej,R,191,THA,24.268,404,117,6-3 6-7(3) 6-3,3,R32,136,20,3,99,49,38,31,16,2,3,4,7,93,48,35,24,14,7,10
2025-6965,Guangzhou,Hard,32,C,O,20250428,8,H09F,,,Yu Hsiou Hsu,R,178,TPE,26.073,235,239,LB66,8,,Constant Lestienne,R,180,FRA,32.931,180,299,7-5 6-4,3,R32,97,2,4,70,47,34,11,11,3,5,3,4,67,29,19,18,11,3,7
2025-6965,Guangzhou,Hard,32,C,O,20250428,9,B0EK,,,Moerani Bouzige,R,180,AUS,25.793,401,119,R0J1,,,Hoyoung Roh,R,185,KOR,19.023,2066,1,6-3 6-1,3,R32,83,3,6,53,26,21,16,8,5,5,2,3,63,38,24,8,8,3,7
2025-6965,Guangzhou,Hard,32,C,O,20250428,10,C0AJ,,,Jie Cui,R,183,CHN,27.258,299,174,Z0CQ,,,Yi Zhou,R,193,CHN,20.123,369,133,6-4 6-4,3,R32,101,5,0,61,33,25,12,10,4,7,6,7,65,36,22,13,10,7,12
2025-6965,Guangzhou,Hard,32,C,O,20250428,11,E768,,,Antoine Escoffier,R,185,FRA,33.161,218,260,S0K7,,,Zachary Svajda,R,175,USA,22.412,221,257,6-4 6-4,3,R32,72,3,2,52,25,19,19,10,1,2,4,3,59,31,21,12,10,3,6
2025-6965,Guangzhou,Hard,32,C,O,20250428,12,J553,,,Omar Jasika,L,183,AUS,27.945,211,265,LI10,,,Christian Langmo,R,191,USA,28.906,319,160,6-4 7-6(5),3,R32,100,4,5,80,52,35,18,11,7,8,8,11,82,44,29,20,11,7,9
2025-6965,Guangzhou,Hard,32,C,O,20250428,13,K0E6,,,Alibek Kachmazov,R,185,RUS,22.697,185,294,SX90,,,Fajing Sun,R,178,CHN,28.567,289,184,6-4 7-6(5),3,R32,122,9,6,80,39,34,20,11,2,3,0,1,83,43,29,21,11,6,8
2025-6965,Guangzhou,Hard,32,C,O,20250428,14,S0MN,,,Marat Sharipov,R,188,RUS,22.552,256,217,RH62,,,Mats Rosenkranz,L,193,GER,26.68,365,135,6-3 3-6 6-4,3,R32,107,14,4,78,43,33,18,14,1,4,9,5,90,42,30,24,14,5,9
2025-6965,Guangzhou,Hard,32,C,O,20250428,15,SY67,,,Sho Shimabukuro,R,180,JPN,27.745,188,292,BI81,,,Alex Bolt,L,183,AUS,32.309,226,249,3-6 6-4 6-1,3,R32,98,5,5,77,37,25,20,13,5,9,5,5,85,55,33,12,13,4,10
2025-6965,Guangzhou,Hard,32,C,O,20250428,16,S0O6,,,Ilia Simakin,R,193,RUS,21.503,271,197,M0BW,,,Ye Cong Mo,R,183,CHN,24.838,543,68,6-1 7-6(3),3,R32,76,13,3,75,41,36,16,10,7,8,6,1,56,29,17,16,9,3,6
2025-6965,Guangzhou,Hard,32,C,O,20250428,17,K0E6,,,Alibek Kachmazov,R,185,RUS,22.697,185,294,W09E,1,,Adam Walton,R,183,AUS,26.031,86,749,4-6 7-6(2) 6-2,3,R16,160,13,7,118,60,46,28,15,9,12,8,6,96,58,36,21,15,7,11
2025-6965,Guangzhou,Hard,32,C,O,20250428,18,H09P,2,,Brandon Holt,R,185,USA,27.061,110,561,C0AJ,,,Jie Cui,R,183,CHN,27.258,299,174,7-6(7) 7-6(4),3,R16,114,21,1,74,49,42,17,12,4,5,5,2,82,51,38,18,12,1,2
2025-6965,Guangzhou,Hard,32,C,O,20250428,19,S0N0,3,,Tristan Schoolkate,R,183,AUS,24.167,122,484,SY67,,,Sho Shimabukuro,R,180,JPN,27.745,188,292,6-2 RET,3,R16,39,4,1,27,18,15,5,4,0,0,2,1,23,15,9,2,4,3,5
2025-6965,Guangzhou,Hard,32,C,O,20250428,20,A0GC,4,,Terence Atmane,L,193,FRA,23.299,136,434,S0MN,,,Marat Sharipov,R,188,RUS,22.552,256,217,7-5 7-6(3),3,R16,88,11,4,71,39,31,19,12,1,3,7,2,66,38,31,11,12,0,3
2025-6965,Guangzhou,Hard,32,C,O,20250428,21,GF95,6,,Hugo Grenier,R,196,FRA,29.098,175,307,B0EK,,,Moerani Bouzige,R,180,AUS,25.793,401,119,6-4 7-5,3,R16,97,3,6,61,33,25,18,11,4,5,7,3,65,33,29,12,11,1,4
2025-6965,Guangzhou,Hard,32,C,O,20250428,22,M0OQ,7,,James McCabe,R,188,AUS,21.815,176,306,J553,,,Omar Jasika,L,183,AUS,27.945,211,265,6-4 1-6 6-2,3,R16,143,12,8,94,48,37,20,13,9,12,3,7,94,56,39,16,12,8,11
2025-6965,Guangzhou,Hard,32,C,O,20250428,23,H09F,,,Yu Hsiou Hsu,R,178,TPE,26.073,235,239,E768,,,Antoine Escoffier,R,185,FRA,33.161,218,260,6-3 3-6 6-2,3,R16,102,3,5,75,48,39,11,13,4,7,8,9,68,32,23,14,13,1,6
2025-6965,Guangzhou,Hard,32,C,O,20250428,24,S0O6,,,Ilia Simakin,R,193,RUS,21.503,271,197,WB08,,,Yosuke Watanuki,R,180,JPN,27.044,213,264,6-4 7-6(6),3,R16,102,8,2,83,42,34,20,11,4,5,10,4,84,35,29,24,11,4,6
2025-6965,Guangzhou,Hard,32,C,O,20250428,25,H09P,2,,Brandon Holt,R,185,USA,27.061,110,561,H09F,,,Yu Hsiou Hsu,R,178,TPE,26.073,235,239,6-4 6-3,3,QF,84,6,1,55,32,23,15,9,2,3,5,4,69,40,25,13,10,7,11
2025-6965,Guangzhou,Hard,32,C,O,20250428,26,S0N0,3,,Tristan Schoolkate,R,183,AUS,24.167,122,484,GF95,6,,Hugo Grenier,R,196,FRA,29.098,175,307,6-4 6-4,3,QF,95,7,3,68,39,31,15,10,7,8,4,1,61,40,24,13,10,2,5
2025-6965,Guangzhou,Hard,32,C,O,20250428,27,A0GC,4,,Terence Atmane,L,193,FRA,23.299,136,434,S0O6,,,Ilia Simakin,R,193,RUS,21.503,271,197,1-6 7-6(4) 7-5,3,QF,139,9,3,103,62,40,24,15,8,12,7,5,107,65,45,22,16,9,12
2025-6965,Guangzhou,Hard,32,C,O,20250428,28,K0E6,,,Alibek Kachmazov,R,185,RUS,22.697,185,294,M0OQ,7,,James McCabe,R,188,AUS,21.815,176,306,7-6(5) 6-4,3,QF,106,8,2,68,34,25,22,11,3,5,11,2,76,41,33,13,11,2,5
2025-6965,Guangzhou,Hard,32,C,O,20250428,29,A0GC,4,,Terence Atmane,L,193,FRA,23.299,136,434,H09P,2,,Brandon Holt,R,185,USA,27.061,110,561,6-4 6-3,3,SF,75,6,4,53,26,23,15,10,0,1,3,0,59,38,23,11,9,3,6
2025-6965,Guangzhou,Hard,32,C,O,20250428,30,S0N0,3,,Tristan Schoolkate,R,183,AUS,24.167,122,484,K0E6,,,Alibek Kachmazov,R,185,RUS,22.697,185,294,6-3 6-7(4) 6-4,3,SF,,,,,,,,,,,,,,,,,,,
2025-6965,Guangzhou,Hard,32,C,O,20250428,31,A0GC,4,,Terence Atmane,L,193,FRA,23.299,136,434,S0N0,3,,Tristan Schoolkate,R,183,AUS,24.167,122,484,6-3 7-6(4),3,F,101,9,1,60,39,32,13,11,0,1,1,4,65,36,28,13,10,0,2
2025-9697,Mauthausen,Clay,32,C,O,20250428,1,M0HU,,,Shintaro Mochizuki,R,175,JPN,21.906,146,390,MJ08,2,,Thiago Monteiro,L,183,BRA,30.91,94,628,6-3 6-3,3,R32,93,4,5,71,40,28,15,9,6,8,0,5,60,33,17,12,9,4,9
2025-9697,Mauthausen,Clay,32,C,O,20250428,2,G0GD,,,Matteo Gigante,L,180,ITA,23.313,195,284,C977,3,,Marin Cilic,R,198,CRO,36.58,109,563,4-6 6-1 7-6(4),3,R32,148,11,5,102,56,42,28,15,4,6,9,7,93,41,29,28,14,8,11
2025-9697,Mauthausen,Clay,32,C,O,20250428,3,O0AD,,,Neil Oberleitner,R,191,AUT,25.73,396,121,F510,,,Fabio Fognini,R,178,ITA,37.93,112,536,5-7 6-3 6-2,3,R32,118,6,3,88,54,47,17,15,4,5,5,12,96,41,36,25,14,1,4
2025-9697,Mauthausen,Clay,32,C,O,20250428,4,BS86,5,,Tomas Barrios Vera,R,191,CHI,27.381,128,463,R09X,,,Jurij Rodionov,L,191,AUT,25.952,230,246,6-3 3-6 6-3,3,R32,119,2,5,80,52,35,13,14,0,4,7,4,80,41,26,18,13,6,11
2025-9697,Mauthausen,Clay,32,C,O,20250428,5,GD64,,,Cristian Garin,R,185,CHI,28.912,214,264,DA81,6,,Taro Daniel,R,191,JPN,32.249,131,453,6-0 6-1,3,R32,58,1,2,38,19,14,13,6,1,1,0,1,43,20,10,5,7,2,8
2025-9697,Mauthausen,Clay,32,C,O,20250428,6,K0EP,7,,Jerome Kym,R,198,SUI,22.207,133,448,PI95,,,David Pichler,R,178,AUT,29.188,853,23,6-1 6-3,3,R32,63,9,3,46,30,26,8,8,4,4,3,4,58,24,14,15,8,2,6
2025-9697,Mauthausen,Clay,32,C,O,20250428,7,T0A1,8,,Thiago Agustin Tirante,R,185,ARG,24.049,134,441,B0LW,,,Mika Brunold,R,191,SUI,20.569,308,167,7-5 6-4,3,R32,117,4,3,80,49,38,16,11,3,3,1,6,74,41,31,15,11,0,2
2025-9697,Mauthausen,Clay,32,C,O,20250428,8,B0PG,,,Alexander Blockx,R,193,BEL,20.055,151,384,F840,,,Nerman Fatic,R,191,BIH,30.511,364,136,7-5 7-5,3,R32,96,2,1,72,45,33,18,12,7,8,1,3,75,44,31,14,12,3,6
2025-9697,Mauthausen,Clay,32,C,O,20250428,9,B0FV,,,Roman Andres Burruchaga,R,183,ARG,23.261,142,420,KC33,,,Dimitar Kuzmanov,R,183,BUL,31.751,274,194,6-2 6-2,3,R32,77,3,0,43,27,21,9,8,2,3,0,1,56,41,18,7,8,3,8
2025-9697,Mauthausen,Clay,32,C,O,20250428,10,G0FW,,,Vilius Gaubas,R,178,LTU,20.329,149,387,P0D0,,,Jakub Paul,R,180,SUI,26.103,325,155,3-6 6-4 6-4,3,R32,128,4,4,93,67,37,12,15,3,9,3,1,86,53,34,11,14,4,10
2025-9697,Mauthausen,Clay,32,C,O,20250428,11,L0IL,,,Martin Landaluce,R,193,ESP,19.302,148,388,HG94,,,Benjamin Hassan,R,183,LBN,30.229,219,258,7-5 5-7 7-6(1),3,R32,154,2,16,108,63,39,23,18,2,10,4,4,120,56,35,26,18,6,14
2025-9697,Mauthausen,Clay,32,C,O,20250428,12,M0JZ,,,Filip Misolic,R,180,AUT,23.721,184,294,BG23,,,Nikoloz Basilashvili,R,185,GEO,33.177,157,361,7-6(5) 6-7(5) 6-4,3,R32,159,11,6,113,56,45,30,17,5,7,6,8,134,61,45,35,17,10,13
2025-9697,Mauthausen,Clay,32,C,O,20250428,13,N0CS,,,Lukas Neumayer,R,183,AUT,22.642,191,291,B0U4,,,Nicolai Budkov Kjaer,R,191,NOR,18.656,305,170,7-5 7-5,3,R32,126,1,2,69,41,29,18,12,1,3,2,4,84,46,28,20,12,5,9
2025-9697,Mauthausen,Clay,32,C,O,20250428,14,S0WT,,,Joel Schwaerzler,L,188,AUT,19.25,327,154,P0BM,,,Tadeas Paroulek,R,175,CZE,25.328,597,56,6-3 7-5,3,R32,94,1,1,68,40,29,18,11,2,3,0,4,64,38,27,11,10,1,4
2025-9697,Mauthausen,Clay,32,C,O,20250428,15,SX91,,,Thiago Seyboth Wild,R,185,BRA,25.133,113,532,M0HT,,,Alejandro Moro Canas,R,183,ESP,24.389,159,355,6-2 7-6(7),3,R32,117,4,4,72,36,29,14,10,4,7,0,4,74,44,24,13,10,7,12
2025-9697,Mauthausen,Clay,32,C,O,20250428,16,TA29,,,Marco Trungelliti,R,178,ARG,35.239,189,292,S0GR,,,Timofey Skatov,R,173,KAZ,24.266,172,315,7-5 6-4,3,R32,107,7,2,61,30,23,18,11,1,3,0,0,71,44,25,15,11,6,10
2025-9697,Mauthausen,Clay,32,C,O,20250428,17,BS86,5,,Tomas Barrios Vera,R,191,CHI,27.381,128,463,L0IL,,,Martin Landaluce,R,193,ESP,19.302,148,388,6-3 5-7 6-4,3,R16,179,2,3,135,82,49,29,16,19,23,2,8,82,47,33,15,15,6,11
2025-9697,Mauthausen,Clay,32,C,O,20250428,18,K0EP,7,,Jerome Kym,R,198,SUI,22.207,133,448,N0CS,,,Lukas Neumayer,R,183,AUT,22.642,191,291,7-6(5) 6-0,3,R16,92,6,4,58,36,29,13,9,1,2,0,3,69,39,24,12,9,7,11
2025-9697,Mauthausen,Clay,32,C,O,20250428,19,T0A1,8,,Thiago Agustin Tirante,R,185,ARG,24.049,134,441,M0JZ,,,Filip Misolic,R,180,AUT,23.721,184,294,7-6(3) 6-3,3,R16,104,8,4,72,48,38,13,11,2,3,2,0,76,45,27,18,10,2,4
2025-9697,Mauthausen,Clay,32,C,O,20250428,20,B0PG,,,Alexander Blockx,R,193,BEL,20.055,151,384,SX91,,,Thiago Seyboth Wild,R,185,BRA,25.133,113,532,7-5 4-6 6-3,3,R16,141,8,3,111,67,51,17,16,6,10,3,1,84,58,38,10,15,3,8
2025-9697,Mauthausen,Clay,32,C,O,20250428,21,B0FV,,,Roman Andres Burruchaga,R,183,ARG,23.261,142,420,M0HU,,,Shintaro Mochizuki,R,175,JPN,21.906,146,390,6-4 6-2,3,R16,79,0,1,48,31,21,10,9,3,6,0,5,54,27,12,11,9,3,9
2025-9697,Mauthausen,Clay,32,C,O,20250428,22,GD64,,,Cristian Garin,R,185,CHI,28.912,214,264,G0FW,,,Vilius Gaubas,R,178,LTU,20.329,149,387,3-6 6-3 6-4,3,R16,133,4,5,85,55,36,14,14,2,6,4,3,81,50,30,16,14,2,7
2025-9697,Mauthausen,Clay,32,C,O,20250428,23,O0AD,,,Neil Oberleitner,R,191,AUT,25.73,396,121,S0WT,,,Joel Schwaerzler,L,188,AUT,19.25,327,154,6-4 7-6(2),3,R16,114,2,3,92,62,44,13,11,6,8,5,3,66,33,19,23,11,5,8
2025-9697,Mauthausen,Clay,32,C,O,20250428,24,TA29,,,Marco Trungelliti,R,178,ARG,35.239,189,292,G0GD,,,Matteo Gigante,L,180,ITA,23.313,195,284,4-6 7-6(10) 6-3,3,R16,175,3,5,123,61,44,26,15,12,17,4,6,114,67,42,19,16,7,13
2025-9697,Mauthausen,Clay,32,C,O,20250428,25,BS86,5,,Tomas Barrios Vera,R,191,CHI,27.381,128,463,TA29,,,Marco Trungelliti,R,178,ARG,35.239,189,292,6-2 6-4,3,QF,90,3,2,61,39,26,10,9,2,4,1,3,60,27,18,12,9,4,9
2025-9697,Mauthausen,Clay,32,C,O,20250428,26,K0EP,7,,Jerome Kym,R,198,SUI,22.207,133,448,B0PG,,,Alexander Blockx,R,193,BEL,20.055,151,384,W/O,3,QF,,,,,,,,,,,,,,,,,,,
2025-9697,Mauthausen,Clay,32,C,O,20250428,27,B0FV,,,Roman Andres Burruchaga,R,183,ARG,23.261,142,420,T0A1,8,,Thiago Agustin Tirante,R,185,ARG,24.049,134,441,7-5 4-6 6-3,3,QF,157,2,8,108,68,47,20,16,8,12,4,5,101,57,39,20,15,6,11
2025-9697,Mauthausen,Clay,32,C,O,20250428,28,GD64,,,Cristian Garin,R,185,CHI,28.912,214,264,O0AD,,,Neil Oberleitner,R,191,AUT,25.73,396,121,6-2 6-7(6) 6-4,3,QF,150,7,7,99,61,45,19,15,6,9,5,1,107,66,40,19,15,12,18
2025-9697,Mauthausen,Clay,32,C,O,20250428,29,BS86,5,,Tomas Barrios Vera,R,191,CHI,27.381,128,463,K0EP,7,,Jerome Kym,R,198,SUI,22.207,133,448,6-3 7-5,3,SF,88,0,1,55,39,22,11,10,1,4,9,5,66,44,28,4,11,7,13
2025-9697,Mauthausen,Clay,32,C,O,20250428,30,GD64,,,Cristian Garin,R,185,CHI,28.912,214,264,B0FV,,,Roman Andres Burruchaga,R,183,ARG,23.261,142,420,3-6 6-4 6-0,3,SF,124,0,2,97,65,35,21,13,8,12,1,5,73,44,26,13,12,3,9
2025-9697,Mauthausen,Clay,32,C,O,20250428,31,GD64,,,Cristian Garin,R,185,CHI,28.912,214,264,BS86,5,,Tomas Barrios Vera,R,191,CHI,27.381,128,463,3-6 6-1 6-4,3,F,151,3,6,103,63,43,21,13,10,11,1,0,99,70,47,13,13,5,8
2025-7009,Aix-en-Provence,Clay,32,C,O,20250429,1,R772,,,Albert Ramos-Vinolas,L,188,ESP,37.281,233,242,B0GG,5,,Mattia Bellucci,L,175,ITA,23.91,66,893,6-2 6-2,3,R32,77,0,2,51,35,25,9,8,5,6,2,1,52,33,15,9,8,3,8
2025-7009,Aix-en-Provence,Clay,32,C,O,20250429,2,RC91,6,,Arthur Rinderknech,R,196,FRA,29.769,76,809,L0GH,,,Mark Lajal,R,191,EST,21.966,199,279,6-4 6-7(3) 6-3,3,R32,169,9,3,98,59,48,24,16,4,4,4,10,109,67,50,21,15,11,13
2025-7009,Aix-en-Provence,Clay,32,C,O,20250429,3,GH92,,,Borna Gojo,R,196,CRO,27.168,353,141,G09O,7,,Hugo Gaston,L,173,FRA,24.589,80,776,7-6(4) 2-1 RET,3,R32,74,5,2,60,40,27,10,7,2,3,1,1,53,34,21,11,8,1,3
2025-7009,Aix-en-Provence,Clay,32,C,O,20250429,4,MW02,8,,Corentin Moutet,L,180,FRA,26.029,82,759,K09F,,,Pavel Kotov,R,191,RUS,26.445,121,487,7-5 3-6 7-5,3,R32,169,4,4,110,71,47,18,17,6,11,0,3,91,60,41,10,16,2,7
2025-7009,Aix-en-Provence,Clay,32,C,O,20250429,5,B0NN,,,Nishesh Basavareddy,R,180,USA,19.992,107,571,V0AM,,,Otto Virtanen,R,193,FIN,23.855,129,455,7-5 7-6(3),3,R32,111,3,6,91,54,40,20,12,3,4,7,4,74,36,28,20,12,4,6
2025-7009,Aix-en-Provence,Clay,32,C,O,20250429,6,B0ID,,,Ignacio Buse,R,183,PER,21.095,210,266,K0O4,,,Moise Kouame,R,191,FRA,16.148,838,24,6-2 6-4,3,R32,103,3,0,55,31,22,15,9,2,3,3,2,63,37,19,14,9,4,8
2025-7009,Aix-en-Provence,Clay,32,C,O,20250429,7,CG80,,,Borna Coric,R,188,CRO,28.454,104,576,H996,,,Pierre-Hugues Herbert,R,188,FRA,34.116,147,389,6-2 6-7(7) 6-1,3,R32,151,3,3,83,50,36,21,14,5,7,6,15,93,45,29,17,13,6,12
2025-7009,Aix-en-Provence,Clay,32,C,O,20250429,8,GE33,,,Daniel Elahi Galan,R,191,COL,28.862,115,521,HD68,,,Billy Harris,R,193,GBR,30.259,102,581,6-2 6-2,3,R32,66,4,0,40,33,27,5,8,0,0,2,3,51,18,13,13,8,5,9
2025-7009,Aix-en-Provence,Clay,32,C,O,20250429,9,N0BS,,,Mariano Navone,R,178,ARG,24.167,85,750,BK24,,,Gregoire Barrere,R,183,FRA,31.198,220,257,7-6(3) 6-0,3,R32,70,5,4,45,28,26,10,9,0,1,1,4,61,29,16,15,9,4,8
2025-7009,Aix-en-Provence,Clay,32,C,O,20250429,10,O522,,,Reilly Opelka,R,211,USA,27.669,103,579,J0AZ,,,Kyrian Jacquet,R,175,FRA,23.967,152,382,4-6 6-3 6-2,3,R32,104,12,3,67,33,31,23,14,1,2,2,3,92,54,40,16,13,10,13
2025-7009,Aix-en-Provence,Clay,32,C,O,20250429,11,VA25,,,Valentin Vacherot,R,193,MON,26.45,223,251,G0IX,,,Arthur Gea,R,180,FRA,20.32,314,162,7-5 6-3,3,R32,97,4,2,56,32,27,13,10,2,3,3,4,75,37,26,15,11,5,9
2025-7009,Aix-en-Provence,Clay,32,C,O,20250429,12,W367,,,Stan Wawrinka,R,183,SUI,40.088,158,355,BV16,,,Ugo Blanchet,R,175,FRA,26.313,182,296,6-4 6-3,3,R32,86,3,3,54,29,21,12,9,1,3,1,6,63,25,17,14,10,6,11
2025-7009,Aix-en-Provence,Clay,32,C,O,20250429,13,W367,,,Stan Wawrinka,R,183,SUI,40.088,158,355,P09Z,1,,Alexei Popyrin,R,196,AUS,25.733,26,1860,6-3 3-6 6-1,3,R16,112,3,1,77,55,37,16,13,4,5,9,4,77,39,33,15,12,5,8
2025-7009,Aix-en-Provence,Clay,32,C,O,20250429,14,B0ID,,,Ignacio Buse,R,183,PER,21.095,210,266,D0FJ,2,,Luciano Darderi,R,183,ITA,23.203,46,1229,6-0 6-4,3,R16,76,4,0,44,30,23,11,8,2,2,2,1,64,34,20,12,8,9,13
2025-7009,Aix-en-Provence,Clay,32,C,O,20250429,15,N0BS,,,Mariano Navone,R,178,ARG,24.167,85,750,HB64,3,,Quentin Halys,R,191,FRA,28.507,52,1005,6-2 6-4,3,R16,85,1,2,50,31,24,13,9,2,2,1,2,63,38,27,7,9,3,6
2025-7009,Aix-en-Provence,Clay,32,C,O,20250429,16,VA25,,,Valentin Vacherot,R,193,MON,26.45,223,251,MU94,4,,Jaume Munar,R,183,ESP,27.984,53,1002,7-6(2) 6-2,3,R16,120,7,1,71,52,34,11,10,3,5,2,5,83,46,27,15,10,6,10
2025-7009,Aix-en-Provence,Clay,32,C,O,20250429,17,CG80,,,Borna Coric,R,188,CRO,28.454,104,576,RC91,6,,Arthur Rinderknech,R,196,FRA,29.769,76,809,7-6(3) 6-4,3,R16,122,0,1,66,41,33,16,11,2,3,9,5,86,49,35,16,11,4,6
2025-7009,Aix-en-Provence,Clay,32,C,O,20250429,18,O522,,,Reilly Opelka,R,211,USA,27.669,103,579,MW02,8,,Corentin Moutet,L,180,FRA,26.029,82,759,7-6(3) 7-6(3),3,R16,126,10,1,82,48,41,19,12,1,2,3,1,78,50,39,16,12,3,4
2025-7009,Aix-en-Provence,Clay,32,C,O,20250429,19,B0NN,,,Nishesh Basavareddy,R,180,USA,19.992,107,571,R772,,,Albert Ramos-Vinolas,L,188,ESP,37.281,233,242,7-5 7-5,3,R16,115,5,4,73,41,32,17,12,2,3,2,1,74,48,35,9,12,2,5
2025-7009,Aix-en-Provence,Clay,32,C,O,20250429,20,GH92,,,Borna Gojo,R,196,CRO,27.168,353,141,GE33,,,Daniel Elahi Galan,R,191,COL,28.862,115,521,4-6 7-6(5) 7-5,3,R16,144,15,1,107,75,60,15,17,8,11,8,4,89,51,42,23,17,0,3
2025-7009,Aix-en-Provence,Clay,32,C,O,20250429,21,B0ID,,,Ignacio Buse,R,183,PER,21.095,210,266,O522,,,Reilly Opelka,R,211,USA,27.669,103,579,7-6(4) 2-3 RET,3,QF,78,3,0,43,29,25,11,8,0,0,3,2,57,35,28,12,9,1,1
2025-7009,Aix-en-Provence,Clay,32,C,O,20250429,22,CG80,,,Borna Coric,R,188,CRO,28.454,104,576,N0BS,,,Mariano Navone,R,178,ARG,24.167,85,750,7-5 6-4,3,QF,129,1,4,71,39,28,14,11,1,4,0,2,75,49,27,12,11,7,12
2025-7009,Aix-en-Provence,Clay,32,C,O,20250429,23,GH92,,,Borna Gojo,R,196,CRO,27.168,353,141,VA25,,,Valentin Vacherot,R,193,MON,26.45,223,251,6-2 6-3,3,QF,75,5,0,61,38,29,14,9,3,3,3,3,50,28,21,7,8,6,9
2025-7009,Aix-en-Provence,Clay,32,C,O,20250429,24,W367,,,Stan Wawrinka,R,183,SUI,40.088,158,355,B0NN,,,Nishesh Basavareddy,R,180,USA,19.992,107,571,7-6(8) 6-3,3,QF,116,8,2,68,40,32,14,10,1,2,1,5,90,50,33,17,11,3,6
2025-7009,Aix-en-Provence,Clay,32,C,O,20250429,25,CG80,,,Borna Coric,R,188,CRO,28.454,104,576,B0ID,,,Ignacio Buse,R,183,PER,21.095,210,266,4-6 6-2 6-3,3,SF,154,5,0,85,52,34,17,14,4,7,5,3,79,51,33,12,13,1,6
2025-7009,Aix-en-Provence,Clay,32,C,O,20250429,26,W367,,,Stan Wawrinka,R,183,SUI,40.088,158,355,GH92,,,Borna Gojo,R,196,CRO,27.168,353,141,6-4 6-4,3,SF,99,6,4,71,33,27,20,10,8,9,2,2,56,31,25,10,10,4,7
2025-7009,Aix-en-Provence,Clay,32,C,O,20250429,27,CG80,,,Borna Coric,R,188,CRO,28.454,104,576,W367,,,Stan Wawrinka,R,183,SUI,40.088,158,355,6-7(5) 6-3 7-6(4),3,F,191,5,0,105,70,53,20,17,2,3,10,1,110,64,47,24,16,7,9
2025-2921,Wuxi,Hard,32,C,O,20250505,1,I0B0,,,Andre Ilagan,L,173,USA,24.465,380,127,W09E,1,,Adam Walton,R,183,AUS,26.051,88,718,6-4 4-1 RET,3,R32,60,2,1,38,22,18,10,8,0,1,0,8,43,20,15,8,7,5,8
2025-2921,Wuxi,Hard,32,C,O,20250505,2,S0N0,2,,Tristan Schoolkate,R,183,AUS,24.186,129,463,J553,,,Omar Jasika,L,183,AUS,27.964,209,271,7-6(4) 7-6(8),3,R32,123,3,6,95,51,40,18,12,3,6,5,5,81,49,36,11,12,2,5
2025-2921,Wuxi,Hard,32,C,O,20250505,3,A0GC,3,,Terence Atmane,L,193,FRA,23.318,119,503,I305,,,Ilya Ivashka,R,193,BLR,31.192,953,17,7-6(2) 4-6 6-2,3,R32,154,5,2,91,60,47,14,15,2,5,4,1,113,72,48,19,15,9,13
2025-2921,Wuxi,Hard,32,C,O,20250505,4,SX90,,,Fajing Sun,R,178,CHN,28.586,289,184,TC01,4,,Li Tu,R,183,AUS,28.939,168,333,7-5 6-1,3,R32,102,3,1,73,44,29,15,10,1,3,2,3,60,28,17,12,9,5,10
2025-2921,Wuxi,Hard,32,C,O,20250505,5,N09U,,,Rio Noguchi,R,168,JPN,26.352,255,220,GF95,5,,Hugo Grenier,R,196,FRA,29.117,172,317,6-2 3-6 6-0,3,R32,116,0,1,76,47,31,14,11,6,9,4,4,73,40,23,13,12,6,13
2025-2921,Wuxi,Hard,32,C,O,20250505,6,PH78,,,Ryan Peniston,L,180,GBR,29.484,310,170,M0OQ,6,,James McCabe,R,188,AUS,21.834,177,308,6-2 3-2 RET,3,R32,68,1,0,35,20,16,12,6,1,1,2,4,54,27,17,10,7,5,8
2025-2921,Wuxi,Hard,32,C,O,20250505,7,LB66,7,,Constant Lestienne,R,180,FRA,32.95,184,299,U134,,,Yasutaka Uchiyama,R,183,JPN,32.747,205,272,6-1 6-3,3,R32,65,6,4,43,31,25,6,8,2,3,0,5,50,21,9,13,8,4,9
2025-2921,Wuxi,Hard,32,C,O,20250505,8,K0E6,8,,Alibek Kachmazov,R,185,RUS,22.716,161,348,H09F,,,Yu Hsiou Hsu,R,178,TPE,26.092,237,237,6-3 6-4,3,R32,83,1,5,52,32,24,9,10,0,2,0,2,58,39,23,9,9,3,7
2025-2921,Wuxi,Hard,32,C,O,20250505,9,BI81,,,Alex Bolt,L,183,AUS,32.329,236,237,Z09K,,,Evan Zhu,R,185,USA,26.721,610,55,6-3 6-4,3,R32,66,3,1,56,31,25,16,10,0,0,3,3,49,28,20,13,9,0,2
2025-2921,Wuxi,Hard,32,C,O,20250505,10,C0AJ,,,Jie Cui,R,183,CHN,27.277,298,176,B0EK,,,Moerani Bouzige,R,180,AUS,25.812,381,127,7-5 4-6 6-4,3,R32,161,7,7,103,56,41,26,16,4,6,12,6,96,49,36,25,16,5,8
2025-2921,Wuxi,Hard,32,C,O,20250505,11,E768,,,Antoine Escoffier,R,185,FRA,33.18,218,260,S0K7,,,Zachary Svajda,R,175,USA,22.431,229,244,6-2 6-1,3,R32,72,4,5,53,26,19,14,7,3,4,1,1,60,34,15,11,8,6,12
2025-2921,Wuxi,Hard,32,C,O,20250505,12,L733,,,Zhe Li,R,183,CHN,38.623,1939,1,I330,,,Shintaro Imai,R,178,JPN,31.658,513,76,6-3 7-6(5),3,R32,101,4,4,82,49,36,16,11,3,4,4,3,61,36,24,14,10,0,2
2025-2921,Wuxi,Hard,32,C,O,20250505,13,S0O6,,,Ilia Simakin,R,193,RUS,21.522,264,215,TG30,,,Rigele Te,R,188,CHN,27.57,494,84,7-5 3-3 RET,3,R32,74,5,3,50,28,24,11,9,4,5,3,2,55,34,21,13,9,1,3
2025-2921,Wuxi,Hard,32,C,O,20250505,14,TF58,,,Yusuke Takahashi,R,170,JPN,27.548,469,95,C0Q4,,,Charles Chen,R,191,CHN,17.374,1095,11,6-2 6-3,3,R32,64,1,2,48,28,22,12,9,2,3,1,2,41,20,14,9,8,0,4
2025-2921,Wuxi,Hard,32,C,O,20250505,15,WB08,,,Yosuke Watanuki,R,180,JPN,27.064,189,292,Z0CQ,,,Yi Zhou,R,193,CHN,20.142,369,133,1-6 7-6(3) 6-4,3,R32,146,6,10,96,40,30,28,14,5,8,6,2,109,67,47,22,15,8,10
2025-2921,Wuxi,Hard,32,C,O,20250505,16,W857,,,Tung-Lin Wu,R,188,TPE,26.982,260,218,LI10,,,Christian Langmo,R,191,USA,28.925,321,161,6-3 6-3,3,R32,92,2,2,70,46,33,11,9,9,10,4,3,59,32,22,9,9,4,8
2025-2921,Wuxi,Hard,32,C,O,20250505,17,C0AJ,,,Jie Cui,R,183,CHN,27.277,298,176,S0N0,2,,Tristan Schoolkate,R,183,AUS,24.186,129,463,6-4 6-2,3,R16,101,7,0,53,37,28,11,9,1,1,5,0,69,36,22,18,9,7,10
2025-2921,Wuxi,Hard,32,C,O,20250505,18,A0GC,3,,Terence Atmane,L,193,FRA,23.318,119,503,W857,,,Tung-Lin Wu,R,188,TPE,26.982,260,218,6-4 7-6(6),3,R16,103,7,0,64,34,27,16,11,4,6,1,3,86,60,38,12,11,4,7
2025-2921,Wuxi,Hard,32,C,O,20250505,19,BI81,,,Alex Bolt,L,183,AUS,32.329,236,237,LB66,7,,Constant Lestienne,R,180,FRA,32.95,184,299,6-3 1-6 6-2,3,R16,107,9,3,91,59,38,15,12,8,11,6,9,78,40,29,16,12,3,7
2025-2921,Wuxi,Hard,32,C,O,20250505,20,S0O6,,,Ilia Simakin,R,193,RUS,21.522,264,215,K0E6,8,,Alibek Kachmazov,R,185,RUS,22.716,161,348,6-4 6-2,3,R16,83,4,2,51,35,26,7,9,1,3,5,3,64,36,20,11,9,8,13
2025-2921,Wuxi,Hard,32,C,O,20250505,21,N09U,,,Rio Noguchi,R,168,JPN,26.352,255,220,L733,,,Zhe Li,R,183,CHN,38.623,1939,1,6-2 6-4,3,R16,66,1,1,46,29,24,7,9,1,3,1,1,51,43,21,4,9,2,7
2025-2921,Wuxi,Hard,32,C,O,20250505,22,PH78,,,Ryan Peniston,L,180,GBR,29.484,310,170,WB08,,,Yosuke Watanuki,R,180,JPN,27.064,189,292,7-5 4-6 6-3,3,R16,164,2,6,100,62,44,17,16,1,5,6,14,121,50,35,31,15,15,20
2025-2921,Wuxi,Hard,32,C,O,20250505,23,SX90,,,Fajing Sun,R,178,CHN,28.586,289,184,E768,,,Antoine Escoffier,R,185,FRA,33.18,218,260,6-7(8) 6-1 7-5,3,R16,164,8,3,105,69,50,20,16,3,5,8,7,102,54,32,27,15,6,11
2025-2921,Wuxi,Hard,32,C,O,20250505,24,TF58,,,Yusuke Takahashi,R,170,JPN,27.548,469,95,I0B0,,,Andre Ilagan,L,173,USA,24.465,380,127,7-6(3) 4-6 6-3,3,R16,152,4,4,104,55,40,24,16,1,5,4,2,94,59,38,18,15,5,9
2025-2921,Wuxi,Hard,32,C,O,20250505,25,A0GC,3,,Terence Atmane,L,193,FRA,23.318,119,503,N09U,,,Rio Noguchi,R,168,JPN,26.352,255,220,6-4 6-2,3,QF,69,8,4,53,29,23,13,9,0,1,1,0,51,35,22,7,9,1,5
2025-2921,Wuxi,Hard,32,C,O,20250505,26,BI81,,,Alex Bolt,L,183,AUS,32.329,236,237,C0AJ,,,Jie Cui,R,183,CHN,27.277,298,176,6-2 6-3,3,QF,68,11,1,49,27,23,16,9,4,4,0,1,41,28,18,5,8,0,3
2025-2921,Wuxi,Hard,32,C,O,20250505,27,S0O6,,,Ilia Simakin,R,193,RUS,21.522,264,215,TF58,,,Yusuke Takahashi,R,170,JPN,27.548,469,95,6-2 6-2,3,QF,55,0,1,44,22,19,12,8,1,2,0,2,42,29,14,3,8,2,7
2025-2921,Wuxi,Hard,32,C,O,20250505,28,SX90,,,Fajing Sun,R,178,CHN,28.586,289,184,PH78,,,Ryan Peniston,L,180,GBR,29.484,310,170,6-4 6-0,3,QF,82,3,1,43,26,20,9,8,0,1,1,3,55,29,14,11,8,5,10
2025-2921,Wuxi,Hard,32,C,O,20250505,29,BI81,,,Alex Bolt,L,183,AUS,32.329,236,237,A0GC,3,,Terence Atmane,L,193,FRA,23.318,119,503,6-3 6-4,3,SF,86,2,1,55,35,24,16,10,3,4,2,1,66,31,20,16,9,9,12
2025-2921,Wuxi,Hard,32,C,O,20250505,30,SX90,,,Fajing Sun,R,178,CHN,28.586,289,184,S0O6,,,Ilia Simakin,R,193,RUS,21.522,264,215,3-6 6-2 6-3,3,SF,115,2,3,80,43,30,22,13,9,11,6,1,72,43,30,15,13,2,6
2025-2921,Wuxi,Hard,32,C,O,20250505,31,SX90,,,Fajing Sun,R,178,CHN,28.586,289,184,BI81,,,Alex Bolt,L,183,AUS,32.329,236,237,7-6(4) 6-4,3,F,98,3,1,60,40,35,15,11,0,0,8,4,62,44,38,8,11,1,2
2025-2923,Santos,Clay,32,C,O,20250505,1,G0DH,1,,Alvaro Guillen Meza,R,175,ECU,22.338,216,263,KH56,,,Zdenek Kolar,R,183,CZE,28.569,463,97,6-4 6-4,3,R32,107,2,4,55,36,22,6,10,0,4,0,5,68,29,14,18,10,8,14
2025-2923,Santos,Clay,32,C,O,20250505,2,ML57,,,Gianluca Mager,R,188,ITA,30.426,451,99,V836,2,,Juan Pablo Varillas,R,185,PER,29.58,241,231,6-3 6-2,3,R32,76,4,2,56,31,22,15,9,2,3,1,3,50,24,13,12,8,3,7
2025-2923,Santos,Clay,32,C,O,20250505,3,S0EK,3,,Matias Soto,R,170,CHI,26.023,242,230,SL94,,,Pedro Sakamoto,R,178,BRA,31.849,353,143,6-7(8) 6-2 6-0,3,R32,149,11,2,94,54,39,23,13,3,4,2,5,115,71,42,20,13,10,16
2025-2923,Santos,Clay,32,C,O,20250505,4,A09U,,,Nicolas Alvarez Varona,R,188,ESP,23.964,314,167,B0GR,4,,Gonzalo Bueno,R,173,PER,21.087,327,158,6-4 6-2,3,R32,86,3,4,56,32,23,11,9,1,4,0,3,57,38,19,6,9,7,13
2025-2923,Santos,Clay,32,C,O,20250505,5,CG07,,,Hernan Casanova,R,178,ARG,31.242,503,79,RH59,5,,Santiago Rodriguez Taverna,R,191,ARG,25.804,196,282,6-7(3) 6-3 5-1 RET,3,R32,149,0,1,96,71,41,15,14,10,14,7,13,107,50,33,21,13,9,16
2025-2923,Santos,Clay,32,C,O,20250505,6,T0DM,6,,Juan Bautista Torres,R,178,ARG,23.091,273,197,M0ZW,,,Bruno Malacarne,R,,BRA,17.996,,,6-4 7-6(4),3,R32,115,2,4,64,44,29,9,11,2,6,0,6,77,42,19,17,11,2,7
2025-2923,Santos,Clay,32,C,O,20250505,7,P0IY,7,,Juan Carlos Prado Angelo,R,185,BOL,20.164,311,170,H0C9,,,Arklon Huertas Del Pino Cordova,R,183,PER,30.804,1250,6,6-3 6-3,3,R32,87,5,2,59,28,22,15,9,3,5,2,1,54,27,12,14,9,5,10
2025-2923,Santos,Clay,32,C,O,20250505,8,O660,8,,Genaro Alberto Olivieri,R,175,ARG,26.752,286,186,R0A7,,,Joao Lucas Reis Da Silva,R,178,BRA,25.109,351,144,2-6 6-4 6-2,3,R32,126,1,1,74,56,39,10,13,1,4,0,3,79,45,29,20,13,7,11
2025-2923,Santos,Clay,32,C,O,20250505,9,B0FI,,,Pedro Boscardin Dias,R,180,BRA,22.267,398,119,PC09,,,Jose Pereira,R,180,BRA,34.272,600,56,6-4 6-3,3,R32,91,0,4,53,29,19,13,9,4,7,4,3,63,38,24,6,10,6,12
2025-2923,Santos,Clay,32,C,O,20250505,10,KC29,,,Nicolas Kicker,R,178,ARG,32.717,454,98,LA54,,,Wilson Leite,R,178,BRA,33.495,736,34,6-3 6-4,3,R32,88,4,0,48,34,29,11,10,0,1,3,1,56,35,25,8,9,3,6
2025-2923,Santos,Clay,32,C,O,20250505,11,K0HN,,,Bruno Kuzuhara,R,175,USA,21.092,539,71,HG90,,,Conner Huertas del Pino,R,188,PER,29.374,559,64,6-4 3-6 6-1,3,R32,165,0,0,109,73,40,20,13,12,16,4,7,100,62,34,17,13,9,15
2025-2923,Santos,Clay,32,C,O,20250505,12,M0OH,,,Lautaro Midon,R,180,ARG,21.101,316,164,S0GZ,,,Nikolas Sanchez Izquierdo,R,185,ESP,26.141,293,179,6-4 6-2,3,R32,88,0,0,58,29,23,15,9,4,5,0,3,53,30,16,11,9,4,8
2025-2923,Santos,Clay,32,C,O,20250505,13,O376,,,Renzo Olivo,R,178,ARG,33.139,354,143,B0I5,,,Blaise Bicknell,R,191,JAM,23.439,1031,13,3-6 6-3 6-3,3,R32,115,0,1,83,40,26,26,13,4,7,1,3,81,55,33,13,14,3,8
2025-2923,Santos,Clay,32,C,O,20250505,14,P0DF,,,Matheus Pucinelli De Almeida,R,183,BRA,24.093,306,171,R09V,,,Eduardo Ribeiro,R,178,BRA,27.135,510,77,6-7(4) 6-2 6-0,3,R32,122,1,5,85,54,41,15,13,1,2,1,0,83,42,27,20,13,3,9
2025-2923,Santos,Clay,32,C,O,20250505,15,R0BT,,,Franco Roncadelli,L,185,URU,25.243,367,134,K0MX,,,Enzo Kohlmann De Freitas,R,178,BRA,18.634,1130,9,4-6 6-1 5-0 RET,3,R32,111,0,2,61,41,28,11,11,2,5,3,1,80,58,24,12,11,5,12
2025-2923,Santos,Clay,32,C,O,20250505,16,V821,,,Gonzalo Villanueva,R,175,ARG,30.308,428,109,D0AR,,,Mateus Alves,R,193,BRA,24.279,322,161,3-6 7-5 7-6(2),3,R32,193,8,0,99,70,50,16,16,7,10,12,7,109,48,36,31,17,1,4
2025-2923,Santos,Clay,32,C,O,20250505,17,G0DH,1,,Alvaro Guillen Meza,R,175,ECU,22.338,216,263,K0HN,,,Bruno Kuzuhara,R,175,USA,21.092,539,71,1-6 6-4 6-4,3,R16,149,0,2,88,73,36,6,13,3,10,0,4,85,54,30,13,14,0,7
2025-2923,Santos,Clay,32,C,O,20250505,18,R0BT,,,Franco Roncadelli,L,185,URU,25.243,367,134,S0EK,3,,Matias Soto,R,170,CHI,26.023,242,230,7-6(2) 6-4,3,R16,153,3,0,82,59,39,10,11,5,8,5,4,86,49,31,13,11,2,6
2025-2923,Santos,Clay,32,C,O,20250505,19,V821,,,Gonzalo Villanueva,R,175,ARG,30.308,428,109,T0DM,6,,Juan Bautista Torres,R,178,ARG,23.091,273,197,6-1 1-6 7-5,3,R16,155,0,2,82,54,32,15,13,2,6,1,5,100,62,37,18,13,8,13
2025-2923,Santos,Clay,32,C,O,20250505,20,O376,,,Renzo Olivo,R,178,ARG,33.139,354,143,P0IY,7,,Juan Carlos Prado Angelo,R,185,BOL,20.164,311,170,5-7 7-5 6-1,3,R16,172,5,5,119,61,43,27,16,15,18,2,6,112,62,41,20,15,11,16
2025-2923,Santos,Clay,32,C,O,20250505,21,M0OH,,,Lautaro Midon,R,180,ARG,21.101,316,164,O660,8,,Genaro Alberto Olivieri,R,175,ARG,26.752,286,186,6-4 7-5,3,R16,114,3,0,78,54,37,15,11,8,9,0,2,71,52,33,9,11,6,9
2025-2923,Santos,Clay,32,C,O,20250505,22,KC29,,,Nicolas Kicker,R,178,ARG,32.717,454,98,CG07,,,Hernan Casanova,R,178,ARG,31.242,503,79,1-6 6-3 7-5,3,R16,40,0,1,29,19,11,4,4,3,5,0,0,24,20,15,3,4,0,0
2025-2923,Santos,Clay,32,C,O,20250505,23,ML57,,,Gianluca Mager,R,188,ITA,30.426,451,99,B0FI,,,Pedro Boscardin Dias,R,180,BRA,22.267,398,119,7-6(4) 7-6(4),3,R16,121,4,3,87,53,38,19,12,6,7,5,4,82,50,33,19,12,3,4
2025-2923,Santos,Clay,32,C,O,20250505,24,P0DF,,,Matheus Pucinelli De Almeida,R,183,BRA,24.093,306,171,A09U,,,Nicolas Alvarez Varona,R,188,ESP,23.964,314,167,6-1 4-6 6-1,3,R16,154,6,6,97,51,34,23,12,9,11,7,8,86,40,26,17,12,6,12
2025-2923,Santos,Clay,32,C,O,20250505,25,G0DH,1,,Alvaro Guillen Meza,R,175,ECU,22.338,216,263,O376,,,Renzo Olivo,R,178,ARG,33.139,354,143,6-3 6-3,3,QF,109,0,2,66,46,31,12,9,8,9,3,3,67,32,19,15,9,6,10
2025-2923,Santos,Clay,32,C,O,20250505,26,KC29,,,Nicolas Kicker,R,178,ARG,32.717,454,98,ML57,,,Gianluca Mager,R,188,ITA,30.426,451,99,6-4 7-6(0),3,QF,101,4,2,61,44,34,10,11,3,5,3,4,77,40,31,11,11,6,9
2025-2923,Santos,Clay,32,C,O,20250505,27,P0DF,,,Matheus Pucinelli De Almeida,R,183,BRA,24.093,306,171,M0OH,,,Lautaro Midon,R,180,ARG,21.101,316,164,6-2 6-3,3,QF,78,2,5,51,32,27,9,9,1,2,3,1,54,34,19,8,8,3,7
2025-2923,Santos,Clay,32,C,O,20250505,28,R0BT,,,Franco Roncadelli,L,185,URU,25.243,367,134,V821,,,Gonzalo Villanueva,R,175,ARG,30.308,428,109,6-4 6-2,3,QF,101,0,0,53,36,25,9,9,2,4,1,5,60,34,21,8,9,2,7
2025-2923,Santos,Clay,32,C,O,20250505,29,G0DH,1,,Alvaro Guillen Meza,R,175,ECU,22.338,216,263,R0BT,,,Franco Roncadelli,L,185,URU,25.243,367,134,6-2 7-6(4),3,SF,131,2,3,77,57,31,14,10,7,11,0,1,65,48,24,7,10,3,9
2025-2923,Santos,Clay,32,C,O,20250505,30,P0DF,,,Matheus Pucinelli De Almeida,R,183,BRA,24.093,306,171,KC29,,,Nicolas Kicker,R,178,ARG,32.717,454,98,7-5 7-5,3,SF,46,2,2,39,24,16,4,5,1,3,0,0,21,15,7,4,4,1,3
2025-2923,Santos,Clay,32,C,O,20250505,31,G0DH,1,,Alvaro Guillen Meza,R,175,ECU,22.338,216,263,P0DF,,,Matheus Pucinelli De Almeida,R,183,BRA,24.093,306,171,6-3 7-6(12),3,F,113,1,1,84,67,48,9,11,5,6,3,3,73,50,34,14,10,2,4
2025-600,Prague,Clay,32,C,O,20250505,1,B0OV,,,Petr Brunclik,L,188,CZE,18.801,566,63,M0HU,1,,Shintaro Mochizuki,R,175,JPN,21.925,155,370,6-3 4-6 6-2,3,R32,135,6,11,93,47,33,20,14,7,11,1,8,90,53,31,16,13,8,14
2025-600,Prague,Clay,32,C,O,20250505,2,L0IL,2,,Martin Landaluce,R,193,ESP,19.321,147,391,R09X,,,Jurij Rodionov,L,191,AUT,25.971,228,246,5-7 6-2 7-5,3,R32,151,2,8,103,72,46,12,16,5,11,2,10,115,64,38,18,16,9,17
2025-600,Prague,Clay,32,C,O,20250505,3,B0PG,3,,Alexander Blockx,R,193,BEL,20.074,145,398,HF80,,,Hady Habib,R,188,LBN,26.705,159,358,6-4 6-2,3,R32,69,1,3,54,32,25,12,9,2,3,0,5,58,31,17,12,9,2,6
2025-600,Prague,Clay,32,C,O,20250505,4,G0GW,,,Sascha Gueymard Wayenburg,R,191,FRA,21.76,251,222,PG20,4,,Dmitry Popko,R,191,KAZ,28.528,163,345,7-6(3) 4-6 6-2,3,R32,157,3,12,95,58,39,12,15,3,9,1,7,115,56,33,23,15,15,22
2025-600,Prague,Clay,32,C,O,20250505,5,BG23,5,,Nikoloz Basilashvili,R,185,GEO,33.196,157,361,C0AZ,,,Antoine Cornut-Chauvinc,R,188,FRA,24.827,548,67,6-2 1-6 6-4,3,R32,105,3,17,110,44,25,31,13,12,18,6,6,64,26,18,15,12,1,7
2025-600,Prague,Clay,32,C,O,20250505,6,B0U4,,,Nicolai Budkov Kjaer,R,191,NOR,18.675,307,170,M0HT,6,,Alejandro Moro Canas,R,183,ESP,24.408,197,280,7-5 6-1,3,R32,89,0,3,52,29,23,12,9,1,2,0,4,68,40,21,14,10,6,11
2025-600,Prague,Clay,32,C,O,20250505,7,K926,7,,Mikhail Kukushkin,R,183,KAZ,37.358,165,341,M0SE,,,Maxim Mrva,R,178,CZE,17.758,619,53,6-0 5-7 6-4,3,R32,130,2,1,100,57,37,19,14,3,8,2,10,92,49,29,15,14,12,20
2025-600,Prague,Clay,32,C,O,20250505,8,D0H9,,,Guy Den Ouden,R,183,NED,23.075,225,249,N897,8,,Sumit Nagal,R,178,IND,27.718,169,332,6-1 6-1,3,R32,71,0,2,45,26,17,11,7,3,5,0,4,52,32,15,3,7,2,9
2025-600,Prague,Clay,32,C,O,20250505,9,B0OU,,,Hynek Barton,R,183,CZE,21.081,366,134,N0CS,,,Lukas Neumayer,R,183,AUT,22.661,179,305,4-6 6-1 6-2,3,R32,99,2,1,69,36,24,20,13,0,3,1,5,82,57,30,11,12,7,13
2025-600,Prague,Clay,32,C,O,20250505,10,CD00,,,Maxime Chazal,R,175,FRA,32.03,358,142,Z09Z,,,Beibit Zhukayev,R,198,KAZ,24.561,220,255,4-6 7-5 7-5,3,R32,152,1,6,99,70,50,15,17,0,3,15,3,104,58,43,24,17,6,10
2025-600,Prague,Clay,32,C,O,20250505,11,CH12,,,Jan Choinski,R,196,GBR,28.901,187,295,R0GO,,,Henrique Rocha,R,180,POR,21.079,195,283,6-3 7-5,3,R32,83,0,2,66,41,31,14,11,3,4,3,4,59,34,23,14,10,2,5
2025-600,Prague,Clay,32,C,O,20250505,12,E687,,,Daniel Evans,R,175,GBR,34.951,190,289,HG86,,,Lloyd Harris,R,193,RSA,28.192,224,250,6-1 7-5,3,R32,96,0,4,69,46,31,11,10,1,3,3,3,57,29,20,7,9,7,12
2025-600,Prague,Clay,32,C,O,20250505,13,HB48,,,Calvin Hemery,R,191,FRA,30.267,176,313,SS25,,,Vitaliy Sachko,R,188,UKR,27.808,254,220,6-4 7-5,3,R32,122,2,1,75,50,31,15,11,9,11,0,6,95,51,32,19,11,9,13
2025-600,Prague,Clay,32,C,O,20250505,14,KI63,,,Lukas Klein,R,193,SVK,27.121,210,269,H09N,,,August Holmgren,R,188,DEN,27.036,188,293,6-3 7-5,3,R32,97,4,5,59,33,24,14,11,2,5,5,6,75,44,27,11,10,9,14
2025-600,Prague,Clay,32,C,O,20250505,15,M0JZ,,,Filip Misolic,R,180,AUT,23.74,180,301,K0JH,,,Jan Kumstat,R,196,CZE,18.338,1183,8,6-4 7-5,3,R32,93,2,3,76,45,25,14,11,9,14,2,5,69,39,22,9,11,3,10
2025-600,Prague,Clay,32,C,O,20250505,16,R0KD,,,Mees Rottgering,L,180,NED,17.829,812,26,R0FP,,,Daniel Rincon,L,185,ESP,22.324,212,268,6-4 7-6(5),3,R32,108,2,4,71,45,27,11,11,2,5,3,1,84,51,30,13,11,3,7
2025-600,Prague,Clay,32,C,O,20250505,17,L0IL,2,,Martin Landaluce,R,193,ESP,19.321,147,391,E687,,,Daniel Evans,R,175,GBR,34.951,190,289,6-3 6-3,3,R16,87,1,6,56,32,21,10,9,3,7,0,8,61,29,14,12,9,4,11
2025-600,Prague,Clay,32,C,O,20250505,18,B0PG,3,,Alexander Blockx,R,193,BEL,20.074,145,398,CH12,,,Jan Choinski,R,196,GBR,28.901,187,295,4-6 6-2 7-6(1),3,R16,170,5,1,101,55,37,22,15,6,11,3,8,127,72,42,25,15,13,19
2025-600,Prague,Clay,32,C,O,20250505,19,M0JZ,,,Filip Misolic,R,180,AUT,23.74,180,301,BG23,5,,Nikoloz Basilashvili,R,185,GEO,33.196,157,361,6-0 7-5,3,R16,64,0,0,46,24,19,12,9,1,3,1,8,49,26,17,5,9,2,8
2025-600,Prague,Clay,32,C,O,20250505,20,KI63,,,Lukas Klein,R,193,SVK,27.121,210,269,K926,7,,Mikhail Kukushkin,R,183,KAZ,37.358,165,341,W/O,3,R16,,,,,,,,,,,,,,,,,,,
2025-600,Prague,Clay,32,C,O,20250505,21,B0U4,,,Nicolai Budkov Kjaer,R,191,NOR,18.675,307,170,HB48,,,Calvin Hemery,R,191,FRA,30.267,176,313,6-2 6-3,3,R16,84,1,0,44,23,15,13,8,3,5,0,4,65,30,17,10,9,7,13
2025-600,Prague,Clay,32,C,O,20250505,22,CD00,,,Maxime Chazal,R,175,FRA,32.03,358,142,B0OV,,,Petr Brunclik,L,188,CZE,18.801,566,63,6-4 6-3,3,R16,89,0,6,61,39,27,10,10,4,7,3,2,48,33,18,4,9,1,6
2025-600,Prague,Clay,32,C,O,20250505,23,D0H9,,,Guy Den Ouden,R,183,NED,23.075,225,249,B0OU,,,Hynek Barton,R,183,CZE,21.081,366,134,6-3 6-2,3,R16,85,0,3,66,42,30,8,9,9,11,2,3,62,37,21,8,8,3,8
2025-600,Prague,Clay,32,C,O,20250505,24,R0KD,,,Mees Rottgering,L,180,NED,17.829,812,26,G0GW,,,Sascha Gueymard Wayenburg,R,191,FRA,21.76,251,222,6-2 6-2,3,R16,55,2,2,40,24,21,11,8,0,0,1,4,45,26,13,8,8,1,5
2025-600,Prague,Clay,32,C,O,20250505,25,L0IL,2,,Martin Landaluce,R,193,ESP,19.321,147,391,B0U4,,,Nicolai Budkov Kjaer,R,191,NOR,18.675,307,170,6-4 6-3,3,QF,79,1,3,53,31,23,13,9,3,4,1,8,62,34,21,11,10,1,5
2025-600,Prague,Clay,32,C,O,20250505,26,D0H9,,,Guy Den Ouden,R,183,NED,23.075,225,249,B0PG,3,,Alexander Blockx,R,193,BEL,20.074,145,398,3-6 6-4 6-1,3,QF,109,0,4,72,43,30,14,13,1,5,1,3,94,52,33,16,13,7,13
2025-600,Prague,Clay,32,C,O,20250505,27,KI63,,,Lukas Klein,R,193,SVK,27.121,210,269,CD00,,,Maxime Chazal,R,175,FRA,32.03,358,142,7-6(4) 6-3,3,QF,132,2,9,83,43,32,13,11,8,12,0,6,88,65,32,10,10,9,14
2025-600,Prague,Clay,32,C,O,20250505,28,M0JZ,,,Filip Misolic,R,180,AUT,23.74,180,301,R0KD,,,Mees Rottgering,L,180,NED,17.829,812,26,6-2 6-2,3,QF,84,0,5,51,23,17,17,8,3,4,0,2,58,30,17,10,8,7,12
2025-600,Prague,Clay,32,C,O,20250505,29,D0H9,,,Guy Den Ouden,R,183,NED,23.075,225,249,L0IL,2,,Martin Landaluce,R,193,ESP,19.321,147,391,6-0 7-6(5),3,SF,84,0,3,61,34,22,17,9,4,6,0,6,57,37,21,7,9,3,8
2025-600,Prague,Clay,32,C,O,20250505,30,M0JZ,,,Filip Misolic,R,180,AUT,23.74,180,301,KI63,,,Lukas Klein,R,193,SVK,27.121,210,269,7-6(4) 6-2,3,SF,98,1,4,67,44,28,13,10,4,6,4,7,76,51,32,8,10,5,9
2025-600,Prague,Clay,32,C,O,20250505,31,M0JZ,,,Filip Misolic,R,180,AUT,23.74,180,301,D0H9,,,Guy Den Ouden,R,183,NED,23.075,225,249,6-4 6-0,3,F,,,,,,,,,,,,,,,,,,,
2025-7707,Francavilla al Mare,Clay,32,C,O,20250505,1,J0AZ,1,,Kyrian Jacquet,R,175,FRA,23.984,150,382,P0ME,,,Luca Preda,R,201,ROU,19.129,924,19,6-3 6-3,3,R32,88,2,2,59,25,19,19,9,1,2,0,4,61,43,28,6,9,5,9
2025-7707,Francavilla al Mare,Clay,32,C,O,20250505,2,E0AC,,,Mathys Erhard,R,188,FRA,23.524,268,206,A0CJ,2,,Duje Ajdukovic,R,188,CRO,24.244,175,313,6-7(6) 6-4 6-3,3,R32,143,1,3,97,55,42,23,15,6,8,8,0,108,68,45,17,16,4,9
2025-7707,Francavilla al Mare,Clay,32,C,O,20250505,3,S0GR,3,,Timofey Skatov,R,173,KAZ,24.285,181,301,E0DD,,,Justin Engel,R,185,GER,17.593,345,147,6-4 2-6 6-4,3,R32,135,2,2,87,64,39,15,14,4,8,5,4,95,58,42,14,14,7,11
2025-7707,Francavilla al Mare,Clay,32,C,O,20250505,4,KC56,4,,Aslan Karatsev,R,185,RUS,31.666,191,288,TA12,,,Stefano Travaglia,R,185,ITA,33.352,309,170,6-2 7-5,3,R32,83,6,5,50,32,28,10,10,0,1,2,8,80,47,30,12,10,7,11
2025-7707,Francavilla al Mare,Clay,32,C,O,20250505,5,TA29,5,,Marco Trungelliti,R,178,ARG,35.258,183,300,CG04,,,Pedro Cachin,R,185,ARG,30.064,360,139,6-2 7-5,3,R32,84,0,3,59,32,22,12,10,7,10,1,5,56,30,18,6,10,3,9
2025-7707,Francavilla al Mare,Clay,32,C,O,20250505,6,V717,,,Alexey Vatutin,R,178,RUS,32.52,313,168,MJ98,6,,Facundo Mena,R,183,ARG,32.616,221,255,6-4 6-4,3,R32,89,3,1,54,36,27,8,10,2,4,1,2,71,36,21,15,10,7,11
2025-7707,Francavilla al Mare,Clay,32,C,O,20250505,7,L0GH,7,,Mark Lajal,R,191,EST,21.982,217,260,DG80,,,Enrico Dalla Valle,R,196,ITA,27.124,292,180,6-3 6-4,3,R32,92,3,1,65,46,35,12,10,6,6,0,1,53,43,27,6,9,3,5
2025-7707,Francavilla al Mare,Clay,32,C,O,20250505,8,A829,,,Radu Albot,R,175,MDA,35.48,277,194,B0ID,8,,Ignacio Buse,R,183,PER,21.112,171,318,6-3 7-6(2),3,R32,122,1,1,66,45,31,8,10,4,7,7,3,86,55,31,10,11,7,12
2025-7707,Francavilla al Mare,Clay,32,C,O,20250505,9,BU10,,,Jacopo Berrettini,R,191,ITA,26.437,336,151,B0MM,,,Edas Butvilas,R,191,LTU,20.783,213,268,6-2 6-4,3,R32,76,0,6,57,27,18,21,9,2,2,2,0,53,37,24,9,9,3,6
2025-7707,Francavilla al Mare,Clay,32,C,O,20250505,10,CG33,,,Kimmer Coppejans,R,178,BEL,31.239,275,195,CC66,,,Andrea Collarini,L,183,ARG,33.259,207,272,2-6 7-5 1-0 RET,3,R32,131,2,4,74,42,31,14,11,10,13,3,4,74,49,30,13,10,8,10
2025-7707,Francavilla al Mare,Clay,32,C,O,20250505,11,M0IF,,,Francesco Maestrelli,R,196,ITA,22.371,303,173,DF92,,,Corentin Denolly,L,188,FRA,27.912,284,187,7-5 7-5,3,R32,117,5,3,62,42,34,7,12,0,3,1,6,101,69,35,18,12,10,15
2025-7707,Francavilla al Mare,Clay,32,C,O,20250505,12,PD31,,,Benoit Paire,R,196,FRA,35.992,556,65,FC49,,,Giovanni Fonio,R,183,ITA,26.995,331,155,7-5 1-6 6-3,3,R32,107,4,3,86,39,32,19,14,4,8,2,2,93,53,34,21,14,5,9
2025-7707,Francavilla al Mare,Clay,32,C,O,20250505,13,S0CG,,,Carlos Sanchez Jover,L,173,ESP,24.789,266,209,C0OW,,,Lorenzo Carboni,R,168,ITA,19.184,615,54,6-3 4-6 6-3,3,R32,135,0,2,80,47,28,15,14,5,10,3,2,91,57,31,14,14,8,15
2025-7707,Francavilla al Mare,Clay,32,C,O,20250505,14,S0LA,,,Dominic Stricker,L,183,SUI,22.719,258,218,J0A4,,,Paul Jubb,R,180,GBR,25.511,265,210,7-6(9) 6-3,3,R32,99,5,3,83,49,37,19,11,4,5,4,1,71,42,30,15,10,3,5
2025-7707,Francavilla al Mare,Clay,32,C,O,20250505,15,VA25,,,Valentin Vacherot,R,193,MON,26.467,262,216,C0BH,,,Clement Chidekh,R,180,FRA,23.893,290,184,6-1 6-0,3,R32,55,6,2,49,37,28,7,7,8,8,0,1,37,21,6,7,6,3,8
2025-7707,Francavilla al Mare,Clay,32,C,O,20250505,16,Y218,,,Elias Ymer,R,185,SWE,29.068,263,215,BK24,,,Gregoire Barrere,R,183,FRA,31.214,222,254,4-6 7-5 7-5,3,R32,161,3,7,114,67,45,22,17,6,11,4,7,109,52,34,26,17,7,13
2025-7707,Francavilla al Mare,Clay,32,C,O,20250505,17,S0LA,,,Dominic Stricker,L,183,SUI,22.719,258,218,J0AZ,1,,Kyrian Jacquet,R,175,FRA,23.984,150,382,1-6 6-3 6-4,3,R16,112,8,3,85,50,36,20,13,8,10,4,4,97,61,40,19,13,4,6
2025-7707,Francavilla al Mare,Clay,32,C,O,20250505,18,PD31,,,Benoit Paire,R,196,FRA,35.992,556,65,S0GR,3,,Timofey Skatov,R,173,KAZ,24.285,181,301,7-6(4) 7-6(3),3,R16,123,8,5,83,42,32,22,12,4,7,2,2,91,72,44,9,12,2,5
2025-7707,Francavilla al Mare,Clay,32,C,O,20250505,19,Y218,,,Elias Ymer,R,185,SWE,29.068,263,215,KC56,4,,Aslan Karatsev,R,185,RUS,31.666,191,288,7-5 6-0,3,R16,90,3,3,54,35,28,8,9,1,2,4,4,65,35,23,8,9,4,9
2025-7707,Francavilla al Mare,Clay,32,C,O,20250505,20,CG33,,,Kimmer Coppejans,R,178,BEL,31.239,275,195,TA29,5,,Marco Trungelliti,R,178,ARG,35.258,183,300,7-6(5) 6-1,3,R16,107,3,3,79,49,30,19,10,4,6,1,2,68,40,23,13,9,2,6
2025-7707,Francavilla al Mare,Clay,32,C,O,20250505,21,L0GH,7,,Mark Lajal,R,191,EST,21.982,217,260,BU10,,,Jacopo Berrettini,R,191,ITA,26.437,336,151,7-5 7-5,3,R16,130,1,4,88,56,30,15,12,6,11,0,2,89,59,32,10,12,10,17
2025-7707,Francavilla al Mare,Clay,32,C,O,20250505,22,M0IF,,,Francesco Maestrelli,R,196,ITA,22.371,303,173,A829,,,Radu Albot,R,175,MDA,35.48,277,194,2-6 6-3 6-2,3,R16,,,,,,,,,,,,,,,,,,,
2025-7707,Francavilla al Mare,Clay,32,C,O,20250505,23,S0CG,,,Carlos Sanchez Jover,L,173,ESP,24.789,266,209,E0AC,,,Mathys Erhard,R,188,FRA,23.524,268,206,6-4 6-3,3,R16,84,0,1,56,32,24,15,10,0,2,3,2,47,32,20,6,9,4,8
2025-7707,Francavilla al Mare,Clay,32,C,O,20250505,24,VA25,,,Valentin Vacherot,R,193,MON,26.467,262,216,V717,,,Alexey Vatutin,R,178,RUS,32.52,313,168,6-3 7-5,3,R16,97,2,4,61,31,25,16,11,1,3,0,3,76,47,23,18,10,3,7
2025-7707,Francavilla al Mare,Clay,32,C,O,20250505,25,L0GH,7,,Mark Lajal,R,191,EST,21.982,217,260,S0CG,,,Carlos Sanchez Jover,L,173,ESP,24.789,266,209,6-1 6-4,3,QF,72,4,2,53,35,24,13,9,2,3,0,3,53,34,16,9,8,4,8
2025-7707,Francavilla al Mare,Clay,32,C,O,20250505,26,M0IF,,,Francesco Maestrelli,R,196,ITA,22.371,303,173,PD31,,,Benoit Paire,R,196,FRA,35.992,556,65,1-6 6-0 6-1,3,QF,74,2,3,56,37,24,14,10,3,5,8,8,66,37,24,9,10,6,11
2025-7707,Francavilla al Mare,Clay,32,C,O,20250505,27,S0LA,,,Dominic Stricker,L,183,SUI,22.719,258,218,CG33,,,Kimmer Coppejans,R,178,BEL,31.239,275,195,6-2 7-5,3,QF,95,4,2,55,24,18,20,10,1,2,2,2,73,44,27,12,10,8,12
2025-7707,Francavilla al Mare,Clay,32,C,O,20250505,28,VA25,,,Valentin Vacherot,R,193,MON,26.467,262,216,Y218,,,Elias Ymer,R,185,SWE,29.068,263,215,4-6 6-3 6-2,3,QF,149,2,0,84,48,33,21,14,6,9,4,3,97,57,37,16,13,4,9
2025-7707,Francavilla al Mare,Clay,32,C,O,20250505,29,VA25,,,Valentin Vacherot,R,193,MON,26.467,262,216,L0GH,7,,Mark Lajal,R,191,EST,21.982,217,260,1-6 6-3 6-1,3,SF,116,6,4,75,55,33,10,11,8,11,3,4,88,50,29,18,12,9,14
2025-7707,Francavilla al Mare,Clay,32,C,O,20250505,30,M0IF,,,Francesco Maestrelli,R,196,ITA,22.371,303,173,S0LA,,,Dominic Stricker,L,183,SUI,22.719,258,218,3-6 7-6(7) RET,3,SF,116,2,2,80,48,28,13,10,5,10,4,0,77,41,26,16,11,1,5
2025-7707,Francavilla al Mare,Clay,32,C,O,20250505,31,M0IF,,,Francesco Maestrelli,R,196,ITA,22.371,303,173,VA25,,,Valentin Vacherot,R,193,MON,26.467,262,216,6-4 6-4,3,F,105,7,2,63,38,29,13,10,2,3,2,0,66,41,26,13,10,2,5
2025-1541,Tunis,Clay,32,C,O,20250512,1,R0EB,1,,Valentin Royer,R,188,FRA,23.953,117,507,B0JJ,,,Robin Bertrand,R,178,FRA,22.16,295,178,6-3 6-2,3,R32,94,2,4,66,41,26,13,9,2,4,1,4,65,30,17,13,8,11,16
2025-1541,Tunis,Clay,32,C,O,20250512,2,N0AM,2,,Emilio Nava,R,185,USA,23.441,137,433,A09T,,,Dan Added,R,183,FRA,26.081,371,133,6-2 7-5,3,R32,94,7,2,64,43,30,13,10,4,5,0,1,62,33,22,12,10,6,10
2025-1541,Tunis,Clay,32,C,O,20250512,3,CE77,3,,Federico Coria,R,180,ARG,33.175,141,412,O09A,,,Aziz Ouakaa,R,185,TUN,25.763,618,54,6-3 7-5,3,R32,106,0,3,50,34,21,8,10,2,6,0,4,83,38,20,20,11,9,16
2025-1541,Tunis,Clay,32,C,O,20250512,4,W0BH,4,,Coleman Wong,R,191,HKG,20.931,174,316,P0J1,,,Rodrigo Pacheco Mendez,L,191,MEX,20.047,230,244,6-2 6-2,3,R32,70,3,2,44,24,18,11,8,1,3,0,4,52,25,13,9,8,4,10
2025-1541,Tunis,Clay,32,C,O,20250512,5,R0E0,5,,Chris Rodesch,R,198,LUX,23.817,178,306,S0AK,,,Henri Squire,R,196,GER,24.621,261,217,6-3 7-6(6),3,R32,94,6,3,68,40,29,17,11,1,3,3,5,84,49,30,15,10,5,8
2025-1541,Tunis,Clay,32,C,O,20250512,6,S0AQ,6,,Yuta Shimizu,L,163,JPN,25.925,193,285,PD31,,,Benoit Paire,R,196,FRA,36.011,556,65,4-1 RET,3,R32,15,0,1,9,5,4,1,2,0,1,2,6,24,11,6,2,3,6,9
2025-1541,Tunis,Clay,32,C,O,20250512,7,TA46,,,Bernard Tomic,R,196,AUS,32.556,231,243,DF88,7,,Aziz Dougaz,L,188,TUN,28.129,198,280,1-6 7-6(4) 7-5,3,R32,134,4,3,98,50,33,22,16,3,8,6,9,105,55,38,25,15,5,8
2025-1541,Tunis,Clay,32,C,O,20250512,8,P09O,8,,Zsombor Piros,R,180,HUN,25.58,204,273,B0OU,,,Hynek Barton,R,183,CZE,21.101,366,134,7-5 6-2,3,R32,87,0,1,59,36,30,13,10,2,2,8,2,60,36,25,12,10,2,5
2025-1541,Tunis,Clay,32,C,O,20250512,9,DG80,,,Enrico Dalla Valle,R,196,ITA,27.143,292,180,DF92,,,Corentin Denolly,L,188,FRA,27.932,284,187,6-4 6-2,3,R32,100,0,1,60,42,30,11,9,7,7,3,6,68,42,24,13,9,7,10
2025-1541,Tunis,Clay,32,C,O,20250512,10,DC48,,,Murkel Dellien,R,193,BOL,27.652,214,264,N731,,,Christoph Negritu,R,193,GER,31.143,308,170,6-4 5-7 6-4,3,R32,175,4,4,104,69,44,17,16,6,11,5,5,113,54,37,24,16,11,17
2025-1541,Tunis,Clay,32,C,O,20250512,11,D0DW,,,Titouan Droguet,R,191,FRA,23.907,206,272,E0AC,,,Mathys Erhard,R,188,FRA,23.543,268,206,2-6 6-4 6-3,3,R32,139,3,5,85,44,32,22,14,7,10,0,3,76,63,40,7,13,3,6
2025-1541,Tunis,Clay,32,C,O,20250512,12,EA13,,,Moez Echargui,R,178,TUN,32.334,476,92,W0ED,,,James Watt,R,206,NZL,24.923,746,33,7-6(5) 6-3,3,R32,98,0,5,74,44,34,16,11,8,9,1,2,60,40,30,9,10,2,4
2025-1541,Tunis,Clay,32,C,O,20250512,13,GE28,,,Ivan Gakhov,L,191,RUS,28.517,317,164,M0EY,,,Alex Marti Pujolras,R,185,ESP,26.251,343,148,6-7(5) 7-6(3) 6-1,3,R32,174,2,5,98,62,42,14,15,4,9,1,12,115,52,26,30,16,9,17
2025-1541,Tunis,Clay,32,C,O,20250512,14,M0IF,,,Francesco Maestrelli,R,196,ITA,22.39,303,173,BU70,,,Remy Bertola,R,175,SUI,26.697,297,177,7-6(7) 6-4,3,R32,106,3,4,66,40,30,15,11,1,3,3,3,71,39,28,16,11,3,6
2025-1541,Tunis,Clay,32,C,O,20250512,15,M0SE,,,Maxim Mrva,R,178,CZE,17.777,619,53,J09X,,,Filip Cristian Jianu,R,180,ROU,23.647,226,249,6-3 6-2,3,R32,72,4,4,66,43,25,13,9,4,6,0,2,50,34,12,10,8,4,9
2025-1541,Tunis,Clay,32,C,O,20250512,16,RB60,,,Oriol Roca Batalla,R,175,ESP,32.033,240,233,B0MM,,,Edas Butvilas,R,191,LTU,20.802,213,268,6-3 6-3,3,R32,97,0,1,54,31,18,16,9,0,1,3,2,62,37,21,14,9,4,8
2025-1541,Tunis,Clay,32,C,O,20250512,17,R0EB,1,,Valentin Royer,R,188,FRA,23.953,117,507,EA13,,,Moez Echargui,R,178,TUN,32.334,476,92,6-4 4-6 6-0,3,R16,145,6,1,89,48,34,20,13,6,9,4,6,77,39,22,18,13,5,11
2025-1541,Tunis,Clay,32,C,O,20250512,18,M0IF,,,Francesco Maestrelli,R,196,ITA,22.39,303,173,N0AM,2,,Emilio Nava,R,185,USA,23.441,137,433,7-6(1) 6-3,3,R16,102,1,3,59,33,27,18,10,2,2,2,2,75,45,28,13,11,0,2
2025-1541,Tunis,Clay,32,C,O,20250512,19,CE77,3,,Federico Coria,R,180,ARG,33.175,141,412,DG80,,,Enrico Dalla Valle,R,196,ITA,27.143,292,180,6-4 7-5,3,R16,124,0,10,78,46,30,12,11,5,9,0,1,68,43,20,13,11,7,13
2025-1541,Tunis,Clay,32,C,O,20250512,20,W0BH,4,,Coleman Wong,R,191,HKG,20.931,174,316,DC48,,,Murkel Dellien,R,193,BOL,27.652,214,264,7-5 7-5,3,R16,122,1,4,75,47,29,12,12,3,7,0,2,91,69,39,8,12,7,13
2025-1541,Tunis,Clay,32,C,O,20250512,21,R0E0,5,,Chris Rodesch,R,198,LUX,23.817,178,306,M0SE,,,Maxim Mrva,R,178,CZE,17.777,619,53,6-1 6-4,3,R16,86,3,6,74,51,38,7,9,7,8,2,2,61,30,16,14,8,4,8
2025-1541,Tunis,Clay,32,C,O,20250512,22,D0DW,,,Titouan Droguet,R,191,FRA,23.907,206,272,S0AQ,6,,Yuta Shimizu,L,163,JPN,25.925,193,285,6-4 6-3,3,R16,98,1,3,71,42,30,13,10,5,7,1,0,59,42,25,6,9,4,8
2025-1541,Tunis,Clay,32,C,O,20250512,23,P09O,8,,Zsombor Piros,R,180,HUN,25.58,204,273,RB60,,,Oriol Roca Batalla,R,175,ESP,32.033,240,233,6-4 6-2,3,R16,87,0,3,64,39,30,14,9,10,11,4,2,53,27,18,12,9,3,7
2025-1541,Tunis,Clay,32,C,O,20250512,24,GE28,,,Ivan Gakhov,L,191,RUS,28.517,317,164,TA46,,,Bernard Tomic,R,196,AUS,32.556,231,243,6-1 6-4,3,R16,,,,,,,,,,,,,,,,,,,
2025-1541,Tunis,Clay,32,C,O,20250512,25,R0E0,5,,Chris Rodesch,R,198,LUX,23.817,178,306,R0EB,1,,Valentin Royer,R,188,FRA,23.953,117,507,6-3 6-4,3,QF,74,2,0,56,43,33,8,10,0,0,0,0,50,32,19,14,9,2,4
2025-1541,Tunis,Clay,32,C,O,20250512,26,D0DW,,,Titouan Droguet,R,191,FRA,23.907,206,272,CE77,3,,Federico Coria,R,180,ARG,33.175,141,412,6-1 1-1 RET,3,QF,40,1,0,27,14,11,10,5,0,0,0,1,22,10,8,4,4,1,3
2025-1541,Tunis,Clay,32,C,O,20250512,27,GE28,,,Ivan Gakhov,L,191,RUS,28.517,317,164,W0BH,4,,Coleman Wong,R,191,HKG,20.931,174,316,6-7(3) 6-2 6-4,3,QF,131,7,7,100,54,46,23,15,8,9,5,2,102,75,49,15,15,10,14
2025-1541,Tunis,Clay,32,C,O,20250512,28,P09O,8,,Zsombor Piros,R,180,HUN,25.58,204,273,M0IF,,,Francesco Maestrelli,R,196,ITA,22.39,303,173,6-3 6-2,3,QF,91,1,1,55,31,19,19,9,1,2,3,2,58,32,18,10,8,6,10
2025-1541,Tunis,Clay,32,C,O,20250512,29,D0DW,,,Titouan Droguet,R,191,FRA,23.907,206,272,R0E0,5,,Chris Rodesch,R,198,LUX,23.817,178,306,6-2 1-6 6-2,3,SF,106,1,3,86,60,33,15,12,10,14,1,5,70,44,26,11,11,4,9
2025-1541,Tunis,Clay,32,C,O,20250512,30,P09O,8,,Zsombor Piros,R,180,HUN,25.58,204,273,GE28,,,Ivan Gakhov,L,191,RUS,28.517,317,164,6-2 6-1,3,SF,59,2,2,35,22,19,9,7,0,0,0,2,61,33,16,12,8,5,10
2025-1541,Tunis,Clay,32,C,O,20250512,31,P09O,8,,Zsombor Piros,R,180,HUN,25.58,204,273,D0DW,,,Titouan Droguet,R,191,FRA,23.907,206,272,7-5 7-6(3),3,F,129,2,8,90,59,38,14,12,8,12,0,3,80,59,31,10,12,4,9
2025-2871,Oeiras 5,Clay,32,C,O,20250512,1,KC12,,,Mitchell Krueger,R,188,USA,31.329,151,378,MJ08,1,,Thiago Monteiro,L,183,BRA,30.949,106,568,6-2 6-2,3,R32,82,6,2,52,38,29,7,8,3,3,6,0,56,33,20,9,8,0,4
2025-2871,Oeiras 5,Clay,32,C,O,20250512,2,E865,3,,Christopher Eubanks,R,201,USA,29.018,110,561,A0ES,,,Pedro Araujo,R,183,PRT,23.129,443,102,6-1 5-7 6-3,3,R32,141,9,2,98,64,41,15,14,7,11,0,2,93,67,33,13,14,10,17
2025-2871,Oeiras 5,Clay,32,C,O,20250512,3,WB32,,,Yibing Wu,R,183,CHN,25.577,448,100,B0EJ,5,,Tristan Boyer,R,188,USA,24.057,122,491,7-6(4) 4-6 6-2,3,R32,146,2,4,91,62,46,16,15,4,7,5,5,108,70,47,17,15,7,11
2025-2871,Oeiras 5,Clay,32,C,O,20250512,4,Y218,,,Elias Ymer,R,185,SWE,29.087,263,215,MW75,6,,Felipe Meligeni Alves,R,185,BRA,27.225,123,487,6-1 3-0 RET,3,R32,53,1,2,37,25,17,8,5,2,2,0,0,32,23,10,1,5,1,5
2025-2871,Oeiras 5,Clay,32,C,O,20250512,5,T0A1,7,,Thiago Agustin Tirante,R,185,ARG,24.088,133,445,N0B4,,,Ryan Nijboer,R,180,NED,25.791,408,116,2-6 6-2 6-1,3,R32,127,7,1,75,42,30,19,12,5,7,0,8,70,43,29,11,11,3,7
2025-2871,Oeiras 5,Clay,32,C,O,20250512,6,B0FV,8,,Roman Andres Burruchaga,R,183,ARG,23.299,135,439,M0OQ,,,James McCabe,R,188,AUS,21.854,177,308,6-3 6-3,3,R32,97,0,3,52,38,28,5,9,2,4,3,1,75,52,25,11,9,5,10
2025-2871,Oeiras 5,Clay,32,C,O,20250512,7,E698,,,Gastao Elias,R,180,POR,34.464,318,163,R0FS,,,Leandro Riedi,R,191,SUI,23.288,373,130,3-6 5-2 RET,3,R32,85,2,0,48,21,15,15,8,1,3,4,0,58,40,27,5,8,5,7
2025-2871,Oeiras 5,Clay,32,C,O,20250512,8,GD64,,,Cristian Garin,R,185,CHI,28.95,153,374,FA43,,,Juan Pablo Ficovich,R,188,ARG,28.296,152,376,6-2 6-3,3,R32,65,2,3,37,21,21,11,8,0,0,1,1,48,34,19,7,9,1,5
2025-2871,Oeiras 5,Clay,32,C,O,20250512,9,HF80,,,Hady Habib,R,188,LBN,26.724,159,358,MW18,,,Nicolas Moreno De Alboran,R,185,USA,27.828,149,386,6-3 6-2,3,R32,81,3,3,56,35,27,12,9,4,4,1,1,56,36,24,6,8,4,7
2025-2871,Oeiras 5,Clay,32,C,O,20250512,10,M0N7,,,Daniel Merida,R,188,ESP,20.624,335,151,V717,,,Alexey Vatutin,R,178,RUS,32.539,313,168,6-4 7-5,3,R32,91,1,4,77,64,36,4,11,8,13,0,1,69,52,23,8,11,6,13
2025-2871,Oeiras 5,Clay,32,C,O,20250512,11,O660,,,Genaro Alberto Olivieri,R,175,ARG,26.771,286,186,M0HU,,,Shintaro Mochizuki,R,175,JPN,21.944,155,370,2-6 7-6(6) 3-0 RET,3,R32,138,0,1,85,65,38,11,11,4,7,2,3,84,57,36,13,12,7,10
2025-2871,Oeiras 5,Clay,32,C,O,20250512,12,R0GO,,,Henrique Rocha,R,180,POR,21.098,195,283,D750,,,Kenny De Schepper,L,203,FRA,37.955,647,48,6-2 6-3,3,R32,79,0,3,49,28,17,14,8,2,3,1,2,63,48,25,6,9,3,8
2025-2871,Oeiras 5,Clay,32,C,O,20250512,13,TE16,,,Carlos Taberner,R,183,ESP,27.759,139,417,CG04,,,Pedro Cachin,R,185,ARG,30.084,360,139,4-6 6-4 6-1,3,R32,128,0,4,84,49,32,19,14,1,5,1,0,68,44,27,10,13,1,7
2025-2871,Oeiras 5,Clay,32,C,O,20250512,14,T0BW,,,James Trotter,R,183,JPN,25.788,170,324,G0GW,,,Sascha Gueymard Wayenburg,R,191,FRA,21.78,251,222,6-4 6-4,3,R32,86,1,0,60,38,28,12,10,5,6,2,7,58,37,26,10,10,0,3
2025-2871,Oeiras 5,Clay,32,C,O,20250512,15,V993,,,Eero Vasa,R,185,FIN,28.274,596,57,D985,,,Joao Domingues,R,,POR,31.6,549,67,6-3 6-0,3,R32,66,4,2,47,25,19,14,7,2,2,0,3,50,33,18,5,8,4,9
2025-2871,Oeiras 5,Clay,32,C,O,20250512,16,Z0A1,,,Giulio Zeppieri,L,183,ITA,23.428,344,147,P0K4,,,Tiago Pereira,R,0,PRT,20.893,409,115,7-6(7) 6-3,3,R32,85,3,3,59,37,30,13,10,1,2,2,1,67,34,26,19,11,3,6
2025-2871,Oeiras 5,Clay,32,C,O,20250512,17,Z0A1,,,Giulio Zeppieri,L,183,ITA,23.428,344,147,E865,3,,Christopher Eubanks,R,201,USA,29.018,110,561,7-6(4) 6-3,3,R16,91,6,2,68,46,34,15,11,5,6,4,5,63,44,29,11,10,0,2
2025-2871,Oeiras 5,Clay,32,C,O,20250512,18,T0A1,7,,Thiago Agustin Tirante,R,185,ARG,24.088,133,445,O660,,,Genaro Alberto Olivieri,R,175,ARG,26.771,286,186,6-3 1-6 6-2,3,R16,125,0,1,76,51,31,13,12,1,4,0,1,69,62,37,4,12,2,6
2025-2871,Oeiras 5,Clay,32,C,O,20250512,19,B0FV,8,,Roman Andres Burruchaga,R,183,ARG,23.299,135,439,T0BW,,,James Trotter,R,183,JPN,25.788,170,324,6-4 6-2,3,R16,84,1,1,47,37,27,7,9,2,3,1,1,55,38,22,7,9,3,7
2025-2871,Oeiras 5,Clay,32,C,O,20250512,20,E698,,,Gastao Elias,R,180,POR,34.464,318,163,R0GO,,,Henrique Rocha,R,180,POR,21.098,195,283,6-7(9) 6-4 7-5,3,R16,185,4,3,112,64,44,27,17,6,9,2,3,130,74,51,24,17,7,12
2025-2871,Oeiras 5,Clay,32,C,O,20250512,21,GD64,,,Cristian Garin,R,185,CHI,28.95,153,374,Y218,,,Elias Ymer,R,185,SWE,29.087,263,215,6-4 6-1,3,R16,90,4,1,44,28,21,10,8,1,2,1,5,62,34,18,11,9,3,8
2025-2871,Oeiras 5,Clay,32,C,O,20250512,22,HF80,,,Hady Habib,R,188,LBN,26.724,159,358,V993,,,Eero Vasa,R,185,FIN,28.274,596,57,7-5 7-6(5),3,R16,92,14,3,88,59,44,15,12,4,5,11,0,69,43,32,14,12,2,4
2025-2871,Oeiras 5,Clay,32,C,O,20250512,23,KC12,,,Mitchell Krueger,R,188,USA,31.329,151,378,M0N7,,,Daniel Merida,R,188,ESP,20.624,335,151,3-6 6-1 6-2,3,R16,104,2,1,78,63,41,9,12,4,6,1,4,73,56,36,4,12,2,7
2025-2871,Oeiras 5,Clay,32,C,O,20250512,24,WB32,,,Yibing Wu,R,183,CHN,25.577,448,100,TE16,,,Carlos Taberner,R,183,ESP,27.759,139,417,3-6 6-2 6-0,3,R16,117,4,0,61,44,32,10,12,1,3,2,1,77,46,26,13,11,5,10
2025-2871,Oeiras 5,Clay,32,C,O,20250512,25,HF80,,,Hady Habib,R,188,LBN,26.724,159,358,T0A1,7,,Thiago Agustin Tirante,R,185,ARG,24.088,133,445,6-1 6-3,3,QF,74,6,1,56,36,28,12,8,6,6,1,1,47,34,20,5,8,4,8
2025-2871,Oeiras 5,Clay,32,C,O,20250512,26,B0FV,8,,Roman Andres Burruchaga,R,183,ARG,23.299,135,439,Z0A1,,,Giulio Zeppieri,L,183,ITA,23.428,344,147,7-5 4-6 6-1,3,QF,133,3,3,82,62,43,10,14,5,8,5,3,99,65,42,14,15,10,16
2025-2871,Oeiras 5,Clay,32,C,O,20250512,27,GD64,,,Cristian Garin,R,185,CHI,28.95,153,374,E698,,,Gastao Elias,R,180,POR,34.464,318,163,6-3 7-6(4),3,QF,109,3,1,85,66,42,10,11,8,10,0,5,65,44,29,4,10,3,6
2025-2871,Oeiras 5,Clay,32,C,O,20250512,28,KC12,,,Mitchell Krueger,R,188,USA,31.329,151,378,WB32,,,Yibing Wu,R,183,CHN,25.577,448,100,6-4 6-4,3,QF,85,2,0,52,37,25,9,10,2,4,2,2,66,41,23,13,10,5,9
2025-2871,Oeiras 5,Clay,32,C,O,20250512,29,GD64,,,Cristian Garin,R,185,CHI,28.95,153,374,B0FV,8,,Roman Andres Burruchaga,R,183,ARG,23.299,135,439,6-7(5) 6-3 6-4,3,SF,184,3,3,133,91,60,15,15,12,16,4,1,115,83,43,15,16,4,11
2025-2871,Oeiras 5,Clay,32,C,O,20250512,30,KC12,,,Mitchell Krueger,R,188,USA,31.329,151,378,HF80,,,Hady Habib,R,188,LBN,26.724,159,358,6-4 6-2,3,SF,75,5,0,54,37,26,11,9,3,4,4,1,51,30,20,8,9,0,4
2025-2871,Oeiras 5,Clay,32,C,O,20250512,31,GD64,,,Cristian Garin,R,185,CHI,28.95,153,374,KC12,,,Mitchell Krueger,R,188,USA,31.329,151,378,7-6(3) 4-6 6-2,3,F,158,4,5,95,63,43,15,15,2,6,8,4,110,79,49,14,15,8,13
2025-7389,Bogota,Clay,32,C,O,20250512,1,M0AW,1,,Nicolas Mejia,R,183,COL,25.248,227,247,BP79,,,Peter Bertran,R,183,DOM,29.185,489,86,6-0 6-1,3,R32,57,3,0,31,16,16,12,7,0,0,0,7,46,20,13,6,6,5,10
2025-7389,Bogota,Clay,32,C,O,20250512,2,E811,,,Elmar Ejupovic,R,193,GER,32.274,601,56,S0EK,2,,Matias Soto,R,170,CHI,26.042,242,230,7-6(3) 6-4,3,R32,95,18,3,65,46,39,9,11,0,1,8,5,73,38,29,19,11,7,9
2025-7389,Bogota,Clay,32,C,O,20250512,3,KH56,,,Zdenek Kolar,R,183,CZE,28.589,463,97,SM88,3,,Karue Sell,R,183,BRA,31.493,299,175,6-3 3-6 6-1,3,R32,113,1,2,75,58,38,11,12,2,4,8,9,92,41,28,22,13,11,16
2025-7389,Bogota,Clay,32,C,O,20250512,4,A09U,5,,Nicolas Alvarez Varona,R,188,ESP,23.984,314,167,MV75,,,Ignacio Monzon,R,173,ARG,27.348,646,48,6-2 6-1,3,R32,58,3,5,43,28,24,7,8,0,1,1,6,42,20,10,6,7,1,6
2025-7389,Bogota,Clay,32,C,O,20250512,5,CG07,,,Hernan Casanova,R,178,ARG,31.261,503,79,D0AR,6,,Mateus Alves,R,193,BRA,24.298,322,161,2-6 7-6(2) 7-5,3,R32,140,4,5,103,52,37,26,16,3,8,10,5,97,53,41,18,16,6,10
2025-7389,Bogota,Clay,32,C,O,20250512,6,SL94,7,,Pedro Sakamoto,R,178,BRA,31.869,353,143,P0LG,,,Salvador Price,R,173,COL,20.225,1232,7,6-3 6-4,3,R32,69,4,2,56,38,29,10,10,1,2,0,5,48,37,22,6,9,0,3
2025-7389,Bogota,Clay,32,C,O,20250512,7,K0A3,,,Patrick Kypson,R,188,USA,25.539,435,104,O376,8,,Renzo Olivo,R,178,ARG,33.158,354,143,6-0 7-6(1),3,R32,86,4,3,59,27,20,18,9,5,7,1,3,61,33,17,11,9,3,8
2025-7389,Bogota,Clay,32,C,O,20250512,8,AG57,,,Leonardo Aboian,L,175,ARG,27.061,639,49,M0EG,,,Tristan McCormick,R,196,USA,26.114,669,45,6-2 4-6 6-4,3,R32,135,11,4,99,53,38,24,14,8,10,10,4,94,56,44,12,14,8,12
2025-7389,Bogota,Clay,32,C,O,20250512,9,B0E4,,,Mateo Barreiros Reyes,L,178,BRA,24.408,718,36,GB41,,,Juan Sebastian Gomez,,,COL,33.185,890,21,6-3 6-4,3,R32,79,2,3,49,21,15,18,10,1,3,1,8,62,33,24,7,9,3,7
2025-7389,Bogota,Clay,32,C,O,20250512,10,B0FI,,,Pedro Boscardin Dias,R,180,BRA,22.286,398,119,A0IK,,,Luciano Emanuel Ambrogi,R,188,ARG,21.478,376,128,6-4 7-6(3),3,R32,96,1,5,78,51,36,15,11,6,7,0,3,63,36,26,16,11,2,4
2025-7389,Bogota,Clay,32,C,O,20250512,11,CF88,,,Roberto Cid Subervi,R,193,DOM,31.699,445,101,P0ED,,,Kiranpal Pannu,R,185,NZL,28.342,502,80,6-2 7-6(5),3,R32,103,12,7,71,34,32,15,10,2,4,6,2,67,35,20,18,10,3,7
2025-7389,Bogota,Clay,32,C,O,20250512,12,R0JH,,,Pedro Rodrigues,R,178,BRA,19.102,858,23,R0BT,,,Franco Roncadelli,L,185,URU,25.262,367,134,6-2 7-5,3,R32,107,4,3,62,32,21,20,10,1,3,0,4,76,45,26,12,10,7,12
2025-7389,Bogota,Clay,32,C,O,20250512,13,R0BC,,,Lorenzo Joaquin Rodriguez,R,196,ARG,25.618,584,60,K0HN,,,Bruno Kuzuhara,R,175,USA,21.112,539,71,6-4 6-2,3,R32,67,2,4,58,38,24,11,9,6,8,2,6,48,28,18,5,9,3,8
2025-7389,Bogota,Clay,32,C,O,20250512,14,R0F1,,,Johan Alexander Rodriguez,R,173,COL,21.626,720,36,H0C9,,,Arklon Huertas Del Pino Cordova,R,183,PER,30.823,1250,6,6-4 6-7(5) 7-6(6),3,R32,155,7,9,114,66,49,26,17,4,7,11,6,125,71,50,23,17,6,10
2025-7389,Bogota,Clay,32,C,O,20250512,15,S0BT,,,Adria Soriano Barrera,R,191,COL,25.944,424,111,H0HU,,,Samuel Heredia,R,191,COL,18.93,1149,9,5-7 6-4 6-0,3,R32,127,13,7,85,51,39,15,14,7,9,1,11,94,42,30,20,14,6,11
2025-7389,Bogota,Clay,32,C,O,20250512,16,T133,,,Miguel Tobon,R,185,COL,56.887,732,15,N0BU,,,Daniel Antonio Nunez,R,0,CHI,23.943,801,27,3-6 6-2 7-6(3),3,R32,132,10,11,112,69,53,16,15,10,13,9,8,89,45,33,24,14,7,10
2025-7389,Bogota,Clay,32,C,O,20250512,17,R0JH,,,Pedro Rodrigues,R,178,BRA,19.102,858,23,M0AW,1,,Nicolas Mejia,R,183,COL,25.248,227,247,7-6(7) 5-7 6-3,3,R16,218,3,7,132,64,37,36,17,13,19,7,5,120,62,40,28,16,9,15
2025-7389,Bogota,Clay,32,C,O,20250512,18,A09U,5,,Nicolas Alvarez Varona,R,188,ESP,23.984,314,167,R0BC,,,Lorenzo Joaquin Rodriguez,R,196,ARG,25.618,584,60,6-3 6-2,3,R16,87,6,3,68,40,29,15,9,8,8,6,3,53,37,24,6,8,3,6
2025-7389,Bogota,Clay,32,C,O,20250512,19,SL94,7,,Pedro Sakamoto,R,178,BRA,31.869,353,143,CF88,,,Roberto Cid Subervi,R,193,DOM,31.699,445,101,2-6 6-4 6-2,3,R16,126,4,2,78,40,31,21,13,4,6,5,1,90,49,36,19,13,7,10
2025-7389,Bogota,Clay,32,C,O,20250512,20,B0E4,,,Mateo Barreiros Reyes,L,178,BRA,24.408,718,36,AG57,,,Leonardo Aboian,L,175,ARG,27.061,639,49,6-4 6-1,3,R16,68,1,1,49,30,26,12,9,0,0,3,3,49,24,20,8,8,5,8
2025-7389,Bogota,Clay,32,C,O,20250512,21,CG07,,,Hernan Casanova,R,178,ARG,31.261,503,79,T133,,,Miguel Tobon,R,185,COL,56.887,732,15,6-3 6-1,3,R16,71,0,3,52,37,26,8,8,3,4,3,7,62,30,18,13,8,7,12
2025-7389,Bogota,Clay,32,C,O,20250512,22,E811,,,Elmar Ejupovic,R,193,GER,32.274,601,56,B0FI,,,Pedro Boscardin Dias,R,180,BRA,22.286,398,119,6-3 6-2,3,R16,68,8,1,54,33,28,13,9,8,8,2,5,45,22,17,9,8,3,6
2025-7389,Bogota,Clay,32,C,O,20250512,23,KH56,,,Zdenek Kolar,R,183,CZE,28.589,463,97,S0BT,,,Adria Soriano Barrera,R,191,COL,25.944,424,111,6-3 6-2,3,R16,78,2,1,48,35,24,12,8,6,6,6,4,67,40,24,11,9,6,10
2025-7389,Bogota,Clay,32,C,O,20250512,24,K0A3,,,Patrick Kypson,R,188,USA,25.539,435,104,R0F1,,,Johan Alexander Rodriguez,R,173,COL,21.626,720,36,6-3 6-4,3,R16,99,16,3,85,54,43,10,10,8,9,1,2,61,37,23,11,9,4,7
2025-7389,Bogota,Clay,32,C,O,20250512,25,R0JH,,,Pedro Rodrigues,R,178,BRA,19.102,858,23,A09U,5,,Nicolas Alvarez Varona,R,188,ESP,23.984,314,167,6-4 6-3,3,QF,100,3,3,84,45,31,19,9,13,14,1,8,59,34,25,8,10,3,7
2025-7389,Bogota,Clay,32,C,O,20250512,26,SL94,7,,Pedro Sakamoto,R,178,BRA,31.869,353,143,B0E4,,,Mateo Barreiros Reyes,L,178,BRA,24.408,718,36,3-6 6-3 7-5,3,QF,143,9,2,107,72,52,16,15,5,7,3,5,98,58,41,19,15,5,8
2025-7389,Bogota,Clay,32,C,O,20250512,27,CG07,,,Hernan Casanova,R,178,ARG,31.261,503,79,KH56,,,Zdenek Kolar,R,183,CZE,28.589,463,97,4-6 6-3 6-1,3,QF,117,2,2,99,66,46,18,13,13,14,0,2,71,49,30,11,13,0,4
2025-7389,Bogota,Clay,32,C,O,20250512,28,K0A3,,,Patrick Kypson,R,188,USA,25.539,435,104,E811,,,Elmar Ejupovic,R,193,GER,32.274,601,56,7-6(6) 7-6(6),3,QF,139,9,6,97,56,45,22,12,8,8,19,4,88,62,49,14,12,3,3
2025-7389,Bogota,Clay,32,C,O,20250512,29,SL94,7,,Pedro Sakamoto,R,178,BRA,31.869,353,143,R0JH,,,Pedro Rodrigues,R,178,BRA,19.102,858,23,4-6 7-5 6-3,3,SF,149,3,4,113,64,44,18,16,6,12,4,6,84,47,28,16,15,5,12
2025-7389,Bogota,Clay,32,C,O,20250512,30,K0A3,,,Patrick Kypson,R,188,USA,25.539,435,104,CG07,,,Hernan Casanova,R,178,ARG,31.261,503,79,3-6 7-6(4) 7-5,3,SF,170,8,7,115,62,44,24,16,7,11,0,0,105,64,42,21,17,2,6
2025-7389,Bogota,Clay,32,C,O,20250512,31,K0A3,,,Patrick Kypson,R,188,USA,25.539,435,104,SL94,7,,Pedro Sakamoto,R,178,BRA,31.869,353,143,6-1 6-3,3,F,78,9,2,47,26,22,13,8,2,2,2,3,56,35,18,10,8,4,8
2025-9500,Zagreb,Clay,32,C,O,20250512,1,B0GR,,,Gonzalo Bueno,R,173,PER,21.106,327,158,ME82,1,,Adrian Mannarino,L,180,FRA,36.868,126,466,6-2 6-7(9) 6-3,3,R32,163,0,1,103,74,44,13,14,14,18,0,2,107,64,33,18,15,7,15
2025-9500,Zagreb,Clay,32,C,O,20250512,2,K0EP,2,,Jerome Kym,R,198,SUI,22.245,127,466,Z09Z,,,Beibit Zhukayev,R,198,KAZ,24.58,220,255,6-2 4-0 RET,3,R32,46,5,0,27,18,18,6,6,0,0,0,2,39,29,13,5,6,3,7
2025-9500,Zagreb,Clay,32,C,O,20250512,3,V0DZ,,,Luca Van Assche,R,178,FRA,21.002,211,269,S0GD,3,,Dalibor Svrcina,R,178,CZE,22.609,128,466,6-2 6-1,3,R32,92,1,1,39,28,20,6,7,0,1,0,3,74,48,22,10,8,9,15
2025-9500,Zagreb,Clay,32,C,O,20250512,4,M0G4,4,,Harold Mayot,R,180,FRA,23.266,144,398,R09X,,,Jurij Rodionov,L,191,AUT,25.99,228,246,7-5 6-7(3) 6-2,3,R32,152,0,3,98,55,38,22,16,3,6,1,5,99,66,40,13,16,2,8
2025-9500,Zagreb,Clay,32,C,O,20250512,5,J0AZ,5,,Kyrian Jacquet,R,175,FRA,24.003,150,382,BV16,,,Ugo Blanchet,R,175,FRA,26.349,186,296,7-6(3) 6-0,3,R32,106,5,3,77,40,29,22,9,7,8,0,2,70,33,21,15,9,5,9
2025-9500,Zagreb,Clay,32,C,O,20250512,6,PG20,6,,Dmitry Popko,R,191,KAZ,28.548,163,345,D0L3,,,Matej Dodig,R,188,CRO,19.814,342,148,6-4 6-4,3,R32,118,0,1,63,35,28,16,10,5,5,2,3,70,37,23,19,10,7,9
2025-9500,Zagreb,Clay,32,C,O,20250512,7,MJ98,,,Facundo Mena,R,183,ARG,32.635,221,255,A0CJ,7,,Duje Ajdukovic,R,188,CRO,24.263,175,313,6-2 7-6(2),3,R32,91,3,1,57,27,21,22,10,0,1,4,3,68,51,33,8,10,5,8
2025-9500,Zagreb,Clay,32,C,O,20250512,8,M0JZ,8,,Filip Misolic,R,180,AUT,23.759,180,301,H0CX,,,Max Houkes,L,188,NED,24.857,249,224,6-1 6-1,3,R32,69,1,1,34,26,22,6,7,0,0,3,3,56,31,15,9,7,8,13
2025-9500,Zagreb,Clay,32,C,O,20250512,9,CG33,,,Kimmer Coppejans,R,178,BEL,31.258,275,195,GB93,,,Norbert Gombos,R,193,SVK,34.746,328,157,6-3 6-3,3,R32,90,2,5,65,36,26,16,9,6,7,3,2,56,35,20,10,9,3,7
2025-9500,Zagreb,Clay,32,C,O,20250512,10,K0HG,,,Milos Karol,R,198,SVK,22.412,433,106,S0K7,,,Zachary Svajda,R,175,USA,22.45,229,244,6-2 6-3,3,R32,59,9,0,48,26,24,15,9,1,1,0,1,47,30,17,8,8,1,4
2025-9500,Zagreb,Clay,32,C,O,20250512,11,KC33,,,Dimitar Kuzmanov,R,183,BUL,31.789,269,199,DC76,,,Viktor Durasovic,R,185,NOR,28.148,246,227,6-4 7-5,3,R32,135,2,1,71,53,35,10,11,5,7,4,1,91,47,31,19,11,13,17
2025-9500,Zagreb,Clay,32,C,O,20250512,12,P0AY,,,Luka Pavlovic,R,196,FRA,25.117,238,236,O0A2,,,Gauthier Onclin,R,180,BEL,24.205,192,286,1-6 6-2 6-4,3,R32,116,11,3,75,42,32,16,12,4,6,0,3,86,58,39,15,13,4,7
2025-9500,Zagreb,Clay,32,C,O,20250512,13,P0GQ,,,Mili Poljicak,R,185,CRO,20.83,270,199,F840,,,Nerman Fatic,R,191,BIH,30.549,348,146,4-6 6-3 7-6(2),3,R32,163,5,2,110,63,44,26,16,4,7,3,4,99,76,50,10,15,5,8
2025-9500,Zagreb,Clay,32,C,O,20250512,14,P0HW,,,Dino Prizmic,R,188,CRO,19.767,334,151,BE67,,,Mirza Basic,R,188,BIH,33.834,520,75,6-1 6-2,3,R32,62,7,0,43,25,20,14,8,0,0,0,0,40,30,16,2,7,1,5
2025-9500,Zagreb,Clay,32,C,O,20250512,15,RH24,,,Emil Ruusuvuori,R,188,FIN,26.111,235,238,M0N1,,,Luka Mikrut,R,188,CRO,21.07,281,189,6-4 3-6 6-3,3,R32,120,6,5,99,70,46,13,14,5,9,3,3,88,52,33,15,14,5,10
2025-9500,Zagreb,Clay,32,C,O,20250512,16,TA29,,,Marco Trungelliti,R,178,ARG,35.277,183,300,O0AD,,,Neil Oberleitner,R,191,AUT,25.769,384,125,6-2 2-6 6-4,3,R32,120,2,1,81,58,34,14,13,6,10,2,3,87,52,33,14,13,5,10
2025-9500,Zagreb,Clay,32,C,O,20250512,17,K0EP,2,,Jerome Kym,R,198,SUI,22.245,127,466,RH24,,,Emil Ruusuvuori,R,188,FIN,26.111,235,238,6-2 6-0,3,R16,55,1,1,41,24,20,10,7,1,1,3,5,42,22,10,8,7,2,7
2025-9500,Zagreb,Clay,32,C,O,20250512,18,M0G4,4,,Harold Mayot,R,180,FRA,23.266,144,398,K0HG,,,Milos Karol,R,198,SVK,22.412,433,106,6-2 6-4,3,R16,86,3,0,46,35,27,6,9,0,1,1,2,78,45,25,14,9,11,15
2025-9500,Zagreb,Clay,32,C,O,20250512,19,P0HW,,,Dino Prizmic,R,188,CRO,19.767,334,151,J0AZ,5,,Kyrian Jacquet,R,175,FRA,24.003,150,382,7-5 6-2,3,R16,114,6,4,83,51,33,16,10,8,11,2,2,55,28,17,10,10,2,8
2025-9500,Zagreb,Clay,32,C,O,20250512,20,P0GQ,,,Mili Poljicak,R,185,CRO,20.83,270,199,PG20,6,,Dmitry Popko,R,191,KAZ,28.548,163,345,6-3 6-2,3,R16,105,3,1,94,60,41,15,9,13,14,1,1,46,22,13,11,8,0,4
2025-9500,Zagreb,Clay,32,C,O,20250512,21,M0JZ,8,,Filip Misolic,R,180,AUT,23.759,180,301,CG33,,,Kimmer Coppejans,R,178,BEL,31.258,275,195,7-6(5) 2-6 7-6(5),3,R16,169,7,2,112,70,46,17,16,6,12,2,3,103,65,42,19,16,6,10
2025-9500,Zagreb,Clay,32,C,O,20250512,22,P0AY,,,Luka Pavlovic,R,196,FRA,25.117,238,236,B0GR,,,Gonzalo Bueno,R,173,PER,21.106,327,158,7-6(14) 6-4,3,R16,125,10,6,88,44,34,22,11,2,4,1,3,80,59,39,9,11,1,4
2025-9500,Zagreb,Clay,32,C,O,20250512,23,TA29,,,Marco Trungelliti,R,178,ARG,35.277,183,300,MJ98,,,Facundo Mena,R,183,ARG,32.635,221,255,2-6 6-4 7-6(4),3,R16,164,1,8,95,50,34,25,15,2,7,9,5,112,66,41,22,15,5,9
2025-9500,Zagreb,Clay,32,C,O,20250512,24,V0DZ,,,Luca Van Assche,R,178,FRA,21.002,211,269,KC33,,,Dimitar Kuzmanov,R,183,BUL,31.789,269,199,6-4 6-2,3,R16,100,2,3,54,37,26,8,9,4,6,1,1,57,28,13,14,9,5,10
2025-9500,Zagreb,Clay,32,C,O,20250512,25,P0HW,,,Dino Prizmic,R,188,CRO,19.767,334,151,K0EP,2,,Jerome Kym,R,198,SUI,22.245,127,466,6-2 6-3,3,QF,89,4,3,62,33,25,17,9,5,5,2,1,54,27,17,13,8,4,7
2025-9500,Zagreb,Clay,32,C,O,20250512,26,TA29,,,Marco Trungelliti,R,178,ARG,35.277,183,300,M0G4,4,,Harold Mayot,R,180,FRA,23.266,144,398,7-6(4) 6-2,3,QF,101,4,2,61,37,27,14,10,1,3,3,3,63,44,30,5,10,1,5
2025-9500,Zagreb,Clay,32,C,O,20250512,27,V0DZ,,,Luca Van Assche,R,178,FRA,21.002,211,269,M0JZ,8,,Filip Misolic,R,180,AUT,23.759,180,301,6-4 6-4,3,QF,116,2,1,84,64,41,11,10,4,5,0,1,59,39,25,10,10,3,6
2025-9500,Zagreb,Clay,32,C,O,20250512,28,P0AY,,,Luka Pavlovic,R,196,FRA,25.117,238,236,P0GQ,,,Mili Poljicak,R,185,CRO,20.83,270,199,6-1 7-5,3,QF,90,3,3,51,27,18,16,9,2,4,1,1,69,44,24,9,10,7,13
2025-9500,Zagreb,Clay,32,C,O,20250512,29,P0HW,,,Dino Prizmic,R,188,CRO,19.767,334,151,TA29,,,Marco Trungelliti,R,178,ARG,35.277,183,300,6-3 6-7(5) 7-5,3,SF,203,5,4,103,58,41,23,17,3,7,2,4,122,82,51,19,16,13,19
2025-9500,Zagreb,Clay,32,C,O,20250512,30,V0DZ,,,Luca Van Assche,R,178,FRA,21.002,211,269,P0AY,,,Luka Pavlovic,R,196,FRA,25.117,238,236,6-3 6-2,3,SF,89,1,2,55,45,32,6,9,1,2,2,5,66,29,21,12,8,6,10
2025-9500,Zagreb,Clay,32,C,O,20250512,31,P0HW,,,Dino Prizmic,R,188,CRO,19.767,334,151,V0DZ,,,Luca Van Assche,R,178,FRA,21.002,211,269,6-2 RET,3,F,60,0,1,24,12,7,10,4,0,0,0,1,36,23,13,5,4,5,7
2025-2863,Turin,Clay,32,C,O,20250513,1,U182,5,,Camilo Ugo Carabelli,R,185,ARG,25.906,60,944,V0AM,,,Otto Virtanen,R,193,FIN,23.893,130,455,6-3 6-2,3,R32,71,2,0,44,37,30,4,8,1,1,5,4,78,54,31,9,9,9,13
2025-2863,Turin,Clay,32,C,O,20250513,2,AE14,6,,Daniel Altmaier,R,188,GER,26.667,71,872,PH64,,,Andrea Pellegrino,R,185,ITA,28.14,167,337,6-3 6-4,3,R32,71,7,0,45,29,24,13,10,0,1,1,4,60,40,28,7,9,8,11
2025-2863,Turin,Clay,32,C,O,20250513,3,Y09V,7,,Yunchaokete Bu,R,185,CHN,23.313,73,857,DA31,,,Giovanni Fonio,R,180,BOL,31.907,103,587,7-6(5) 6-4,3,R32,86,7,1,66,45,38,13,11,2,2,6,1,63,46,37,9,11,4,5
2025-2863,Turin,Clay,32,C,O,20250513,4,BK92,8,,Alexander Bublik,R,196,KAZ,27.904,76,820,G0GD,,,Matteo Gigante,L,180,ITA,23.354,164,341,6-3 6-1,3,R32,60,5,2,48,34,29,6,8,1,1,1,4,50,31,18,7,8,1,5
2025-2863,Turin,Clay,32,C,O,20250513,5,L987,,,Federico Arnaboldi,R,183,SRB,34.869,131,446,Q02L,,,Ethan Quinn,R,191,USA,21.169,114,538,2-6 6-2 7-5,3,R32,135,2,4,102,59,38,23,14,8,11,7,2,85,58,39,11,14,6,10
2025-2863,Turin,Clay,32,C,O,20250513,6,C0C8,,,Juan Manuel Cerundolo,L,183,ARG,23.491,115,520,C0NB,,,Federico Cina,R,185,ITA,18.122,323,160,7-6(3) 6-4,3,R32,116,2,2,74,38,27,17,11,3,6,0,2,82,50,28,17,11,8,12
2025-2863,Turin,Clay,32,C,O,20250513,7,CC66,,,Andrea Collarini,L,183,ARG,33.281,207,272,HH06,,,Marc-Andrea Huesler,L,196,SUI,28.884,156,369,6-4 6-3,3,R32,94,0,0,62,46,31,7,9,4,6,2,1,73,46,26,11,10,9,14
2025-2863,Turin,Clay,32,C,O,20250513,8,F510,,,Fabio Fognini,R,178,ITA,37.971,107,566,C0C8,,,Oleg Prihodko,L,183,ARG,23.491,115,520,7-5 6-4,3,R32,97,3,4,66,31,24,20,11,2,4,5,1,83,39,26,19,11,6,10
2025-2863,Turin,Clay,32,C,O,20250513,9,N0BG,,,Luca Nardi,R,185,ITA,21.769,95,632,N0BS,,,Mariano Navone,R,178,ARG,24.205,99,600,6-1 5-7 7-6(2),3,R32,171,1,1,107,67,43,18,15,10,16,3,3,119,87,49,11,16,7,15
2025-2863,Turin,Clay,32,C,O,20250513,10,P0CT,,,Francesco Passaro,R,180,ITA,24.345,101,593,GJ16,,,Federico Agustin Gomez,R,191,ARG,28.46,140,413,7-6(6) 6-7(6) 6-3,3,R32,155,5,5,105,61,46,25,17,3,5,8,7,116,73,50,22,16,4,7
2025-2863,Turin,Clay,32,C,O,20250513,11,SS25,,,Vitaliy Sachko,R,188,UKR,27.83,254,220,S0JA,,,Eliot Spizzirri,R,185,USA,23.387,121,492,6-2 6-3,3,R32,74,4,2,55,41,29,4,8,6,8,0,1,51,36,16,7,9,3,9
2025-2863,Turin,Clay,32,C,O,20250513,12,T0AP,,,Chun-Hsin Tseng,R,175,TPE,23.762,102,593,TE16,,,Jacopo Vasami,R,183,ESP,27.762,139,417,6-3 6-2,3,R32,74,4,0,47,31,23,14,9,2,2,4,5,60,38,25,8,8,8,11
2025-2863,Turin,Clay,32,C,O,20250513,13,C0E9,,,Flavio Cobolli,R,183,ITA,23.02,34,1520,CC66,,,Andrea Collarini,L,183,ARG,33.281,207,272,7-6(4) 7-6(7),3,R16,127,10,3,82,53,43,14,12,2,3,3,4,100,70,45,15,12,3,4
2025-2863,Turin,Clay,32,C,O,20250513,14,P0CT,,,Francesco Passaro,R,180,ITA,24.345,101,593,D0FJ,2,,Luciano Darderi,R,183,ITA,23.242,46,1204,7-6(3) 6-4,3,R16,117,3,4,73,43,36,15,11,3,4,4,3,91,63,42,12,11,12,14
2025-2863,Turin,Clay,32,C,O,20250513,15,EA24,3,,Tomas Martin Etcheverry,R,196,ARG,25.821,51,1015,SS25,,,Vitaliy Sachko,R,188,UKR,27.83,254,220,7-6(2) 7-6(8),3,R16,144,11,2,86,59,47,13,12,3,4,2,1,83,59,40,15,12,1,2
2025-2863,Turin,Clay,32,C,O,20250513,16,U182,5,,Camilo Ugo Carabelli,R,185,ARG,25.906,60,944,N0BG,,,Luca Nardi,R,185,ITA,21.769,95,632,6-2 6-4,3,R16,89,3,1,57,40,27,10,9,4,5,1,6,60,31,21,11,9,4,8
2025-2863,Turin,Clay,32,C,O,20250513,17,AE14,6,,Daniel Altmaier,R,188,GER,26.667,71,872,C0C8,,,Juan Manuel Cerundolo,L,183,ARG,23.491,115,520,6-3 6-2,3,R16,78,6,2,56,35,30,10,9,2,2,2,4,52,25,16,14,8,4,7
2025-2863,Turin,Clay,32,C,O,20250513,18,Y09V,7,,Yunchaokete Bu,R,185,CHN,23.313,73,857,F510,,,Fabio Fognini,R,178,ITA,37.971,107,566,7-5 6-2,3,R16,86,10,1,58,33,29,14,10,0,0,0,4,71,41,26,15,10,11,14
2025-2863,Turin,Clay,32,C,O,20250513,19,BK92,8,,Alexander Bublik,R,196,KAZ,27.904,76,820,N0CS,,,Federico Arnaboldi,R,183,AUT,22.683,179,305,0-6 6-3 6-3,3,R16,95,9,3,62,37,30,13,12,2,5,3,4,85,46,29,20,12,8,11
2025-2863,Turin,Clay,32,C,O,20250513,20,T0AP,,,Chun-Hsin Tseng,R,175,TPE,23.762,102,593,A829,,,Carlos Sanchez Jover,R,175,MDA,35.502,277,194,6-2 6-4,3,R16,93,2,0,64,35,25,19,9,8,8,1,3,68,44,29,9,9,10,13
2025-2863,Turin,Clay,32,C,O,20250513,21,AE14,6,,Daniel Altmaier,R,188,GER,26.667,71,872,C0E9,,,Flavio Cobolli,R,183,ITA,23.02,34,1520,6-3 7-5,3,QF,122,6,2,71,36,24,21,11,5,7,5,3,105,56,32,22,10,18,22
2025-2863,Turin,Clay,32,C,O,20250513,22,BK92,8,,Alexander Bublik,R,196,KAZ,27.904,76,820,EA24,3,,Tomas Martin Etcheverry,R,196,ARG,25.821,51,1015,6-2 3-6 7-5,3,QF,122,11,6,90,54,39,17,15,4,7,9,1,86,57,38,14,14,4,8
2025-2863,Turin,Clay,32,C,O,20250513,23,U182,5,,Camilo Ugo Carabelli,R,185,ARG,25.906,60,944,T0AP,,,Chun-Hsin Tseng,R,175,TPE,23.762,102,593,1-6 7-6(2) 6-1,3,QF,179,1,2,84,50,34,18,12,7,10,4,4,125,70,43,27,14,11,15
2025-2863,Turin,Clay,32,C,O,20250513,24,Y09V,7,,Yunchaokete Bu,R,185,CHN,23.313,73,857,P0CT,,,Francesco Passaro,R,180,ITA,24.345,101,593,5-5 RET,3,QF,49,2,1,31,16,13,6,5,0,1,1,0,41,35,23,1,5,4,5
2025-2863,Turin,Clay,32,C,O,20250513,25,Y09V,7,,Yunchaokete Bu,R,185,CHN,23.313,73,857,U182,5,,Camilo Ugo Carabelli,R,185,ARG,25.906,60,944,6-3 6-2,3,SF,,,,,,,,,,,,,,,,,,,
2025-2863,Turin,Clay,32,C,O,20250513,26,BK92,8,,Alexander Bublik,R,196,KAZ,27.904,76,820,AE14,6,,Daniel Altmaier,R,188,GER,26.667,71,872,6-2 6-4,3,SF,67,7,5,59,31,29,13,9,1,1,8,0,53,29,22,11,9,4,7
2025-2863,Turin,Clay,32,C,O,20250513,27,BK92,8,,Alexander Bublik,R,196,KAZ,27.904,76,820,Y09V,7,,Yunchaokete Bu,R,185,CHN,23.313,73,857,6-3 6-3,3,F,73,6,2,47,26,20,11,9,0,2,6,1,66,35,23,11,9,4,9
2025-3824,Bordeaux,Clay,32,C,O,20250513,1,HB64,5,,Quentin Halys,R,191,FRA,28.545,52,1015,Z419,,,Bernabe Zapata Miralles,R,183,ESP,28.331,330,155,6-4 6-3,3,R32,85,10,3,74,41,35,11,10,6,7,1,2,50,39,25,4,9,1,4
2025-3824,Bordeaux,Clay,32,C,O,20250513,2,D923,6,,Damir Dzumhur,R,175,BIH,32.98,69,881,BK19,,,Mathias Bourgue,R,188,FRA,31.316,515,76,7-6(5) 6-2,3,R32,94,1,1,66,47,34,11,10,4,4,5,2,68,48,34,8,10,4,6
2025-3824,Bordeaux,Clay,32,C,O,20250513,3,G09O,7,,Hugo Gaston,L,173,FRA,24.627,78,793,N897,,,Sumit Nagal,R,178,IND,27.74,169,332,6-3 6-4,3,R32,94,1,3,69,49,36,8,9,9,10,1,0,69,45,29,8,10,3,7
2025-3824,Bordeaux,Clay,32,C,O,20250513,4,HB48,,,Calvin Hemery,R,191,FRA,30.289,176,313,K0AZ,8,,Aleksandar Kovacevic,R,183,USA,26.705,80,785,7-5 3-6 6-3,3,R32,120,15,4,77,50,40,14,15,2,4,10,10,92,53,41,20,15,6,9
2025-3824,Bordeaux,Clay,32,C,O,20250513,5,A0GC,,,Terence Atmane,L,193,FRA,23.34,119,503,GE33,,,Daniel Elahi Galan,R,191,COL,28.901,124,484,7-5 7-5,3,R32,108,7,3,78,46,36,20,12,8,8,1,4,77,56,39,10,12,3,5
2025-3824,Bordeaux,Clay,32,C,O,20250513,6,BG23,,,Nikoloz Basilashvili,R,185,GEO,33.218,157,361,R772,,,Albert Ramos-Vinolas,L,188,ESP,37.32,259,218,6-2 6-2,3,R32,65,6,2,47,28,22,12,8,1,1,3,0,50,32,20,6,8,5,9
2025-3824,Bordeaux,Clay,32,C,O,20250513,7,HD68,,,Billy Harris,R,193,GBR,30.297,105,577,W367,,,Stan Wawrinka,R,183,SUI,40.126,132,445,3-6 6-2 6-1,3,R32,103,8,2,71,42,32,15,12,2,4,6,1,73,44,28,12,12,2,7
2025-3824,Bordeaux,Clay,32,C,O,20250513,8,HG94,,,Benjamin Hassan,R,183,LBN,30.27,239,234,BK24,,,Gregoire Barrere,R,183,FRA,31.236,222,254,6-3 3-1 RET,3,R32,56,2,2,52,23,18,16,6,2,2,2,4,50,26,17,10,7,5,8
2025-3824,Bordeaux,Clay,32,C,O,20250513,9,H996,,,Pierre-Hugues Herbert,R,188,FRA,34.155,148,389,DA81,,,Taro Daniel,R,191,JPN,32.29,138,423,7-6(5) 6-2,3,R32,105,11,5,65,39,30,12,10,2,4,1,3,73,45,24,15,10,3,7
2025-3824,Bordeaux,Clay,32,C,O,20250513,10,H0BH,,,Rinky Hijikata,R,178,AUS,24.216,82,761,B0NN,,,Nishesh Basavareddy,R,180,USA,20.03,100,594,6-3 4-6 6-4,3,R32,145,1,1,95,60,38,21,14,6,9,3,4,91,54,39,16,15,5,10
2025-3824,Bordeaux,Clay,32,C,O,20250513,11,K926,,,Mikhail Kukushkin,R,183,KAZ,37.38,165,341,K09F,,,Pavel Kotov,R,191,RUS,26.483,136,437,7-6(6) 6-4,3,R32,130,0,1,78,52,37,15,11,8,9,4,5,81,44,35,17,11,6,8
2025-3824,Bordeaux,Clay,32,C,O,20250513,12,S0H2,,,Alexander Shevchenko,R,188,KAZ,24.452,97,605,GF95,,,Hugo Grenier,R,196,FRA,29.139,172,317,7-6(4) 6-1,3,R32,105,3,2,70,38,31,17,10,1,2,6,1,73,55,34,7,9,4,7
2025-3824,Bordeaux,Clay,32,C,O,20250513,13,N0AE,1,,Brandon Nakashima,R,188,USA,23.775,29,1675,K926,,,Mikhail Kukushkin,R,183,KAZ,37.38,165,341,6-3 7-5,3,R16,86,7,0,52,31,28,17,11,0,0,2,0,62,42,27,12,10,3,5
2025-3824,Bordeaux,Clay,32,C,O,20250513,14,H0BH,,,Rinky Hijikata,R,178,AUS,24.216,82,761,B0BI,2,,Sebastian Baez,R,170,ARG,24.372,33,1540,6-4 3-6 6-2,3,R16,135,3,2,108,68,43,23,13,6,7,5,2,88,71,47,8,14,7,10
2025-3824,Bordeaux,Clay,32,C,O,20250513,15,GJ37,3,,Tallon Griekspoor,R,188,NED,28.862,35,1505,HD68,,,Billy Harris,R,193,GBR,30.297,105,577,6-3 6-4,3,R16,69,11,1,49,34,28,12,10,0,0,1,3,55,33,26,8,9,0,2
2025-3824,Bordeaux,Clay,32,C,O,20250513,16,M0GZ,4,,Giovanni Mpetshi Perricard,R,203,FRA,21.848,36,1464,H996,,,Pierre-Hugues Herbert,R,188,FRA,34.155,148,389,6-3 7-6(7),3,R16,106,12,3,60,33,29,18,10,1,1,4,8,91,56,37,18,11,4,6
2025-3824,Bordeaux,Clay,32,C,O,20250513,17,BG23,,,Nikoloz Basilashvili,R,185,GEO,33.218,157,361,HB64,5,,Quentin Halys,R,191,FRA,28.545,52,1015,7-6(7) 7-6(4),3,R16,96,14,3,80,47,42,18,12,3,3,14,0,77,55,43,13,12,1,1
2025-3824,Bordeaux,Clay,32,C,O,20250513,18,HG94,,,Benjamin Hassan,R,183,LBN,30.27,239,234,D923,6,,Damir Dzumhur,R,175,BIH,32.98,69,881,3-6 6-3 6-1,3,R16,98,3,4,69,36,28,14,12,5,8,1,4,76,57,35,6,13,4,10
2025-3824,Bordeaux,Clay,32,C,O,20250513,19,A0GC,,,Terence Atmane,L,193,FRA,23.34,119,503,G09O,7,,Hugo Gaston,L,173,FRA,24.627,78,793,1-6 6-3 6-3,3,R16,101,5,2,83,51,34,16,13,5,8,2,0,73,52,31,13,12,3,6
2025-3824,Bordeaux,Clay,32,C,O,20250513,20,S0H2,,,Alexander Shevchenko,R,188,KAZ,24.452,97,605,HB48,,,Calvin Hemery,R,191,FRA,30.289,176,313,6-3 6-4,3,R16,77,6,1,58,45,40,4,10,4,4,5,3,54,38,28,6,9,3,5
2025-3824,Bordeaux,Clay,32,C,O,20250513,21,BG23,,,Nikoloz Basilashvili,R,185,GEO,33.218,157,361,N0AE,1,,Brandon Nakashima,R,188,USA,23.775,29,1675,6-2 6-7(4) 6-3,3,QF,119,12,2,82,48,38,24,15,1,2,7,2,91,66,42,15,14,4,8
2025-3824,Bordeaux,Clay,32,C,O,20250513,22,GJ37,3,,Tallon Griekspoor,R,188,NED,28.862,35,1505,A0GC,,,Terence Atmane,L,193,FRA,23.34,119,503,7-6(3) 6-7(11) 7-5,3,QF,174,9,0,112,73,61,23,18,0,1,16,5,153,93,70,28,18,12,14
2025-3824,Bordeaux,Clay,32,C,O,20250513,23,M0GZ,4,,Giovanni Mpetshi Perricard,R,203,FRA,21.848,36,1464,S0H2,,,Alexander Shevchenko,R,188,KAZ,24.452,97,605,7-5 7-5,3,QF,83,14,2,64,38,31,15,12,4,6,4,2,69,43,27,14,12,3,7
2025-3824,Bordeaux,Clay,32,C,O,20250513,24,H0BH,,,Rinky Hijikata,R,178,AUS,24.216,82,761,HG94,,,Benjamin Hassan,R,183,LBN,30.27,239,234,6-4 7-6(3),3,QF,96,2,3,82,56,43,11,11,5,7,4,6,74,41,29,16,11,2,5
2025-3824,Bordeaux,Clay,32,C,O,20250513,25,BG23,,,Nikoloz Basilashvili,R,185,GEO,33.218,157,361,GJ37,3,,Tallon Griekspoor,R,188,NED,28.862,35,1505,6-4 6-0,3,SF,60,2,1,50,26,19,15,8,3,4,2,3,43,25,13,8,8,0,5
2025-3824,Bordeaux,Clay,32,C,O,20250513,26,M0GZ,4,,Giovanni Mpetshi Perricard,R,203,FRA,21.848,36,1464,H0BH,,,Rinky Hijikata,R,178,AUS,24.216,82,761,7-5 7-6(5),3,SF,112,11,3,77,48,40,14,12,2,3,5,4,86,54,40,16,12,5,7
2025-3824,Bordeaux,Clay,32,C,O,20250513,27,M0GZ,4,,Giovanni Mpetshi Perricard,R,203,FRA,21.848,36,1464,BG23,,,Nikoloz Basilashvili,R,185,GEO,33.218,157,361,6-3 6-7(5) 7-5,3,F,136,26,10,119,77,62,20,17,11,12,7,1,94,57,43,21,16,3,6
2025-2869,Skopje,Clay,32,C,O,20250519,1,DA31,1,,Hugo Dellien,R,180,BOL,31.923,96,641,K0EU,,,Toby Kodat,R,178,USA,22.346,387,124,6-4 6-3,3,R32,74,1,1,52,38,26,9,10,0,2,4,1,58,42,24,5,9,6,10
2025-2869,Skopje,Clay,32,C,O,20250519,2,CI14,3,,Jay Clarke,R,183,GBR,26.812,250,224,SO20,,,Jelle Sels,R,188,NED,29.774,329,156,6-3 6-2,3,R32,88,2,1,59,39,24,12,9,6,8,0,2,47,26,15,5,8,2,7
2025-2869,Skopje,Clay,32,C,O,20250519,3,RB60,4,,Oriol Roca Batalla,R,175,ESP,32.052,330,155,O0AD,,,Neil Oberleitner,R,191,AUT,25.788,384,125,6-7(2) 6-3 6-4,3,R32,170,4,6,121,73,51,28,16,8,9,2,5,103,66,47,19,15,9,12
2025-2869,Skopje,Clay,32,C,O,20250519,4,DC76,5,,Viktor Durasovic,R,185,NOR,28.167,249,224,TA12,,,Stefano Travaglia,R,185,ITA,33.391,298,176,4-6 6-4 7-6(5),3,R32,148,4,3,95,45,30,28,16,2,6,4,3,112,68,46,24,16,7,11
2025-2869,Skopje,Clay,32,C,O,20250519,5,S0MN,6,,Marat Sharipov,R,188,RUS,22.609,245,226,M0KA,,,Yanaki Milev,R,180,BUL,21.092,633,51,7-5 6-3,3,R32,92,5,3,72,39,31,15,11,2,3,2,2,64,44,26,10,10,2,5
2025-2869,Skopje,Clay,32,C,O,20250519,6,M0E1,,,Daniel Michalski,R,180,POL,25.352,324,160,H0CX,7,,Max Houkes,L,188,NED,24.876,253,222,7-6(4) 4-6 7-6(8),3,R32,234,2,2,115,70,41,21,17,6,13,1,3,120,71,42,23,17,4,10
2025-2869,Skopje,Clay,32,C,O,20250519,7,P0GQ,8,,Mili Poljicak,R,185,CRO,20.849,274,198,I0AP,,,Kalin Ivanovski,R,196,MKD,21.021,982,15,6-4 6-7(5) 6-4,3,R32,176,5,4,113,56,36,33,16,10,12,4,5,102,57,42,21,16,6,10
2025-2869,Skopje,Clay,32,C,O,20250519,8,AA27,,,Franco Agamenone,R,191,ITA,32.093,485,84,S0NV,,,Abdullah Shelbayh,L,180,JOR,21.506,277,193,6-4 7-5,3,R32,123,1,2,71,43,30,13,11,4,7,1,7,82,47,31,11,11,8,13
2025-2869,Skopje,Clay,32,C,O,20250519,9,B0LW,,,Mika Brunold,R,191,SUI,20.627,328,157,M0N1,,,Luka Mikrut,R,188,CRO,21.09,280,189,6-3 6-4,3,R32,95,0,7,63,37,27,13,10,1,2,0,2,70,40,24,13,9,7,10
2025-2869,Skopje,Clay,32,C,O,20250519,10,CG04,,,Pedro Cachin,R,185,ARG,30.103,368,133,D0JI,,,Manas Dhamne,R,183,IND,17.388,756,32,6-2 6-1,3,R32,57,1,0,54,27,20,17,8,7,8,0,1,33,17,7,4,7,0,5
2025-2869,Skopje,Clay,32,C,O,20250519,11,DF92,,,Corentin Denolly,L,188,FRA,27.951,302,174,B0U4,,,Nicolai Budkov Kjaer,R,191,NOR,18.713,291,182,7-6(2) 6-1,3,R32,145,0,4,74,50,32,11,9,10,13,3,4,89,58,30,11,10,7,13
2025-2869,Skopje,Clay,32,C,O,20250519,12,F840,,,Nerman Fatic,R,191,BIH,30.568,339,150,A09U,,,Nicolas Alvarez Varona,R,188,ESP,24.003,304,173,6-3 2-6 6-4,3,R32,173,3,1,92,68,41,13,14,4,8,2,5,96,57,38,16,13,9,13
2025-2869,Skopje,Clay,32,C,O,20250519,13,GG65,,,Michael Geerts,R,178,BEL,30.335,275,195,M0SE,,,Maxim Mrva,R,178,CZE,17.796,582,59,6-2 6-1,3,R32,65,0,3,52,31,20,13,8,2,3,2,2,46,28,16,3,7,6,11
2025-2869,Skopje,Clay,32,C,O,20250519,14,N731,,,Christoph Negritu,R,193,GER,31.162,297,176,D0L3,,,Matej Dodig,R,188,CRO,19.833,352,146,6-1 4-6 6-4,3,R32,111,9,3,82,34,27,28,14,3,5,2,6,73,38,26,19,13,1,5
2025-2869,Skopje,Clay,32,C,O,20250519,15,O660,,,Genaro Alberto Olivieri,R,175,ARG,26.79,290,183,M0GY,,,Lilian Marmousez,R,180,FRA,23.373,427,106,6-4 3-6 6-1,3,R32,155,5,1,86,55,38,15,13,6,9,0,4,95,50,24,25,13,6,11
2025-2869,Skopje,Clay,32,C,O,20250519,16,S0WT,,,Joel Schwaerzler,L,188,AUT,19.307,349,147,B0GR,,,Gonzalo Bueno,R,173,PER,21.125,326,160,6-4 6-3,3,R32,103,2,2,64,40,26,13,10,4,6,0,4,60,34,18,12,9,2,6
2025-2869,Skopje,Clay,32,C,O,20250519,17,DA31,1,,Hugo Dellien,R,180,BOL,31.923,96,641,B0LW,,,Mika Brunold,R,191,SUI,20.627,328,157,6-1 4-6 6-4,3,R16,128,3,0,98,64,41,20,14,4,7,3,6,75,44,30,13,13,5,10
2025-2869,Skopje,Clay,32,C,O,20250519,18,CI14,3,,Jay Clarke,R,183,GBR,26.812,250,224,CG04,,,Pedro Cachin,R,185,ARG,30.103,368,133,6-4 6-4,3,R16,109,2,2,73,52,29,13,10,12,15,3,1,77,47,21,17,10,10,15
2025-2869,Skopje,Clay,32,C,O,20250519,19,GG65,,,Michael Geerts,R,178,BEL,30.335,275,195,RB60,4,,Oriol Roca Batalla,R,175,ESP,32.052,330,155,0-6 6-4 7-6(5),3,R16,164,1,3,100,61,42,15,14,11,15,5,3,97,65,44,16,14,8,10
2025-2869,Skopje,Clay,32,C,O,20250519,20,F840,,,Nerman Fatic,R,191,BIH,30.568,339,150,DC76,5,,Viktor Durasovic,R,185,NOR,28.167,249,224,6-3 6-4,3,R16,84,4,2,54,41,30,7,9,2,3,2,3,58,26,16,15,10,3,7
2025-2869,Skopje,Clay,32,C,O,20250519,21,S0WT,,,Joel Schwaerzler,L,188,AUT,19.307,349,147,S0MN,6,,Marat Sharipov,R,188,RUS,22.609,245,226,6-2 6-4,3,R16,84,3,2,56,40,28,10,9,1,2,4,2,61,35,22,10,9,6,10
2025-2869,Skopje,Clay,32,C,O,20250519,22,P0GQ,8,,Mili Poljicak,R,185,CRO,20.849,274,198,O660,,,Genaro Alberto Olivieri,R,175,ARG,26.79,290,183,7-5 6-3,3,R16,89,1,1,59,40,33,10,11,0,1,0,0,58,46,30,6,10,2,5
2025-2869,Skopje,Clay,32,C,O,20250519,23,M0E1,,,Daniel Michalski,R,180,POL,25.352,324,160,DF92,,,Corentin Denolly,L,188,FRA,27.951,302,174,6-1 6-2,3,R16,76,2,0,43,28,20,11,7,1,1,3,0,52,37,17,7,8,4,9
2025-2869,Skopje,Clay,32,C,O,20250519,24,N731,,,Christoph Negritu,R,193,GER,31.162,297,176,AA27,,,Franco Agamenone,R,191,ITA,32.093,485,84,6-4 4-6 6-1,3,R16,150,3,0,86,51,45,14,14,8,10,1,3,100,58,35,22,13,7,11
2025-2869,Skopje,Clay,32,C,O,20250519,25,DA31,1,,Hugo Dellien,R,180,BOL,31.923,96,641,M0E1,,,Daniel Michalski,R,180,POL,25.352,324,160,6-2 6-1,3,QF,75,3,2,54,35,27,9,8,5,5,0,2,51,28,14,9,7,7,11
2025-2869,Skopje,Clay,32,C,O,20250519,26,CI14,3,,Jay Clarke,R,183,GBR,26.812,250,224,S0WT,,,Joel Schwaerzler,L,188,AUT,19.307,349,147,6-3 6-1,3,QF,97,2,0,58,42,30,7,8,4,5,1,4,58,32,17,9,8,4,9
2025-2869,Skopje,Clay,32,C,O,20250519,27,P0GQ,8,,Mili Poljicak,R,185,CRO,20.849,274,198,GG65,,,Michael Geerts,R,178,BEL,30.335,275,195,7-6(3) 6-1,3,QF,98,6,2,52,32,25,9,9,0,2,1,3,70,35,18,16,10,0,5
2025-2869,Skopje,Clay,32,C,O,20250519,28,F840,,,Nerman Fatic,R,191,BIH,30.568,339,150,N731,,,Christoph Negritu,R,193,GER,31.162,297,176,3-6 7-6(6) 6-2,3,QF,142,2,0,88,68,40,14,14,3,7,6,3,101,56,35,19,15,9,14
2025-2869,Skopje,Clay,32,C,O,20250519,29,CI14,3,,Jay Clarke,R,183,GBR,26.812,250,224,DA31,1,,Hugo Dellien,R,180,BOL,31.923,96,641,7-6(4) 6-3,3,SF,117,2,3,71,43,28,16,11,2,5,2,3,76,52,28,13,10,5,9
2025-2869,Skopje,Clay,32,C,O,20250519,30,F840,,,Nerman Fatic,R,191,BIH,30.568,339,150,P0GQ,8,,Mili Poljicak,R,185,CRO,20.849,274,198,6-4 5-7 6-4,3,SF,179,1,3,88,59,41,15,16,0,4,2,0,112,63,44,19,16,10,15
2025-2869,Skopje,Clay,32,C,O,20250519,31,CI14,3,,Jay Clarke,R,183,GBR,26.812,250,224,F840,,,Nerman Fatic,R,191,BIH,30.568,339,150,6-2 6-3,3,F,84,0,0,57,39,26,11,9,0,1,0,2,44,30,18,4,8,0,4
2025-2925,Tbilisi,Hard,32,C,O,20250519,1,M0ON,1,,Johannus Monday,L,198,GBR,23.321,252,223,H0BF,,,Philip Henning,R,180,RSA,24.52,360,141,6-4 3-6 7-5,3,R32,117,14,1,81,54,45,15,15,5,6,5,3,85,62,48,13,16,3,5
2025-2925,Tbilisi,Hard,32,C,O,20250519,2,S0O6,2,,Ilia Simakin,R,193,RUS,21.561,247,225,VA23,,,Kris Van Wyk,R,185,RSA,28.635,397,118,6-0 6-1,3,R32,40,6,0,33,25,21,7,7,0,0,0,6,51,26,13,8,6,5,10
2025-2925,Tbilisi,Hard,32,C,O,20250519,3,C0HB,3,,Eliakim Coulibaly,L,180,CIV,23.039,272,198,J0D2,,,Maximus Jones,R,185,THA,20.701,419,110,6-3 7-6(6),3,R32,85,10,3,58,41,36,11,10,0,0,0,1,73,45,35,14,11,3,5
2025-2925,Tbilisi,Hard,32,C,O,20250519,4,P0EA,4,,Saba Purtseladze,R,191,GEO,23.745,286,185,H0DC,,,Giles Hussey,L,185,GBR,27.981,433,104,2-6 7-6(2) 7-5,3,R32,151,9,5,99,58,43,24,16,5,7,8,2,116,76,51,22,16,5,6
2025-2925,Tbilisi,Hard,32,C,O,20250519,5,G0BY,,,Daniil Glinka,L,188,EST,25.018,393,120,SX90,5,,Fajing Sun,R,178,CHN,28.624,198,280,6-3 6-4,3,R32,80,6,2,65,43,32,12,10,2,2,1,1,54,37,26,8,9,3,5
2025-2925,Tbilisi,Hard,32,C,O,20250519,6,BV21,,,Charles Broom,R,178,GBR,27.069,320,161,BE90,6,,Ricardas Berankis,R,175,LTU,34.91,317,164,4-6 6-4 7-6(5),3,R32,150,9,5,94,58,42,15,16,1,5,8,2,115,74,49,18,16,9,13
2025-2925,Tbilisi,Hard,32,C,O,20250519,7,C0NB,8,,Federico Cina,R,185,ITA,18.138,323,160,B0LQ,,,Petr Bar Biryukov,L,196,RUS,23.22,346,148,6-4 6-4,3,R32,67,2,2,48,26,25,15,10,0,0,8,2,64,38,29,9,10,0,2
2025-2925,Tbilisi,Hard,32,C,O,20250519,8,S0GV,9,,Robert Strombachs,R,191,LAT,25.676,336,153,S0HR,,,Kasidit Samrej,R,191,THA,24.326,388,123,6-4 6-2,3,R32,63,8,2,61,37,30,14,9,5,5,5,2,47,31,23,6,9,2,5
2025-2925,Tbilisi,Hard,32,C,O,20250519,9,B0BU,,,Florent Bax,R,185,FRA,25.925,382,125,U120,,,Kaichi Uchida,R,180,JPN,30.738,470,91,7-6(3) 6-4,3,R32,94,12,1,65,45,34,17,11,2,2,9,1,76,48,36,16,11,7,8
2025-2925,Tbilisi,Hard,32,C,O,20250519,10,C0BH,,,Clement Chidekh,R,180,FRA,23.932,309,172,KD87,,,Evgeny Karlovskiy,R,191,RUS,30.782,416,111,6-1 6-3,3,R32,61,6,3,50,34,25,11,8,5,5,5,4,53,34,21,6,8,4,8
2025-2925,Tbilisi,Hard,32,C,O,20250519,11,D0DT,,,Martin Damm,L,203,USA,21.634,740,33,S0TM,,,Toby Samuel,R,191,GBR,22.7,1343,5,6-7(4) 7-6(3) 6-3,3,R32,139,25,6,111,69,60,19,17,0,0,10,6,112,61,46,29,16,4,5
2025-2925,Tbilisi,Hard,32,C,O,20250519,12,F0A3,,,Sergey Fomin,R,180,UZB,24.293,462,93,BP74,,,Aleksandre Bakshi,L,180,GEO,27.844,448,98,6-3 6-7(5) 6-1,3,R32,119,13,0,97,62,50,17,15,2,3,5,6,89,54,36,15,13,7,11
2025-2925,Tbilisi,Hard,32,C,O,20250519,13,L0CF,,,George Loffhagen,R,188,GBR,24.082,316,165,T0AG,,,Zura Tkemaladze,R,188,GEO,24.956,788,29,6-2 6-1,3,R32,74,11,2,32,22,21,7,7,0,0,0,4,47,27,11,9,8,1,6
2025-2925,Tbilisi,Hard,32,C,O,20250519,14,P0HP,,,Lukas Pokorny,R,191,SVK,23.22,412,112,G0AO,,,Alastair Gray,R,193,GBR,26.908,379,127,6-2 6-3,3,R32,49,8,0,41,30,26,7,8,3,3,3,2,48,27,19,8,9,1,5
2025-2925,Tbilisi,Hard,32,C,O,20250519,15,S0TX,,,Henry Searle,L,193,GBR,19.14,444,100,A0F3,,,Fabrizio Andaloro,R,185,ITA,24.296,475,89,6-7(4) 7-6(2) 6-3,3,R32,160,17,9,126,74,55,30,16,15,16,8,6,117,71,55,21,17,8,11
2025-2925,Tbilisi,Hard,32,C,O,20250519,16,S0R5,,,Ilya Snitari,R,188,MDA,23.165,656,46,I426,,,Masamichi Imamura,R,178,JPN,26.486,345,148,6-4 6-1,3,R32,81,2,2,58,31,21,17,9,5,6,2,2,59,44,26,4,8,1,5
2025-2925,Tbilisi,Hard,32,C,O,20250519,17,P0HP,,,Lukas Pokorny,R,191,SVK,23.22,412,112,M0ON,1,,Johannus Monday,L,198,GBR,23.321,252,223,7-6(3) 6-4,3,R16,96,5,2,70,45,33,16,11,3,4,2,5,77,48,33,16,11,5,7
2025-2925,Tbilisi,Hard,32,C,O,20250519,18,L0CF,,,George Loffhagen,R,188,GBR,24.082,316,165,S0O6,2,,Ilia Simakin,R,193,RUS,21.561,247,225,6-4 7-5,3,R16,79,14,2,58,36,33,11,11,0,0,7,3,69,42,29,16,11,5,7
2025-2925,Tbilisi,Hard,32,C,O,20250519,19,C0HB,3,,Eliakim Coulibaly,L,180,CIV,23.039,272,198,B0BU,,,Florent Bax,R,185,FRA,25.925,382,125,6-2 6-7(4) 7-6(1),3,R16,139,11,3,89,56,51,20,16,0,0,6,2,115,81,54,17,16,5,7
2025-2925,Tbilisi,Hard,32,C,O,20250519,20,P0EA,4,,Saba Purtseladze,R,191,GEO,23.745,286,185,F0A3,,,Sergey Fomin,R,180,UZB,24.293,462,93,6-3 7-6(4),3,R16,93,15,6,82,51,37,19,11,4,4,6,1,63,41,29,13,10,0,1
2025-2925,Tbilisi,Hard,32,C,O,20250519,21,C0NB,8,,Federico Cina,R,185,ITA,18.138,323,160,S0R5,,,Ilya Snitari,R,188,MDA,23.165,656,46,6-1 7-5,3,R16,67,3,0,56,32,28,13,10,1,1,1,2,51,34,24,5,9,2,5
2025-2925,Tbilisi,Hard,32,C,O,20250519,22,D0DT,,,Martin Damm,L,203,USA,21.634,740,33,S0GV,9,,Robert Strombachs,R,191,LAT,25.676,336,153,6-1 6-3,3,R16,44,6,1,35,28,27,5,8,0,0,4,1,41,26,15,6,8,1,5
2025-2925,Tbilisi,Hard,32,C,O,20250519,23,BV21,,,Charles Broom,R,178,GBR,27.069,320,161,C0BH,,,Clement Chidekh,R,180,FRA,23.932,309,172,6-3 3-6 6-4,3,R16,133,3,3,96,69,36,18,14,4,9,4,4,94,57,33,17,14,4,10
2025-2925,Tbilisi,Hard,32,C,O,20250519,24,G0BY,,,Daniil Glinka,L,188,EST,25.018,393,120,S0TX,,,Henry Searle,L,193,GBR,19.14,444,100,7-6(4) 6-3,3,R16,95,4,3,70,44,34,15,11,3,4,3,3,72,40,28,18,10,7,9
2025-2925,Tbilisi,Hard,32,C,O,20250519,25,C0NB,8,,Federico Cina,R,185,ITA,18.138,323,160,C0HB,3,,Eliakim Coulibaly,L,180,CIV,23.039,272,198,6-4 7-6(4),3,QF,97,7,9,80,46,34,17,11,8,10,4,4,74,43,31,11,11,2,5
2025-2925,Tbilisi,Hard,32,C,O,20250519,26,P0EA,4,,Saba Purtseladze,R,191,GEO,23.745,286,185,G0BY,,,Daniil Glinka,L,188,EST,25.018,393,120,7-6(5) 5-7 7-6(10),3,QF,142,13,4,111,74,64,18,18,1,3,11,3,114,75,61,23,18,4,5
2025-2925,Tbilisi,Hard,32,C,O,20250519,27,BV21,,,Charles Broom,R,178,GBR,27.069,320,161,P0HP,,,Lukas Pokorny,R,191,SVK,23.22,412,112,3-6 6-4 6-0,3,QF,105,3,4,79,57,43,11,13,4,6,12,2,89,46,33,17,12,6,10
2025-2925,Tbilisi,Hard,32,C,O,20250519,28,D0DT,,,Martin Damm,L,203,USA,21.634,740,33,L0CF,,,George Loffhagen,R,188,GBR,24.082,316,165,W/O,3,QF,,,,,,,,,,,,,,,,,,,
2025-2925,Tbilisi,Hard,32,C,O,20250519,29,P0EA,4,,Saba Purtseladze,R,191,GEO,23.745,286,185,D0DT,,,Martin Damm,L,203,USA,21.634,740,33,7-5 6-7(4) 7-6(7),3,SF,144,24,7,113,61,50,30,18,0,1,21,5,102,63,56,21,18,2,4
2025-2925,Tbilisi,Hard,32,C,O,20250519,30,C0NB,8,,Federico Cina,R,185,ITA,18.138,323,160,BV21,,,Charles Broom,R,178,GBR,27.069,320,161,6-2 6-7(5) 7-6(5),3,SF,137,10,1,104,69,51,17,16,0,2,12,3,109,75,54,16,16,7,11
2025-2925,Tbilisi,Hard,32,C,O,20250519,31,P0EA,4,,Saba Purtseladze,R,191,GEO,23.745,286,185,C0NB,8,,Federico Cina,R,185,ITA,18.138,323,160,7-6(5) 6-4,3,F,93,7,3,69,43,35,14,11,3,3,7,4,72,39,32,13,11,3,4
2025-2993,Chisinau,Hard,32,C,O,20250526,1,S0O6,1,,Ilia Simakin,R,193,RUS,21.58,249,226,R0K9,,,Charlie Robertson,R,170,GBR,18.634,1168,8,7-5 7-6(6),3,R32,115,5,3,81,55,35,15,12,3,6,2,6,100,55,33,20,12,8,12
2025-2993,Chisinau,Hard,32,C,O,20250526,2,S0GV,,,Robert Strombachs,R,191,LAT,25.695,338,153,CI14,2,,Jay Clarke,R,183,GBR,26.831,186,298,6-3 6-4,3,R32,86,6,0,73,46,34,14,10,7,7,3,3,46,24,20,12,9,1,3
2025-2993,Chisinau,Hard,32,C,O,20250526,3,Y171,3,,Denis Yevseyev,R,188,KAZ,32.011,275,199,W0AH,,,Harry Wendelken,R,178,GBR,23.436,500,79,3-6 6-1 6-4,3,R32,119,5,3,68,41,26,13,13,3,8,7,6,76,39,26,14,13,0,7
2025-2993,Chisinau,Hard,32,C,O,20250526,4,A829,4,,Radu Albot,R,175,MDA,35.537,283,190,BE90,,,Ricardas Berankis,R,175,LTU,34.93,321,164,7-6(3) 4-6 7-6(7),3,R32,186,3,3,111,80,59,15,17,7,9,8,3,132,80,55,28,17,8,9
2025-2993,Chisinau,Hard,32,C,O,20250526,5,B0LQ,,,Petr Bar Biryukov,L,196,RUS,23.239,340,150,P0EA,5,,Saba Purtseladze,R,191,GEO,23.765,238,236,6-4 7-6(2),3,R32,76,12,0,61,37,33,17,11,0,0,7,2,64,43,34,11,11,1,2
2025-2993,Chisinau,Hard,32,C,O,20250526,6,H0DC,,,Giles Hussey,L,185,GBR,28,434,103,B0JJ,6,,Robin Bertrand,R,178,FRA,22.198,366,131,7-5 6-1,3,R32,,,,,,,,,,,,,,,,,,,
2025-2993,Chisinau,Hard,32,C,O,20250526,7,GA79,7,,Lorenzo Giustino,R,180,ITA,33.708,282,191,G0AO,,,Alastair Gray,R,193,GBR,26.927,377,127,6-2 4-6 7-6(7),3,R32,152,12,2,101,69,47,19,15,8,10,11,3,95,61,42,15,15,3,6
2025-2993,Chisinau,Hard,32,C,O,20250526,8,C0BH,8,,Clement Chidekh,R,180,FRA,23.951,297,179,P0HP,,,Lukas Pokorny,R,191,SVK,23.239,388,122,6-2 7-5,3,R32,87,3,1,65,40,29,15,10,2,2,8,0,68,47,30,9,10,7,10
2025-2993,Chisinau,Hard,32,C,O,20250526,9,H0BF,,,Philip Henning,R,180,RSA,24.539,360,138,G0BY,,,Daniil Glinka,L,188,EST,25.038,398,115,2-6 7-6(3) 7-5,3,R32,145,6,1,105,74,55,17,16,7,9,9,4,104,63,47,25,16,2,3
2025-2993,Chisinau,Hard,32,C,O,20250526,10,I306,,,Cem Ilkel,R,185,TUR,29.763,521,72,MP13,,,Mukund Sasikumar,R,185,IND,28.361,438,102,6-4 6-3,3,R32,82,8,0,51,29,25,11,9,3,4,2,1,66,49,24,11,10,6,10
2025-2993,Chisinau,Hard,32,C,O,20250526,11,I426,,,Masamichi Imamura,R,178,JPN,26.505,345,148,S0HR,,,Kasidit Samrej,R,191,THA,24.345,382,123,6-4 7-5,3,R32,79,8,0,60,43,37,9,11,0,0,9,3,72,50,36,11,11,11,13
2025-2993,Chisinau,Hard,32,C,O,20250526,12,KD87,,,Evgeny Karlovskiy,R,191,RUS,30.801,437,102,GC89,,,Egor Gerasimov,R,196,BLR,32.537,530,69,6-4 6-4,3,R32,77,5,2,58,40,28,10,10,6,9,0,1,57,36,20,9,10,4,9
2025-2993,Chisinau,Hard,32,C,O,20250526,13,P0BK,,,Stuart Parker,R,185,GBR,27.822,469,91,S0R5,,,Ilya Snitari,R,188,MDA,23.184,636,50,6-2 6-1,3,R32,64,5,0,37,24,21,8,7,0,0,0,1,54,39,17,8,8,4,9
2025-2993,Chisinau,Hard,32,C,O,20250526,14,P0IT,,,Olaf Pieczkowski,R,183,POL,21.15,511,76,BP74,,,Aleksandre Bakshi,L,180,GEO,27.863,543,67,7-6(6) 2-0 RET,3,R32,72,3,1,44,30,20,10,7,3,4,1,2,47,24,14,14,7,3,5
2025-2993,Chisinau,Hard,32,C,O,20250526,15,S0TM,,,Toby Samuel,R,191,GBR,22.719,1352,5,M0GY,,,Lilian Marmousez,R,180,FRA,23.392,421,108,7-5 6-2,3,R32,66,12,2,47,38,33,5,10,0,1,2,3,66,38,21,13,10,4,8
2025-2993,Chisinau,Hard,32,C,O,20250526,16,U120,,,Kaichi Uchida,R,180,JPN,30.757,444,99,BV21,,,Charles Broom,R,178,GBR,27.088,314,171,7-6(2) 6-7(3) 7-6(7),3,R32,183,15,1,136,82,64,26,18,5,6,18,2,118,76,59,22,18,0,1
2025-2993,Chisinau,Hard,32,C,O,20250526,17,S0O6,1,,Ilia Simakin,R,193,RUS,21.58,249,226,H0BF,,,Philip Henning,R,180,RSA,24.539,360,138,6-4 6-1,3,R16,75,8,2,67,40,30,12,9,6,7,1,0,50,37,18,7,8,1,5
2025-2993,Chisinau,Hard,32,C,O,20250526,18,U120,,,Kaichi Uchida,R,180,JPN,30.757,444,99,Y171,3,,Denis Yevseyev,R,188,KAZ,32.011,275,199,7-6(5) 7-6(2),3,R16,109,5,0,79,55,40,13,12,0,2,10,4,82,62,45,8,12,2,4
2025-2993,Chisinau,Hard,32,C,O,20250526,19,S0TM,,,Toby Samuel,R,191,GBR,22.719,1352,5,A829,4,,Radu Albot,R,175,MDA,35.537,283,190,6-4 6-3,3,R16,75,6,1,64,42,31,12,10,4,5,4,1,54,38,25,5,9,1,4
2025-2993,Chisinau,Hard,32,C,O,20250526,20,P0BK,,,Stuart Parker,R,185,GBR,27.822,469,91,GA79,7,,Lorenzo Giustino,R,180,ITA,33.708,282,191,6-4 6-2,3,R16,77,10,0,47,29,24,13,9,0,0,3,3,57,35,22,11,9,4,7
2025-2993,Chisinau,Hard,32,C,O,20250526,21,C0BH,8,,Clement Chidekh,R,180,FRA,23.951,297,179,P0IT,,,Olaf Pieczkowski,R,183,POL,21.15,511,76,6-4 0-6 6-1,3,R16,110,1,2,60,37,26,10,11,2,6,10,3,83,59,35,12,12,9,14
2025-2993,Chisinau,Hard,32,C,O,20250526,22,B0LQ,,,Petr Bar Biryukov,L,196,RUS,23.239,340,150,I306,,,Cem Ilkel,R,185,TUR,29.763,521,72,6-4 6-7(5) 7-6(7),3,R16,145,22,4,107,68,58,22,17,4,4,9,1,103,80,61,16,17,4,5
2025-2993,Chisinau,Hard,32,C,O,20250526,23,H0DC,,,Giles Hussey,L,185,GBR,28,434,103,I426,,,Masamichi Imamura,R,178,JPN,26.505,345,148,7-5 6-3,3,R16,95,3,2,67,39,23,17,10,1,3,0,1,68,42,25,12,11,7,12
2025-2993,Chisinau,Hard,32,C,O,20250526,24,S0GV,,,Robert Strombachs,R,191,LAT,25.695,338,153,KD87,,,Evgeny Karlovskiy,R,191,RUS,30.801,437,102,6-3 6-2,3,R16,62,6,1,48,38,33,5,9,0,0,2,3,50,33,19,8,8,6,9
2025-2993,Chisinau,Hard,32,C,O,20250526,25,S0O6,1,,Ilia Simakin,R,193,RUS,21.58,249,226,B0LQ,,,Petr Bar Biryukov,L,196,RUS,23.239,340,150,6-3 4-6 6-2,3,QF,92,2,0,62,42,33,17,13,0,1,10,5,90,63,42,14,14,9,13
2025-2993,Chisinau,Hard,32,C,O,20250526,26,C0BH,8,,Clement Chidekh,R,180,FRA,23.951,297,179,S0GV,,,Robert Strombachs,R,191,LAT,25.695,338,153,6-4 6-0,3,QF,67,3,1,51,38,26,9,8,3,3,1,3,49,37,21,5,8,3,7
2025-2993,Chisinau,Hard,32,C,O,20250526,27,H0DC,,,Giles Hussey,L,185,GBR,28,434,103,U120,,,Kaichi Uchida,R,180,JPN,30.757,444,99,6-4 7-6(4),3,QF,95,7,1,70,49,38,15,11,1,1,5,2,73,48,35,13,11,3,4
2025-2993,Chisinau,Hard,32,C,O,20250526,28,S0TM,,,Toby Samuel,R,191,GBR,22.719,1352,5,P0BK,,,Stuart Parker,R,185,GBR,27.822,469,91,4-6 6-3 6-4,3,QF,126,7,2,115,74,54,22,15,11,12,11,2,74,43,35,18,14,3,5
2025-2993,Chisinau,Hard,32,C,O,20250526,29,S0O6,1,,Ilia Simakin,R,193,RUS,21.58,249,226,H0DC,,,Giles Hussey,L,185,GBR,28,434,103,7-5 6-3,3,SF,81,4,0,57,38,28,14,11,1,2,2,2,69,43,30,11,10,8,11
2025-2993,Chisinau,Hard,32,C,O,20250526,30,C0BH,8,,Clement Chidekh,R,180,FRA,23.951,297,179,S0TM,,,Toby Samuel,R,191,GBR,22.719,1352,5,6-4 6-1,3,SF,81,2,3,53,32,26,10,8,6,7,5,3,63,34,16,12,9,5,10
2025-2993,Chisinau,Hard,32,C,O,20250526,31,C0BH,8,,Clement Chidekh,R,180,FRA,23.951,297,179,S0O6,1,,Ilia Simakin,R,193,RUS,21.58,249,226,7-6(6) 7-5,3,F,115,1,0,79,51,37,18,12,1,1,10,4,79,49,38,14,12,4,5
2025-7015,Vicenza,Clay,32,C,O,20250526,1,T0AP,1,,Chun-Hsin Tseng,R,175,TPE,23.797,94,648,DC48,,,Murkel Dellien,R,193,BOL,27.691,217,258,6-3 6-3,3,R32,93,1,1,57,36,30,11,9,4,4,0,0,59,43,25,7,9,6,9
2025-7015,Vicenza,Clay,32,C,O,20250526,2,K0EP,2,,Jerome Kym,R,198,SUI,22.283,126,466,S0NV,,,Abdullah Shelbayh,L,180,JOR,21.525,287,188,6-4 6-7(6) 3-0 RET,3,R32,125,3,5,74,48,40,12,12,1,2,0,3,85,45,27,22,13,4,8
2025-7015,Vicenza,Clay,32,C,O,20250526,3,R0E0,3,,Chris Rodesch,R,198,LUX,23.855,172,328,E0AC,,,Mathys Erhard,R,188,FRA,23.581,270,208,6-4 6-3,3,R32,80,2,1,57,45,35,7,10,2,2,4,1,55,45,30,4,9,2,4
2025-7015,Vicenza,Clay,32,C,O,20250526,4,B0ID,4,,Ignacio Buse,R,183,PER,21.169,192,291,M0HT,,,Alejandro Moro Canas,R,183,ESP,24.465,198,280,6-4 2-6 7-5,3,R32,163,1,2,91,52,39,19,15,7,11,2,2,98,64,42,17,15,6,10
2025-7015,Vicenza,Clay,32,C,O,20250526,5,A0CJ,5,,Duje Ajdukovic,R,188,CRO,24.301,181,303,RB60,,,Oriol Roca Batalla,R,175,ESP,32.071,324,161,6-4 3-6 6-3,3,R32,138,6,0,117,78,52,17,14,14,17,4,2,75,42,32,16,14,4,8
2025-7015,Vicenza,Clay,32,C,O,20250526,6,N0CS,6,,Lukas Neumayer,R,183,AUT,22.719,182,301,P0J1,,,Rodrigo Pacheco Mendez,L,191,MEX,20.085,266,211,6-2 5-7 6-3,3,R32,128,3,4,90,60,47,17,15,0,1,7,1,76,47,36,12,14,5,8
2025-7015,Vicenza,Clay,32,C,O,20250526,7,H09F,,,Yu Hsiou Hsu,R,178,TPE,26.149,261,215,A0BA,7,,Federico Arnaboldi,R,185,ITA,24.936,185,298,6-2 7-6(6),3,R32,113,0,1,68,43,26,12,10,7,11,0,4,86,57,28,11,10,7,13
2025-7015,Vicenza,Clay,32,C,O,20250526,8,CF01,,,Marco Cecchinato,R,185,ITA,32.652,402,114,H09N,8,,August Holmgren,R,188,DEN,27.094,188,293,6-4 6-3,3,R32,89,2,2,72,46,35,12,10,4,5,1,1,53,41,27,6,9,3,6
2025-7015,Vicenza,Clay,32,C,O,20250526,9,B0PE,,,Federico Bondioli,L,185,ITA,20.027,479,87,J09X,,,Filip Cristian Jianu,R,180,ROU,23.685,236,240,7-6(3) 6-2,3,R32,93,2,0,67,47,36,12,10,4,5,1,2,62,40,22,14,10,2,5
2025-7015,Vicenza,Clay,32,C,O,20250526,10,C0OW,,,Lorenzo Carboni,R,168,ITA,19.242,564,64,M0IF,,,Francesco Maestrelli,R,196,ITA,22.428,229,244,6-3 7-5,3,R32,121,1,0,77,56,34,11,11,6,9,3,2,73,45,28,11,10,4,9
2025-7015,Vicenza,Clay,32,C,O,20250526,11,C0HV,,,Luca Castagnola,R,183,ITA,22.949,644,49,P0AY,,,Luka Pavlovic,R,196,FRA,25.155,216,258,6-4 4-6 7-5,3,R32,155,0,1,113,91,58,14,16,9,11,9,4,110,53,37,32,16,10,13
2025-7015,Vicenza,Clay,32,C,O,20250526,12,K966,,,Martin Klizan,L,191,SVK,35.874,417,109,S0Y0,,,Andres Santamarta Roig,R,180,ESP,18.338,874,22,7-6(3) 6-4,3,R32,107,2,3,70,43,32,14,11,5,7,1,1,71,54,37,9,11,4,7
2025-7015,Vicenza,Clay,32,C,O,20250526,13,MJ98,,,Facundo Mena,R,183,ARG,32.674,214,261,KC04,,,Jozef Kovalik,R,183,SVK,32.556,210,266,6-2 3-6 6-1,3,R32,106,6,5,72,40,29,17,12,3,5,3,0,83,56,32,11,12,8,13
2025-7015,Vicenza,Clay,32,C,O,20250526,14,S0WT,,,Joel Schwaerzler,L,188,AUT,19.326,486,84,B0GR,,,Gonzalo Bueno,R,173,PER,21.144,328,160,6-4 4-6 6-4,3,R32,168,3,1,103,64,40,20,15,8,12,2,1,96,71,45,10,15,7,12
2025-7015,Vicenza,Clay,32,C,O,20250526,15,S0GR,,,Timofey Skatov,R,173,KAZ,24.342,233,241,O0A2,,,Gauthier Onclin,R,180,BEL,24.244,232,242,6-1 7-6(4),3,R32,122,3,4,83,53,34,17,10,9,11,0,3,65,41,24,10,9,4,8
2025-7015,Vicenza,Clay,32,C,O,20250526,16,V0DP,,,Adolfo Daniel Vallejo,R,183,PAR,21.076,242,231,DC76,,,Viktor Durasovic,R,185,NOR,28.186,245,230,6-7(4) 6-3 7-6(6),3,R32,183,1,9,127,72,50,23,17,8,13,4,3,118,72,42,23,16,7,13
2025-7015,Vicenza,Clay,32,C,O,20250526,17,T0AP,1,,Chun-Hsin Tseng,R,175,TPE,23.797,94,648,B0PE,,,Federico Bondioli,L,185,ITA,20.027,479,87,6-3 1-6 6-3,3,R16,126,2,2,83,44,28,22,12,5,8,3,5,76,46,25,17,13,5,9
2025-7015,Vicenza,Clay,32,C,O,20250526,18,K0EP,2,,Jerome Kym,R,198,SUI,22.283,126,466,C0OW,,,Lorenzo Carboni,R,168,ITA,19.242,564,64,7-6(8) 4-6 6-3,3,R16,156,9,8,96,55,41,19,15,6,10,3,2,109,74,47,14,16,4,9
2025-7015,Vicenza,Clay,32,C,O,20250526,19,R0E0,3,,Chris Rodesch,R,198,LUX,23.855,172,328,K966,,,Martin Klizan,L,191,SVK,35.874,417,109,6-4 6-3,3,R16,74,9,4,58,35,29,14,10,0,0,0,0,54,33,22,11,9,2,4
2025-7015,Vicenza,Clay,32,C,O,20250526,20,B0ID,4,,Ignacio Buse,R,183,PER,21.169,192,291,C0HV,,,Luca Castagnola,R,183,ITA,22.949,644,49,6-3 6-2,3,R16,91,2,0,48,31,24,11,9,1,2,0,1,75,54,30,8,8,12,16
2025-7015,Vicenza,Clay,32,C,O,20250526,21,A0CJ,5,,Duje Ajdukovic,R,188,CRO,24.301,181,303,V0DP,,,Adolfo Daniel Vallejo,R,183,PAR,21.076,242,231,7-5 6-4,3,R16,90,5,1,67,41,31,14,11,2,4,0,2,71,46,27,13,11,4,8
2025-7015,Vicenza,Clay,32,C,O,20250526,22,N0CS,6,,Lukas Neumayer,R,183,AUT,22.719,182,301,S0GR,,,Timofey Skatov,R,173,KAZ,24.342,233,241,3-6 7-6(3) 6-4,3,R16,189,3,4,126,91,59,16,16,13,17,5,7,104,53,36,28,15,7,10
2025-7015,Vicenza,Clay,32,C,O,20250526,23,MJ98,,,Facundo Mena,R,183,ARG,32.674,214,261,H09F,,,Yu Hsiou Hsu,R,178,TPE,26.149,261,215,7-5 7-6(6),3,R16,105,4,0,65,33,27,19,12,0,2,0,0,80,65,40,11,12,6,9
2025-7015,Vicenza,Clay,32,C,O,20250526,24,S0WT,,,Joel Schwaerzler,L,188,AUT,19.326,486,84,CF01,,,Marco Cecchinato,R,185,ITA,32.652,402,114,6-3 6-1,3,R16,68,4,1,45,32,26,7,8,3,3,1,2,53,35,20,8,8,3,7
2025-7015,Vicenza,Clay,32,C,O,20250526,25,T0AP,1,,Chun-Hsin Tseng,R,175,TPE,23.797,94,648,S0WT,,,Joel Schwaerzler,L,188,AUT,19.326,486,84,7-5 6-4,3,QF,114,6,1,63,35,28,17,11,4,5,2,1,76,49,33,12,11,6,9
2025-7015,Vicenza,Clay,32,C,O,20250526,26,K0EP,2,,Jerome Kym,R,198,SUI,22.283,126,466,A0CJ,5,,Duje Ajdukovic,R,188,CRO,24.301,181,303,6-7(8) 7-6(3) 7-6(6),3,QF,169,15,0,124,85,68,25,18,4,5,11,1,136,91,65,27,18,4,5
2025-7015,Vicenza,Clay,32,C,O,20250526,27,R0E0,3,,Chris Rodesch,R,198,LUX,23.855,172,328,MJ98,,,Facundo Mena,R,183,ARG,32.674,214,261,6-3 6-1,3,QF,72,3,1,52,34,22,13,8,3,4,2,1,54,36,20,5,8,5,10
2025-7015,Vicenza,Clay,32,C,O,20250526,28,N0CS,6,,Lukas Neumayer,R,183,AUT,22.719,182,301,B0ID,4,,Ignacio Buse,R,183,PER,21.169,192,291,6-3 2-6 7-6(6),3,QF,156,1,2,94,62,42,12,14,7,13,6,4,100,66,38,16,15,6,12
2025-7015,Vicenza,Clay,32,C,O,20250526,29,T0AP,1,,Chun-Hsin Tseng,R,175,TPE,23.797,94,648,R0E0,3,,Chris Rodesch,R,198,LUX,23.855,172,328,6-4 6-3,3,SF,82,2,2,51,34,26,12,9,3,3,2,5,70,49,36,7,10,9,12
2025-7015,Vicenza,Clay,32,C,O,20250526,30,N0CS,6,,Lukas Neumayer,R,183,AUT,22.719,182,301,K0EP,2,,Jerome Kym,R,198,SUI,22.283,126,466,W/O,3,SF,,,,,,,,,,,,,,,,,,,
2025-7015,Vicenza,Clay,32,C,O,20250526,31,T0AP,1,,Chun-Hsin Tseng,R,175,TPE,23.797,94,648,N0CS,6,,Lukas Neumayer,R,183,AUT,22.719,182,301,6-3 6-4,3,F,81,0,1,53,32,28,12,10,2,3,1,2,53,33,23,9,9,5,8
2025-9188,Little Rock,Hard,32,C,O,20250526,1,K0A3,,,Patrick Kypson,R,188,USA,25.577,344,148,KC12,1,,Mitchell Krueger,R,188,USA,31.368,140,422,6-3 4-6 6-4,3,R32,152,13,3,86,51,39,23,15,4,5,14,2,101,61,49,16,14,8,10
2025-9188,Little Rock,Hard,32,C,O,20250526,2,D0DP,2,,Liam Draxl,R,185,CAN,23.472,146,403,J0DZ,,,Rafael Jodar,R,191,ESP,18.689,707,38,7-5 6-2,3,R32,108,2,1,70,51,34,8,10,5,7,2,2,63,42,21,12,10,3,8
2025-9188,Little Rock,Hard,32,C,O,20250526,3,S0AQ,3,,Yuta Shimizu,L,163,JPN,25.963,191,291,M0AW,,,Nicolas Mejia,R,183,COL,25.287,250,226,7-6(4) 6-0,3,R32,118,1,0,67,43,33,12,9,4,5,5,0,66,38,23,11,9,5,9
2025-9188,Little Rock,Hard,32,C,O,20250526,4,GK06,4,,Alexis Galarneau,R,180,CAN,26.234,202,277,N0AL,,,Govind Nanda,R,178,USA,24.268,364,132,6-3 6-3,3,R32,87,1,0,59,36,24,14,9,2,3,0,2,54,37,22,7,9,4,8
2025-9188,Little Rock,Hard,32,C,O,20250526,5,M0RX,,,Kenta Miyoshi,R,185,JPN,21.194,656,46,RH59,5,,Santiago Rodriguez Taverna,R,191,ARG,25.862,195,284,7-5 5-1 RET,3,R32,97,10,0,57,37,30,9,9,1,2,1,2,62,37,24,9,9,9,13
2025-9188,Little Rock,Hard,32,C,O,20250526,6,S0BT,,,Adria Soriano Barrera,R,191,COL,25.982,404,114,E768,6,,Antoine Escoffier,R,185,FRA,33.238,215,261,7-5 7-6(4),3,R32,129,5,5,84,47,35,19,12,5,7,5,6,90,47,32,19,12,7,10
2025-9188,Little Rock,Hard,32,C,O,20250526,7,KE64,,,Stefan Kozlov,R,183,USA,27.313,375,127,DF88,7,,Aziz Dougaz,L,188,TUN,28.167,222,250,5-7 6-3 6-2,3,R32,168,1,3,106,72,45,17,14,13,17,7,7,100,59,35,17,15,2,9
2025-9188,Little Rock,Hard,32,C,O,20250526,8,J0A4,8,,Paul Jubb,R,180,GBR,25.569,254,218,SM88,,,Karue Sell,R,183,BRA,31.532,285,188,7-5 6-3,3,R32,91,2,3,63,44,28,14,10,4,5,2,4,74,35,22,18,11,8,12
2025-9188,Little Rock,Hard,32,C,O,20250526,9,AG08,,,Andres Andrade,R,180,ECU,26.448,306,173,I305,,,Ilya Ivashka,R,193,BLR,31.25,956,17,7-6(4) 6-2,3,R32,108,2,4,71,46,31,9,10,9,12,1,5,62,40,24,9,10,6,11
2025-9188,Little Rock,Hard,32,C,O,20250526,10,M0RE,,,Patrick Maloney,R,193,USA,25.292,342,149,KC29,,,Nicolas Kicker,R,178,ARG,32.775,397,115,5-7 6-2 6-3,3,R32,165,8,3,116,69,46,23,15,10,13,1,1,87,64,39,10,14,8,13
2025-9188,Little Rock,Hard,32,C,O,20250526,11,M0NP,,,Andres Martin,R,183,USA,23.885,374,128,CH27,,,Hyeon Chung,R,188,KOR,29.018,390,119,6-3 6-2,3,R32,75,2,0,52,35,26,11,9,0,0,0,1,48,28,18,8,8,3,6
2025-9188,Little Rock,Hard,32,C,O,20250526,12,M0RG,,,Daniel Milavsky,R,193,USA,23.702,679,42,B0EK,,,Moerani Bouzige,R,180,AUS,25.87,369,130,6-4 6-4,3,R32,83,6,1,63,37,31,13,10,2,2,6,0,62,42,30,8,10,2,4
2025-9188,Little Rock,Hard,32,C,O,20250526,13,N707,,,Naoki Nakagawa,R,180,JPN,28.515,349,144,K0EL,,,Alexander Kotzen,R,185,USA,24.901,890,21,6-4 6-4,3,R32,101,5,2,60,28,23,21,10,3,3,1,1,59,34,23,14,10,1,3
2025-9188,Little Rock,Hard,32,C,O,20250526,14,N09U,,,Rio Noguchi,R,168,JPN,26.409,246,228,Z0CQ,,,Yi Zhou,R,193,CHN,20.2,367,130,6-4 6-4,3,R32,94,0,2,63,38,24,20,10,4,4,0,3,62,37,28,12,10,2,4
2025-9188,Little Rock,Hard,32,C,O,20250526,15,Z0BZ,,,Michael Zheng,R,188,USA,21.328,723,35,LI10,,,Christian Langmo,R,191,USA,28.983,325,161,6-2 6-2,3,R32,76,1,1,48,36,28,7,8,0,0,0,7,62,32,19,12,8,2,6
2025-9188,Little Rock,Hard,32,C,O,20250526,16,Z0AK,,,Tyler Zink,R,185,USA,24.318,334,156,W857,,,Tung-Lin Wu,R,188,TPE,27.039,264,213,7-6(3) 5-4 RET,3,R32,108,14,0,61,30,26,17,10,1,3,1,3,84,49,27,20,11,6,9
2025-9188,Little Rock,Hard,32,C,O,20250526,17,D0DP,2,,Liam Draxl,R,185,CAN,23.472,146,403,M0RE,,,Patrick Maloney,R,193,USA,25.292,342,149,6-4 6-1,3,R16,83,0,3,64,44,29,10,8,9,10,2,5,45,23,13,10,9,1,6
2025-9188,Little Rock,Hard,32,C,O,20250526,18,M0NP,,,Andres Martin,R,183,USA,23.885,374,128,S0AQ,3,,Yuta Shimizu,L,163,JPN,25.963,191,291,6-1 6-4,3,R16,73,1,2,55,35,28,11,9,1,1,0,0,48,33,20,6,8,2,5
2025-9188,Little Rock,Hard,32,C,O,20250526,19,N707,,,Naoki Nakagawa,R,180,JPN,28.515,349,144,GK06,4,,Alexis Galarneau,R,180,CAN,26.234,202,277,6-3 6-4,3,R16,90,0,3,57,24,19,15,10,1,4,1,3,61,35,21,11,9,2,7
2025-9188,Little Rock,Hard,32,C,O,20250526,20,N09U,,,Rio Noguchi,R,168,JPN,26.409,246,228,J0A4,8,,Paul Jubb,R,180,GBR,25.569,254,218,7-5 6-3,3,R16,94,2,2,67,41,28,15,11,2,4,0,6,65,38,22,11,10,3,7
2025-9188,Little Rock,Hard,32,C,O,20250526,21,AG08,,,Andres Andrade,R,180,ECU,26.448,306,173,KE64,,,Stefan Kozlov,R,183,USA,27.313,375,127,6-1 4-6 7-5,3,R16,177,0,6,86,56,34,13,14,3,9,0,1,108,81,41,13,15,13,22
2025-9188,Little Rock,Hard,32,C,O,20250526,22,K0A3,,,Patrick Kypson,R,188,USA,25.577,344,148,Z0AK,,,Tyler Zink,R,185,USA,24.318,334,156,6-4 6-4,3,R16,88,6,1,54,31,23,13,10,0,1,7,1,62,33,27,12,10,4,7
2025-9188,Little Rock,Hard,32,C,O,20250526,23,M0RX,,,Kenta Miyoshi,R,185,JPN,21.194,656,46,M0RG,,,Daniel Milavsky,R,193,USA,23.702,679,42,6-2 6-4,3,R16,79,5,2,53,23,20,17,9,3,4,2,3,59,43,26,7,9,3,7
2025-9188,Little Rock,Hard,32,C,O,20250526,24,Z0BZ,,,Michael Zheng,R,188,USA,21.328,723,35,S0BT,,,Adria Soriano Barrera,R,191,COL,25.982,404,114,6-2 6-1,3,R16,55,2,1,34,22,18,10,7,0,0,2,4,59,36,18,10,8,8,13
2025-9188,Little Rock,Hard,32,C,O,20250526,25,D0DP,2,,Liam Draxl,R,185,CAN,23.472,146,403,M0RX,,,Kenta Miyoshi,R,185,JPN,21.194,656,46,7-6(4) 6-4,3,QF,133,2,6,78,45,33,18,11,5,7,7,3,75,48,28,18,11,6,9
2025-9188,Little Rock,Hard,32,C,O,20250526,26,AG08,,,Andres Andrade,R,180,ECU,26.448,306,173,N707,,,Naoki Nakagawa,R,180,JPN,28.515,349,144,6-4 6-1,3,QF,79,2,0,47,24,18,14,8,5,6,4,2,55,29,15,11,9,6,11
2025-9188,Little Rock,Hard,32,C,O,20250526,27,K0A3,,,Patrick Kypson,R,188,USA,25.577,344,148,N09U,,,Rio Noguchi,R,168,JPN,26.409,246,228,6-1 6-2,3,QF,64,6,1,43,32,28,5,8,0,0,2,3,44,22,13,9,7,2,6
2025-9188,Little Rock,Hard,32,C,O,20250526,28,Z0BZ,,,Michael Zheng,R,188,USA,21.328,723,35,M0NP,,,Andres Martin,R,183,USA,23.885,374,128,6-4 6-2,3,QF,66,3,0,40,22,20,13,9,0,1,2,4,53,32,21,8,9,3,7
2025-9188,Little Rock,Hard,32,C,O,20250526,29,Z0BZ,,,Michael Zheng,R,188,USA,21.328,723,35,D0DP,2,,Liam Draxl,R,185,CAN,23.472,146,403,6-4 6-4,3,SF,110,6,0,61,34,23,16,10,4,6,0,3,78,42,23,20,10,5,9
2025-9188,Little Rock,Hard,32,C,O,20250526,30,K0A3,,,Patrick Kypson,R,188,USA,25.577,344,148,AG08,,,Andres Andrade,R,180,ECU,26.448,306,173,6-3 6-2,3,SF,78,7,1,63,42,31,12,9,7,7,1,3,47,26,16,11,8,1,4
2025-9188,Little Rock,Hard,32,C,O,20250526,31,K0A3,,,Patrick Kypson,R,188,USA,25.577,344,148,Z0BZ,,,Michael Zheng,R,188,USA,21.328,723,35,6-1 1-6 7-5,3,F,142,4,0,80,50,34,17,13,3,6,6,6,96,42,29,26,13,4,8
2025-2873,Tyler,Hard,32,C,O,20250602,1,KC12,1,,Mitchell Krueger,R,188,USA,31.387,140,422,W857,,,Tung-Lin Wu,R,188,TPE,27.058,264,213,7-6(4) 5-7 6-1,3,R32,154,10,5,91,60,44,16,16,3,7,9,5,105,71,45,16,15,11,16
2025-2873,Tyler,Hard,32,C,O,20250602,2,S0VM,,,Trevor Svajda,R,175,USA,19.118,733,34,D0DP,2,,Liam Draxl,R,185,CAN,23.491,146,403,1-1 RET,3,R32,20,1,0,7,5,4,1,1,0,0,0,0,12,9,6,1,1,1,1
2025-2873,Tyler,Hard,32,C,O,20250602,3,S0AQ,3,,Yuta Shimizu,L,163,JPN,25.982,191,291,T0IZ,,,Alvin Nicholas Tudorica,L,178,CAN,23.299,451,97,3-6 6-2 6-3,3,R32,109,7,4,78,49,33,14,13,5,9,1,4,93,49,29,21,13,10,16
2025-2873,Tyler,Hard,32,C,O,20250602,4,E768,4,,Antoine Escoffier,R,185,FRA,33.257,215,261,SX77,,,Isaiah Strode,R,183,USA,27.713,751,32,6-2 6-4,3,R32,87,4,1,58,33,28,13,9,6,6,5,5,70,37,24,14,9,5,8
2025-2873,Tyler,Hard,32,C,O,20250602,5,M0NP,,,Andres Martin,R,183,USA,23.904,374,128,DF88,5,,Aziz Dougaz,L,188,TUN,28.186,222,250,6-2 6-2,3,R32,70,4,2,48,30,23,12,8,2,2,7,3,64,39,24,8,8,6,10
2025-2873,Tyler,Hard,32,C,O,20250602,6,N09U,6,,Rio Noguchi,R,168,JPN,26.428,246,228,LI10,,,Christian Langmo,R,191,USA,29.002,325,161,3-6 6-2 6-0,3,R32,99,6,1,64,41,33,11,11,2,3,13,4,72,44,29,10,12,2,7
2025-2873,Tyler,Hard,32,C,O,20250602,7,M0AW,7,,Nicolas Mejia,R,183,COL,25.306,250,226,Z0AK,,,Tyler Zink,R,185,USA,24.337,334,156,6-3 7-6(6),3,R32,108,7,1,61,37,26,14,10,1,4,6,5,80,39,24,17,11,4,9
2025-2873,Tyler,Hard,32,C,O,20250602,8,J0A4,8,,Paul Jubb,R,180,GBR,25.588,254,218,CH27,,,Hyeon Chung,R,188,KOR,29.038,390,119,4-6 6-4 6-4,3,R32,144,4,7,90,57,36,10,15,6,13,2,11,92,50,28,19,15,6,14
2025-2873,Tyler,Hard,32,C,O,20250602,9,D0D4,,,Stefan Dostanic,R,188,USA,23.576,416,109,Z0BZ,,,Michael Zheng,R,188,USA,21.347,723,35,7-6(3) 6-4,3,R32,118,5,4,83,47,35,22,11,3,3,2,5,81,43,29,22,11,2,3
2025-2873,Tyler,Hard,32,C,O,20250602,10,I305,,,Ilya Ivashka,R,193,BLR,31.269,956,17,B0PW,,,Kaylan Bigun,L,183,USA,19.028,938,18,3-6 6-1 4-1 RET,3,R32,109,8,4,76,49,33,10,10,8,11,2,9,74,29,19,15,11,9,15
2025-2873,Tyler,Hard,32,C,O,20250602,11,J0DZ,,,Rafael Jodar,R,191,ESP,18.708,707,38,AG08,,,Andres Andrade,R,180,ECU,26.467,306,173,6-3 6-4,3,R32,92,4,3,59,33,24,17,10,2,3,0,5,56,35,22,10,9,2,5
2025-2873,Tyler,Hard,32,C,O,20250602,12,K0A3,,,Patrick Kypson,R,188,USA,25.596,344,148,B0EK,,,Moerani Bouzige,R,180,AUS,25.889,369,130,6-4 6-7(4) 6-4,3,R32,144,20,3,104,74,58,18,16,11,11,10,4,92,48,37,28,16,0,2
2025-2873,Tyler,Hard,32,C,O,20250602,13,RG42,,,Alex Rybakov,L,185,USA,28.345,413,110,N0AL,,,Govind Nanda,R,178,USA,24.287,364,132,6-4 6-3,3,R32,92,1,3,67,39,29,14,10,3,5,3,0,62,47,29,5,9,5,9
2025-2873,Tyler,Hard,32,C,O,20250602,14,SM88,,,Karue Sell,R,183,BRA,31.551,285,188,M0NB,,,Aidan Mayo,R,183,USA,22.053,311,172,2-6 6-4 6-2,3,R32,121,9,2,92,57,39,18,13,7,9,9,4,80,52,37,11,13,1,4
2025-2873,Tyler,Hard,32,C,O,20250602,15,WB32,,,Yibing Wu,R,183,CHN,25.634,401,114,M0RE,,,Patrick Maloney,R,193,USA,25.311,342,149,7-5 4-6 6-2,3,R32,123,9,2,86,59,39,14,15,2,6,7,7,92,52,33,15,15,7,13
2025-2873,Tyler,Hard,32,C,O,20250602,16,Z0CQ,,,Yi Zhou,R,193,CHN,20.219,367,130,H0B7,,,Trey Hilderbrand,R,196,USA,25.049,652,47,6-1 6-4,3,R32,65,7,2,47,31,27,11,9,2,2,6,3,49,29,18,8,8,2,5
2025-2873,Tyler,Hard,32,C,O,20250602,17,SM88,,,Karue Sell,R,183,BRA,31.551,285,188,KC12,1,,Mitchell Krueger,R,188,USA,31.387,140,422,6-3 6-2,3,R16,94,6,1,69,35,22,25,9,6,6,0,4,55,35,23,7,8,4,7
2025-2873,Tyler,Hard,32,C,O,20250602,18,Z0CQ,,,Yi Zhou,R,193,CHN,20.219,367,130,S0AQ,3,,Yuta Shimizu,L,163,JPN,25.982,191,291,6-3 6-4,3,R16,76,6,2,52,28,21,11,10,1,4,0,3,66,46,26,5,9,3,8
2025-2873,Tyler,Hard,32,C,O,20250602,19,WB32,,,Yibing Wu,R,183,CHN,25.634,401,114,E768,4,,Antoine Escoffier,R,185,FRA,33.257,215,261,7-6(3) 7-5,3,R16,119,3,3,73,46,30,17,12,3,5,7,4,77,46,32,15,12,5,8
2025-2873,Tyler,Hard,32,C,O,20250602,20,N09U,6,,Rio Noguchi,R,168,JPN,26.428,246,228,D0D4,,,Stefan Dostanic,R,188,USA,23.576,416,109,5-7 6-2 6-1,3,R16,162,6,1,96,59,40,18,13,3,6,6,5,115,65,37,21,14,20,27
2025-2873,Tyler,Hard,32,C,O,20250602,21,RG42,,,Alex Rybakov,L,185,USA,28.345,413,110,M0AW,7,,Nicolas Mejia,R,183,COL,25.306,250,226,6-3 6-4,3,R16,81,6,0,48,33,28,12,10,0,0,6,0,51,40,30,4,9,2,4
2025-2873,Tyler,Hard,32,C,O,20250602,22,K0A3,,,Patrick Kypson,R,188,USA,25.596,344,148,J0A4,8,,Paul Jubb,R,180,GBR,25.588,254,218,7-5 6-1,3,R16,91,9,0,57,39,30,13,10,4,4,6,9,64,31,17,18,9,1,4
2025-2873,Tyler,Hard,32,C,O,20250602,23,M0NP,,,Andres Martin,R,183,USA,23.904,374,128,J0DZ,,,Rafael Jodar,R,191,ESP,18.708,707,38,7-5 2-6 7-5,3,R16,189,5,2,104,65,44,18,16,5,10,4,7,117,69,45,22,16,13,18
2025-2873,Tyler,Hard,32,C,O,20250602,24,S0VM,,,Trevor Svajda,R,175,USA,19.118,733,34,I305,,,Ilya Ivashka,R,193,BLR,31.269,956,17,7-5 6-3,3,R16,103,5,2,64,30,18,18,11,1,6,1,5,62,35,16,11,10,4,11
2025-2873,Tyler,Hard,32,C,O,20250602,25,Z0CQ,,,Yi Zhou,R,193,CHN,20.219,367,130,N09U,6,,Rio Noguchi,R,168,JPN,26.428,246,228,7-5 6-2,3,QF,83,3,1,63,43,29,14,10,5,6,0,1,59,39,23,11,10,2,6
2025-2873,Tyler,Hard,32,C,O,20250602,26,K0A3,,,Patrick Kypson,R,188,USA,25.596,344,148,S0VM,,,Trevor Svajda,R,175,USA,19.118,733,34,6-4 7-5,3,QF,117,7,1,78,44,30,21,11,5,6,8,3,71,33,25,18,11,6,9
2025-2873,Tyler,Hard,32,C,O,20250602,27,SM88,,,Karue Sell,R,183,BRA,31.551,285,188,M0NP,,,Andres Martin,R,183,USA,23.904,374,128,6-4 4-6 6-4,3,QF,130,5,3,86,48,36,24,15,3,5,9,1,96,67,44,17,15,7,10
2025-2873,Tyler,Hard,32,C,O,20250602,28,WB32,,,Yibing Wu,R,183,CHN,25.634,401,114,RG42,,,Alex Rybakov,L,185,USA,28.345,413,110,7-6(2) 6-2,3,QF,87,1,2,54,34,24,12,10,3,6,6,2,64,38,22,11,10,9,14
2025-2873,Tyler,Hard,32,C,O,20250602,29,WB32,,,Yibing Wu,R,183,CHN,25.634,401,114,SM88,,,Karue Sell,R,183,BRA,31.551,285,188,7-6(1) 6-4,3,SF,114,9,5,74,46,36,12,11,4,6,3,5,101,52,28,24,11,7,10
2025-2873,Tyler,Hard,32,C,O,20250602,30,Z0CQ,,,Yi Zhou,R,193,CHN,20.219,367,130,K0A3,,,Patrick Kypson,R,188,USA,25.596,344,148,W/O,3,SF,,,,,,,,,,,,,,,,,,,
2025-2873,Tyler,Hard,32,C,O,20250602,31,WB32,,,Yibing Wu,R,183,CHN,25.634,401,114,Z0CQ,,,Yi Zhou,R,193,CHN,20.219,367,130,6-4 3-6 6-3,3,F,128,8,2,93,59,45,14,14,3,5,8,5,81,45,33,19,14,4,7
2025-460,Heilbronn - Bad Rappenau,Clay,32,C,O,20250602,1,R0FP,,,Daniel Rincon,L,185,ESP,22.401,212,264,N0BG,1,,Luca Nardi,R,185,ITA,21.823,95,645,6-3 3-6 6-3,3,R32,136,6,8,102,53,40,18,14,11,15,3,3,90,54,36,14,13,4,9
2025-460,Heilbronn - Bad Rappenau,Clay,32,C,O,20250602,2,Y171,,,Denis Yevseyev,R,188,KAZ,32.03,275,199,CD85,2,,Pablo Carreno Busta,R,188,ESP,33.892,99,615,7-5 7-5,3,R32,107,6,0,74,47,37,12,12,5,7,1,3,85,50,31,17,12,8,12
2025-460,Heilbronn - Bad Rappenau,Clay,32,C,O,20250602,3,D0H9,,,Guy Den Ouden,R,183,NED,23.151,187,295,M0K4,3,,Elmer Moller,R,183,DEN,21.9,112,511,7-6(5) 7-5,3,R32,123,1,7,80,48,34,15,12,6,10,3,7,90,52,32,16,12,6,11
2025-460,Heilbronn - Bad Rappenau,Clay,32,C,O,20250602,4,R0EB,4,,Valentin Royer,R,188,FRA,24.011,120,478,W0BB,,,Max Wiskandt,R,191,GER,23.332,425,106,7-6(5) 5-7 6-4,3,R32,162,2,2,97,59,47,19,17,0,3,13,4,123,80,56,20,17,9,12
2025-460,Heilbronn - Bad Rappenau,Clay,32,C,O,20250602,5,N0AM,5,,Emilio Nava,R,185,USA,23.499,137,433,S0MN,,,Marat Sharipov,R,188,RUS,22.648,243,230,6-3 6-3,3,R32,67,6,2,55,40,30,7,9,4,5,3,3,49,23,17,9,9,1,5
2025-460,Heilbronn - Bad Rappenau,Clay,32,C,O,20250602,6,P0CT,6,,Francesco Passaro,R,180,ITA,24.4,139,423,B0C5,,,Florian Broska,R,175,GER,27.417,552,65,6-7(4) 7-6(2) 6-1,3,R32,134,8,6,90,49,38,29,16,2,4,2,5,109,54,36,29,15,10,14
2025-460,Heilbronn - Bad Rappenau,Clay,32,C,O,20250602,7,N897,7,,Sumit Nagal,R,178,IND,27.795,170,332,G0IB,,,Tom Gentzsch,R,191,GER,21.741,445,99,6-1 6-4,3,R32,86,1,0,52,38,26,8,8,3,4,6,2,69,40,25,10,9,9,14
2025-460,Heilbronn - Bad Rappenau,Clay,32,C,O,20250602,8,T0FI,,,Marko Topo,R,185,GER,21.719,333,156,PH64,8,,Andrea Pellegrino,R,185,ITA,28.194,173,328,6-3 6-0,3,R32,50,11,0,40,22,19,12,8,1,2,0,2,38,22,10,5,7,2,7
2025-460,Heilbronn - Bad Rappenau,Clay,32,C,O,20250602,9,B0ID,,,Ignacio Buse,R,183,PER,21.188,192,291,S0GR,,,Timofey Skatov,R,173,KAZ,24.361,233,241,6-1 7-6(4),3,R32,111,4,2,71,37,27,18,10,3,5,2,5,73,43,24,15,9,4,8
2025-460,Heilbronn - Bad Rappenau,Clay,32,C,O,20250602,10,D0LJ,,,Diego Dedura,L,180,GER,17.224,386,122,S0AK,,,Henri Squire,R,196,GER,24.679,262,214,7-5 7-5,3,R32,95,1,4,75,39,22,22,12,1,4,5,10,84,59,40,7,12,4,9
2025-460,Heilbronn - Bad Rappenau,Clay,32,C,O,20250602,11,DC76,,,Viktor Durasovic,R,185,NOR,28.205,245,230,H0CX,,,Max Houkes,L,188,NED,24.914,252,222,6-2 6-4,3,R32,83,3,2,47,30,20,9,9,0,3,2,6,65,40,22,7,9,6,12
2025-460,Heilbronn - Bad Rappenau,Clay,32,C,O,20250602,12,MJ98,,,Facundo Mena,R,183,ARG,32.693,214,261,E0DD,,,Justin Engel,R,185,GER,17.67,284,189,6-3 6-3,3,R32,79,8,1,60,44,35,7,9,4,4,4,6,66,40,25,13,9,7,10
2025-460,Heilbronn - Bad Rappenau,Clay,32,C,O,20250602,13,O0A2,,,Gauthier Onclin,R,180,BEL,24.263,232,242,M0IF,,,Francesco Maestrelli,R,196,ITA,22.448,229,244,3-6 6-4 7-6(6),3,R32,154,5,4,104,69,43,22,16,7,11,11,3,98,64,45,14,15,3,6
2025-460,Heilbronn - Bad Rappenau,Clay,32,C,O,20250602,14,P0J1,,,Rodrigo Pacheco Mendez,L,191,MEX,20.104,266,211,M0EA,,,Pol Martin Tiffon,R,183,ESP,25.843,205,271,3-6 6-3 6-1,3,R32,103,3,6,73,42,33,16,12,5,7,3,4,81,55,35,10,13,5,10
2025-460,Heilbronn - Bad Rappenau,Clay,32,C,O,20250602,15,S0LA,,,Dominic Stricker,L,183,SUI,22.795,235,240,V717,,,Alexey Vatutin,R,178,RUS,32.597,302,177,6-3 7-5,3,R32,83,7,2,76,35,29,20,11,6,7,4,2,57,34,23,12,10,0,3
2025-460,Heilbronn - Bad Rappenau,Clay,32,C,O,20250602,16,TA29,,,Marco Trungelliti,R,178,ARG,35.335,177,316,CH12,,,Jan Choinski,R,196,GBR,28.977,196,282,7-6(6) 0-6 6-2,3,R32,132,3,5,85,51,33,17,13,3,7,7,3,100,65,43,18,13,8,11
2025-460,Heilbronn - Bad Rappenau,Clay,32,C,O,20250602,17,TA29,,,Marco Trungelliti,R,178,ARG,35.335,177,316,R0EB,4,,Valentin Royer,R,188,FRA,24.011,120,478,6-1 4-6 6-4,3,R16,129,6,1,80,57,39,14,13,3,5,6,1,95,70,44,10,14,3,8
2025-460,Heilbronn - Bad Rappenau,Clay,32,C,O,20250602,18,N0AM,5,,Emilio Nava,R,185,USA,23.499,137,433,D0LJ,,,Diego Dedura,L,180,GER,17.224,386,122,6-4 6-4,3,R16,75,6,2,61,37,28,15,10,0,0,1,3,58,44,33,6,10,2,4
2025-460,Heilbronn - Bad Rappenau,Clay,32,C,O,20250602,19,P0CT,6,,Francesco Passaro,R,180,ITA,24.4,139,423,DC76,,,Viktor Durasovic,R,185,NOR,28.205,245,230,6-3 6-4,3,R16,79,4,2,55,35,30,12,10,0,0,3,3,62,34,24,14,9,4,6
2025-460,Heilbronn - Bad Rappenau,Clay,32,C,O,20250602,20,P0J1,,,Rodrigo Pacheco Mendez,L,191,MEX,20.104,266,211,N897,7,,Sumit Nagal,R,178,IND,27.795,170,332,7-5 6-7(2) 6-0,3,R16,165,6,3,108,53,31,31,15,10,14,2,5,101,58,32,20,15,6,14
2025-460,Heilbronn - Bad Rappenau,Clay,32,C,O,20250602,21,B0ID,,,Ignacio Buse,R,183,PER,21.188,192,291,Y171,,,Denis Yevseyev,R,188,KAZ,32.03,275,199,6-0 6-3,3,R16,52,1,1,37,25,20,9,7,0,0,0,2,48,31,14,7,8,2,7
2025-460,Heilbronn - Bad Rappenau,Clay,32,C,O,20250602,22,D0H9,,,Guy Den Ouden,R,183,NED,23.151,187,295,O0A2,,,Gauthier Onclin,R,180,BEL,24.263,232,242,6-3 6-2,3,R16,63,5,2,46,25,20,14,9,1,2,0,3,44,28,16,6,8,1,5
2025-460,Heilbronn - Bad Rappenau,Clay,32,C,O,20250602,23,MJ98,,,Facundo Mena,R,183,ARG,32.693,214,261,R0FP,,,Daniel Rincon,L,185,ESP,22.401,212,264,7-5 7-6(0),3,R16,108,2,2,74,40,30,17,12,4,7,2,2,79,47,32,13,12,7,11
2025-460,Heilbronn - Bad Rappenau,Clay,32,C,O,20250602,24,T0FI,,,Marko Topo,R,185,GER,21.719,333,156,S0LA,,,Dominic Stricker,L,183,SUI,22.795,235,240,6-7(5) 7-6(4) RET,3,R16,136,9,5,92,52,43,18,12,6,7,6,2,88,42,27,30,12,4,5
2025-460,Heilbronn - Bad Rappenau,Clay,32,C,O,20250602,25,D0H9,,,Guy Den Ouden,R,183,NED,23.151,187,295,N0AM,5,,Emilio Nava,R,185,USA,23.499,137,433,7-5 6-3,3,QF,89,7,6,74,47,33,11,11,3,5,7,5,66,41,25,12,10,4,8
2025-460,Heilbronn - Bad Rappenau,Clay,32,C,O,20250602,26,B0ID,,,Ignacio Buse,R,183,PER,21.188,192,291,P0CT,6,,Francesco Passaro,R,180,ITA,24.4,139,423,3-6 6-1 6-4,3,QF,116,2,3,73,57,41,11,13,3,4,3,7,92,66,46,9,13,5,8
2025-460,Heilbronn - Bad Rappenau,Clay,32,C,O,20250602,27,T0FI,,,Marko Topo,R,185,GER,21.719,333,156,MJ98,,,Facundo Mena,R,183,ARG,32.693,214,261,6-3 3-6 6-3,3,QF,126,9,7,92,50,39,23,14,9,10,7,2,104,59,35,28,13,11,13
2025-460,Heilbronn - Bad Rappenau,Clay,32,C,O,20250602,28,TA29,,,Marco Trungelliti,R,178,ARG,35.335,177,316,P0J1,,,Rodrigo Pacheco Mendez,L,191,MEX,20.104,266,211,2-6 6-4 6-2,3,QF,117,7,2,87,58,39,13,13,5,9,3,2,67,44,33,9,13,3,8
2025-460,Heilbronn - Bad Rappenau,Clay,32,C,O,20250602,29,B0ID,,,Ignacio Buse,R,183,PER,21.188,192,291,TA29,,,Marco Trungelliti,R,178,ARG,35.335,177,316,6-4 7-6(3),3,SF,101,1,1,68,44,30,16,11,6,7,3,2,65,38,26,14,11,0,2
2025-460,Heilbronn - Bad Rappenau,Clay,32,C,O,20250602,30,D0H9,,,Guy Den Ouden,R,183,NED,23.151,187,295,T0FI,,,Marko Topo,R,185,GER,21.719,333,156,7-5 6-3,3,SF,87,1,4,74,39,27,18,11,4,6,1,3,59,36,24,7,10,2,6
2025-460,Heilbronn - Bad Rappenau,Clay,32,C,O,20250602,31,B0ID,,,Ignacio Buse,R,183,PER,21.188,192,291,D0H9,,,Guy Den Ouden,R,183,NED,23.151,187,295,7-5 7-5,3,F,97,2,0,65,47,34,14,12,0,1,0,5,72,45,28,15,12,3,6
2025-4940,Birmingham,Grass,32,C,O,20250602,1,L0IL,,,Martin Landaluce,R,193,ESP,19.398,145,404,B0GG,1,,Mattia Bellucci,L,175,ITA,24.003,68,891,4-6 6-4 7-6(5),3,R32,166,5,6,98,60,46,18,16,0,2,4,7,125,78,55,21,16,6,8
2025-4940,Birmingham,Grass,32,C,O,20250602,2,ME82,,,Adrian Mannarino,L,180,FRA,36.925,130,456,N732,2,,Yoshihito Nishioka,L,170,JPN,29.681,77,794,7-6(1) 3-2 RET,3,R32,71,8,2,53,36,31,9,8,3,3,8,1,56,36,29,8,9,2,3
2025-4940,Birmingham,Grass,32,C,O,20250602,3,H0BH,3,,Rinky Hijikata,R,178,AUS,24.271,78,792,HD68,,,Billy Harris,R,193,GBR,30.352,102,582,6-1 3-6 6-4,3,R32,109,12,5,88,56,45,14,13,6,8,7,1,74,47,29,15,13,3,7
2025-4940,Birmingham,Grass,32,C,O,20250602,4,V0AM,,,Otto Virtanen,R,193,FIN,23.948,114,498,V832,4,,Aleksandar Vukic,R,188,AUS,29.155,80,783,7-6(4) 6-3,3,R32,76,15,3,68,41,34,18,11,1,1,5,1,67,43,33,11,10,5,6
2025-4940,Birmingham,Grass,32,C,O,20250602,5,MW18,,,Nicolas Moreno De Alboran,R,185,USA,27.885,159,348,O483,5,,Christopher O'Connell,R,183,AUS,30.998,82,762,6-4 6-3,3,R32,82,3,2,45,26,21,13,9,0,1,9,7,83,48,32,13,10,4,8
2025-4940,Birmingham,Grass,32,C,O,20250602,6,H09P,,,Brandon Holt,R,185,USA,27.157,101,583,D994,6,,James Duckworth,R,183,AUS,33.363,92,651,6-2 7-5,3,R32,84,8,2,76,49,35,12,10,4,5,3,2,58,28,18,14,10,1,5
2025-4940,Birmingham,Grass,32,C,O,20250602,7,S0K7,,,Zachary Svajda,R,175,USA,22.508,228,244,MQ75,7,,Kamil Majchrzak,R,183,POL,29.385,96,645,6-4 7-6(3),3,R32,97,4,0,71,43,29,20,11,2,3,7,2,84,50,37,12,11,7,9
2025-4940,Birmingham,Grass,32,C,O,20250602,8,BI81,,,Alex Bolt,L,183,AUS,32.405,197,281,MK66,8,,Mackenzie McDonald,R,178,USA,30.13,98,617,6-4 7-6(3),3,R32,89,11,1,64,38,34,13,11,1,2,6,0,75,55,36,12,11,5,7
2025-4940,Birmingham,Grass,32,C,O,20250602,9,C0HT,,,Murphy Cassone,R,188,USA,22.795,207,271,E687,,,Daniel Evans,R,175,GBR,35.028,213,263,7-6(5) 7-6(5),3,R32,137,6,3,91,70,50,11,12,3,4,8,9,93,49,35,24,12,6,7
2025-4940,Birmingham,Grass,32,C,O,20250602,10,HG86,,,Lloyd Harris,R,193,RSA,28.268,227,244,CI14,,,Jay Clarke,R,183,GBR,26.85,186,298,6-4 3-6 6-4,3,R32,112,11,0,72,49,44,10,14,1,3,6,2,86,57,40,18,15,1,4
2025-4940,Birmingham,Grass,32,C,O,20250602,11,HH06,,,Marc-Andrea Huesler,L,196,SUI,28.939,158,350,M0G4,,,Harold Mayot,R,180,FRA,23.324,151,376,7-6(1) 6-4,3,R32,80,9,0,64,46,38,12,11,1,1,2,2,64,41,31,12,11,1,2
2025-4940,Birmingham,Grass,32,C,O,20250602,12,J551,,,Nicolas Jarry,R,201,CHI,29.643,149,390,S0N0,,,Tristan Schoolkate,R,183,AUS,24.263,128,464,6-7(8) 6-4 6-4,3,R32,164,13,5,107,62,51,21,16,2,4,13,9,121,71,53,19,16,8,12
2025-4940,Birmingham,Grass,32,C,O,20250602,13,S0ZE,,,Colton Smith,R,183,USA,22.245,162,347,U134,,,Yasutaka Uchiyama,R,183,JPN,32.824,204,272,6-2 6-7(3) 6-4,3,R32,140,8,3,100,66,47,23,15,7,7,3,5,110,65,46,23,15,10,13
2025-4940,Birmingham,Grass,32,C,O,20250602,14,TC01,,,Li Tu,R,183,AUS,29.016,168,333,S0JA,,,Eliot Spizzirri,R,185,USA,23.441,116,492,6-3 6-3,3,R32,63,9,2,49,32,25,12,9,2,2,3,1,52,36,24,7,9,2,5
2025-4940,Birmingham,Grass,32,C,O,20250602,15,WB08,,,Yosuke Watanuki,R,180,JPN,27.14,183,299,B0PG,,,Alexander Blockx,R,193,BEL,20.151,143,410,6-4 6-4,3,R32,91,2,5,70,39,33,11,10,7,8,7,2,74,47,29,14,10,10,13
2025-4940,Birmingham,Grass,32,C,O,20250602,16,W0BH,,,Coleman Wong,R,191,HKG,20.988,175,322,M0ON,,,Johannus Monday,L,198,GBR,23.359,244,230,6-1 5-7 6-3,3,R32,104,9,3,77,44,35,22,14,1,2,5,4,80,47,30,19,14,1,5
2025-4940,Birmingham,Grass,32,C,O,20250602,17,H0BH,3,,Rinky Hijikata,R,178,AUS,24.271,78,792,WB08,,,Yosuke Watanuki,R,180,JPN,27.14,183,299,6-1 6-3,3,R16,66,3,3,59,36,24,13,8,4,5,6,3,49,24,17,7,8,5,10
2025-4940,Birmingham,Grass,32,C,O,20250602,18,BI81,,,Alex Bolt,L,183,AUS,32.405,197,281,TC01,,,Li Tu,R,183,AUS,29.016,168,333,6-2 6-3,3,R16,76,11,1,55,41,31,8,9,5,5,3,6,67,37,26,10,8,7,10
2025-4940,Birmingham,Grass,32,C,O,20250602,19,HG86,,,Lloyd Harris,R,193,RSA,28.268,227,244,L0IL,,,Martin Landaluce,R,193,ESP,19.398,145,404,6-4 6-2,3,R16,75,16,2,50,34,30,8,9,2,2,5,8,55,34,25,9,9,0,3
2025-4940,Birmingham,Grass,32,C,O,20250602,20,H09P,,,Brandon Holt,R,185,USA,27.157,101,583,C0HT,,,Murphy Cassone,R,188,USA,22.795,207,271,6-2 6-2,3,R16,54,6,0,46,33,24,11,8,0,0,1,1,50,43,23,2,8,1,5
2025-4940,Birmingham,Grass,32,C,O,20250602,21,ME82,,,Adrian Mannarino,L,180,FRA,36.925,130,456,J551,,,Nicolas Jarry,R,201,CHI,29.643,149,390,7-6(6) 6-3,3,R16,96,6,0,59,40,32,14,11,0,1,12,4,83,61,45,7,10,7,9
2025-4940,Birmingham,Grass,32,C,O,20250602,22,S0ZE,,,Colton Smith,R,183,USA,22.245,162,347,MW18,,,Nicolas Moreno De Alboran,R,185,USA,27.885,159,348,6-3 0-1 RET,3,R16,51,5,0,25,19,17,3,5,0,0,1,2,38,29,20,3,5,4,5
2025-4940,Birmingham,Grass,32,C,O,20250602,23,V0AM,,,Otto Virtanen,R,193,FIN,23.948,114,498,HH06,,,Marc-Andrea Huesler,L,196,SUI,28.939,158,350,6-3 6-7(6) 6-1,3,R16,122,18,4,92,54,46,24,15,4,4,4,4,89,57,40,16,13,10,13
2025-4940,Birmingham,Grass,32,C,O,20250602,24,W0BH,,,Coleman Wong,R,191,HKG,20.988,175,322,S0K7,,,Zachary Svajda,R,175,USA,22.508,228,244,4-6 6-3 6-2,3,R16,98,10,3,81,52,39,18,14,3,5,7,1,89,56,39,13,13,6,10
2025-4940,Birmingham,Grass,32,C,O,20250602,25,H0BH,3,,Rinky Hijikata,R,178,AUS,24.271,78,792,BI81,,,Alex Bolt,L,183,AUS,32.405,197,281,7-6(2) 6-4,3,QF,93,5,0,71,41,31,17,11,2,3,3,3,76,54,36,12,11,7,9
2025-4940,Birmingham,Grass,32,C,O,20250602,26,H09P,,,Brandon Holt,R,185,USA,27.157,101,583,ME82,,,Adrian Mannarino,L,180,FRA,36.925,130,456,6-4 6-3,3,QF,70,7,1,62,45,34,10,10,1,1,2,1,43,25,18,13,9,1,3
2025-4940,Birmingham,Grass,32,C,O,20250602,27,S0ZE,,,Colton Smith,R,183,USA,22.245,162,347,HG86,,,Lloyd Harris,R,193,RSA,28.268,227,244,6-3 6-7(3) 6-4,3,QF,148,9,2,123,88,59,19,15,10,11,13,3,98,61,47,14,16,2,6
2025-4940,Birmingham,Grass,32,C,O,20250602,28,V0AM,,,Otto Virtanen,R,193,FIN,23.948,114,498,W0BH,,,Coleman Wong,R,191,HKG,20.988,175,322,6-2 7-5,3,QF,59,6,0,49,33,31,9,10,0,0,5,1,53,32,25,9,10,0,3
2025-4940,Birmingham,Grass,32,C,O,20250602,29,S0ZE,,,Colton Smith,R,183,USA,22.245,162,347,H0BH,3,,Rinky Hijikata,R,178,AUS,24.271,78,792,6-3 6-4,3,SF,77,8,4,55,41,33,9,10,2,2,1,1,53,37,27,8,9,1,3
2025-4940,Birmingham,Grass,32,C,O,20250602,30,V0AM,,,Otto Virtanen,R,193,FIN,23.948,114,498,H09P,,,Brandon Holt,R,185,USA,27.157,101,583,6-4 4-6 7-6(3),3,SF,114,23,3,93,59,50,18,16,2,4,7,1,99,73,53,15,16,5,7
2025-4940,Birmingham,Grass,32,C,O,20250602,31,V0AM,,,Otto Virtanen,R,193,FIN,23.948,114,498,S0ZE,,,Colton Smith,R,183,USA,22.245,162,347,6-4 6-4,3,F,90,11,1,58,38,27,13,10,2,3,6,2,81,57,34,11,10,4,7
2025-558,Prostejov,Clay,32,C,O,20250602,1,SS25,,,Vitaliy Sachko,R,188,UKR,27.885,225,246,M0NI,,,Jakub Mensik,R,196,CZE,19.751,19,2272,6-4 1-6 7-5,3,R32,129,3,4,85,54,33,16,14,3,8,15,6,92,50,35,19,15,3,8
2025-558,Prostejov,Clay,32,C,O,20250602,2,TE30,,,Alejandro Tabilo,L,188,CHI,28,61,940,B0OU,,,Hynek Barton,R,183,CZE,21.158,350,144,5-7 6-4 6-1,3,R32,141,2,3,96,58,37,19,15,2,6,5,0,94,48,31,19,14,3,9
2025-558,Prostejov,Clay,32,C,O,20250602,3,N0CS,,,Lukas Neumayer,R,183,AUT,22.738,182,301,KI82,3,,Vit Kopriva,R,178,CZE,27.964,86,715,2-6 6-4 6-4,3,R32,125,2,1,83,53,36,14,14,6,10,4,1,85,57,39,15,14,6,10
2025-558,Prostejov,Clay,32,C,O,20250602,4,DA31,4,,Hugo Dellien,R,180,BOL,31.962,90,656,MW76,,,Matteo Martineau,R,183,FRA,26.376,289,187,7-6(5) 6-4,3,R32,96,2,0,68,54,41,8,11,1,1,9,7,65,39,34,12,11,1,2
2025-558,Prostejov,Clay,32,C,O,20250602,5,T0AP,5,,Chun-Hsin Tseng,R,175,TPE,23.817,94,648,V0DP,,,Adolfo Daniel Vallejo,R,183,PAR,21.095,242,231,7-6(2) 6-1,3,R32,95,2,1,65,35,23,20,10,1,3,2,4,62,37,17,14,9,3,7
2025-558,Prostejov,Clay,32,C,O,20250602,6,S0H2,6,,Alexander Shevchenko,R,188,KAZ,24.507,103,580,B0OV,,,Petr Brunclik,L,188,CZE,18.877,531,69,7-6(4) 6-3,3,R32,90,8,1,72,50,38,12,11,0,1,3,2,60,40,27,12,10,3,5
2025-558,Prostejov,Clay,32,C,O,20250602,7,GB93,,,Norbert Gombos,R,193,SVK,34.804,332,156,S0GD,7,,Dalibor Svrcina,R,178,CZE,22.667,127,466,6-3 6-4,3,R32,99,6,0,75,48,33,10,10,6,9,1,4,57,38,20,9,9,1,6
2025-558,Prostejov,Clay,32,C,O,20250602,8,P09O,8,,Zsombor Piros,R,180,HUN,25.637,160,348,F0BT,,,Jonas Forejtek,R,183,CZE,24.23,617,53,7-6(6) 6-1,3,R32,77,1,3,64,39,29,17,10,2,3,5,1,56,38,26,9,9,1,4
2025-558,Prostejov,Clay,32,C,O,20250602,9,J09X,,,Filip Cristian Jianu,R,180,ROU,23.704,236,240,S0GZ,,,Nikolas Sanchez Izquierdo,R,185,ESP,26.218,357,141,7-5 6-7(4) 6-4,3,R32,191,2,3,101,69,56,13,17,0,1,3,2,115,76,54,20,17,8,11
2025-558,Prostejov,Clay,32,C,O,20250602,10,K0HG,,,Milos Karol,R,198,SVK,22.47,407,112,KC04,,,Jozef Kovalik,R,183,SVK,32.575,210,266,6-2 5-7 7-6(0),3,R32,140,12,6,112,60,50,25,16,11,12,4,5,104,52,38,26,16,4,6
2025-558,Prostejov,Clay,32,C,O,20250602,11,KI63,,,Lukas Klein,R,193,SVK,27.198,190,291,H09N,,,August Holmgren,R,188,DEN,27.113,188,293,6-3 6-4,3,R32,81,2,3,56,35,28,14,10,1,1,3,4,57,24,14,22,9,5,7
2025-558,Prostejov,Clay,32,C,O,20250602,12,KC33,,,Dimitar Kuzmanov,R,183,BUL,31.847,277,197,R772,,,Albert Ramos-Vinolas,L,188,ESP,37.374,251,224,6-3 6-2,3,R32,78,0,1,54,37,29,9,9,3,4,3,0,43,33,20,2,8,1,5
2025-558,Prostejov,Clay,32,C,O,20250602,13,M0HT,,,Alejandro Moro Canas,R,183,ESP,24.485,198,280,DG80,,,Enrico Dalla Valle,R,196,ITA,27.201,299,178,6-0 4-6 7-6(4),3,R32,153,3,6,85,53,47,13,14,5,7,5,0,90,63,41,12,14,2,6
2025-558,Prostejov,Clay,32,C,O,20250602,14,M0SE,,,Maxim Mrva,R,178,CZE,17.834,587,58,P0HP,,,Lukas Pokorny,R,191,SVK,23.258,388,122,6-3 6-4,3,R32,73,4,3,55,39,27,9,10,6,8,2,1,65,34,18,16,9,6,10
2025-558,Prostejov,Clay,32,C,O,20250602,15,R09X,,,Jurij Rodionov,L,191,AUT,26.048,226,246,H09F,,,Yu Hsiou Hsu,R,178,TPE,26.168,261,215,6-4 6-4,3,R32,81,4,1,52,35,30,12,10,0,0,2,1,62,43,29,8,10,3,5
2025-558,Prostejov,Clay,32,C,O,20250602,16,V0DZ,,,Luca Van Assche,R,178,FRA,21.06,178,313,S0NV,,,Abdullah Shelbayh,L,180,JOR,21.544,287,188,6-3 6-2,3,R32,80,3,2,43,29,21,7,8,1,3,0,5,55,32,17,7,9,4,10
2025-558,Prostejov,Clay,32,C,O,20250602,17,TE30,,,Alejandro Tabilo,L,188,CHI,28,61,940,KI63,,,Lukas Klein,R,193,SVK,27.198,190,291,7-6(4) 6-3,3,R16,114,3,1,80,51,37,14,11,4,6,5,0,75,52,32,11,10,5,8
2025-558,Prostejov,Clay,32,C,O,20250602,18,DA31,4,,Hugo Dellien,R,180,BOL,31.962,90,656,M0SE,,,Maxim Mrva,R,178,CZE,17.834,587,58,6-7(5) 6-2 6-4,3,R16,153,3,1,114,81,50,16,15,7,11,6,3,108,66,40,16,15,8,15
2025-558,Prostejov,Clay,32,C,O,20250602,19,T0AP,5,,Chun-Hsin Tseng,R,175,TPE,23.817,94,648,V0DZ,,,Luca Van Assche,R,178,FRA,21.06,178,313,6-1 7-5,3,R16,99,0,1,59,26,21,16,10,3,5,2,1,54,38,17,8,9,5,10
2025-558,Prostejov,Clay,32,C,O,20250602,20,S0H2,6,,Alexander Shevchenko,R,188,KAZ,24.507,103,580,M0HT,,,Alejandro Moro Canas,R,183,ESP,24.485,198,280,6-2 6-2,3,R16,77,3,2,53,34,25,10,8,0,0,3,2,53,33,20,6,8,6,10
2025-558,Prostejov,Clay,32,C,O,20250602,21,P09O,8,,Zsombor Piros,R,180,HUN,25.637,160,348,J09X,,,Filip Cristian Jianu,R,180,ROU,23.704,236,240,6-3 6-4,3,R16,81,7,3,66,41,29,15,10,4,5,2,1,60,37,22,12,9,7,10
2025-558,Prostejov,Clay,32,C,O,20250602,22,KC33,,,Dimitar Kuzmanov,R,183,BUL,31.847,277,197,GB93,,,Norbert Gombos,R,193,SVK,34.804,332,156,7-5 7-6(1),3,R16,128,3,4,79,54,39,11,12,0,3,5,3,72,46,32,10,12,2,6
2025-558,Prostejov,Clay,32,C,O,20250602,23,R09X,,,Jurij Rodionov,L,191,AUT,26.048,226,246,N0CS,,,Lukas Neumayer,R,183,AUT,22.738,182,301,6-4 6-2,3,R16,81,2,2,48,25,19,14,9,0,1,4,2,58,32,19,12,9,6,10
2025-558,Prostejov,Clay,32,C,O,20250602,24,SS25,,,Vitaliy Sachko,R,188,UKR,27.885,225,246,K0HG,,,Milos Karol,R,198,SVK,22.47,407,112,6-1 6-3,3,R16,77,4,2,49,30,21,13,8,0,0,2,2,60,30,17,13,8,1,5
2025-558,Prostejov,Clay,32,C,O,20250602,25,TE30,,,Alejandro Tabilo,L,188,CHI,28,61,940,P09O,8,,Zsombor Piros,R,180,HUN,25.637,160,348,1-6 6-4 6-0,3,QF,104,3,1,67,39,27,14,12,4,8,6,1,77,47,24,15,11,5,10
2025-558,Prostejov,Clay,32,C,O,20250602,26,DA31,4,,Hugo Dellien,R,180,BOL,31.962,90,656,KC33,,,Dimitar Kuzmanov,R,183,BUL,31.847,277,197,6-3 6-3,3,QF,88,1,0,44,36,29,4,9,0,1,1,1,65,41,27,9,9,5,9
2025-558,Prostejov,Clay,32,C,O,20250602,27,T0AP,5,,Chun-Hsin Tseng,R,175,TPE,23.817,94,648,R09X,,,Jurij Rodionov,L,191,AUT,26.048,226,246,6-4 6-4,3,QF,89,0,0,49,28,21,16,10,1,2,4,4,73,48,30,12,10,8,11
2025-558,Prostejov,Clay,32,C,O,20250602,28,SS25,,,Vitaliy Sachko,R,188,UKR,27.885,225,246,S0H2,6,,Alexander Shevchenko,R,188,KAZ,24.507,103,580,6-2 6-1,3,QF,86,1,1,54,33,24,6,7,7,9,1,2,66,38,17,10,8,5,12
2025-558,Prostejov,Clay,32,C,O,20250602,29,T0AP,5,,Chun-Hsin Tseng,R,175,TPE,23.817,94,648,TE30,,,Alejandro Tabilo,L,188,CHI,28,61,940,6-4 6-1,3,SF,99,6,2,55,30,26,15,9,3,3,2,5,77,50,29,11,8,10,13
2025-558,Prostejov,Clay,32,C,O,20250602,30,DA31,4,,Hugo Dellien,R,180,BOL,31.962,90,656,SS25,,,Vitaliy Sachko,R,188,UKR,27.885,225,246,6-1 6-4,3,SF,,,,,,,,,,,,,,,,,,,
2025-558,Prostejov,Clay,32,C,O,20250602,31,DA31,4,,Hugo Dellien,R,180,BOL,31.962,90,656,T0AP,5,,Chun-Hsin Tseng,R,175,TPE,23.817,94,648,6-3 6-4,3,F,92,0,1,62,42,33,12,10,2,2,4,1,47,25,19,13,9,2,4
2025-2887,Santa Fe,Clay,32,C,O,20250609,1,KE69,,,Mariano Kestelboim,R,185,ARG,29.339,424,107,G0DH,1,,Alvaro Guillen Meza,R,175,ECU,22.434,175,317,6-4 2-6 7-5,3,R32,154,0,2,92,62,34,17,15,5,10,1,4,93,57,32,20,15,7,12
2025-2887,Santa Fe,Clay,32,C,O,20250609,2,RH59,2,,Santiago Rodriguez Taverna,R,191,ARG,25.9,193,284,A0JW,,,Joaquin Aguilar Cardozo,R,168,URY,20.17,897,21,7-5 6-3,3,R32,92,2,2,74,47,34,12,11,5,8,0,1,58,35,18,11,10,4,9
2025-2887,Santa Fe,Clay,32,C,O,20250609,3,CC66,3,,Andrea Collarini,L,183,ARG,33.355,231,241,B0HF,,,Diego Augusto Barreto Sanchez,L,183,ESP,23.143,644,50,6-4 7-5,3,R32,100,0,1,63,47,31,9,11,2,4,1,0,64,46,24,12,11,1,5
2025-2887,Santa Fe,Clay,32,C,O,20250609,4,P0DF,4,,Matheus Pucinelli De Almeida,R,183,BRA,24.189,282,188,LA54,,,Wilson Leite,R,178,BRA,33.591,721,37,6-2 6-4,3,R32,96,1,5,68,40,31,12,9,1,2,0,0,54,32,14,15,9,4,8
2025-2887,Santa Fe,Clay,32,C,O,20250609,5,B0GR,,,Gonzalo Bueno,R,173,PER,21.183,325,160,T0DM,5,,Juan Bautista Torres,R,178,ARG,23.187,283,187,6-3 6-3,3,R32,97,1,0,47,33,24,10,9,2,3,0,1,81,64,34,8,9,10,14
2025-2887,Santa Fe,Clay,32,C,O,20250609,6,CG07,,,Hernan Casanova,R,178,ARG,31.337,475,89,O660,6,,Genaro Alberto Olivieri,R,175,ARG,26.847,289,183,6-3 6-3,3,R32,96,0,0,65,59,33,2,9,7,10,0,0,62,47,21,5,9,6,12
2025-2887,Santa Fe,Clay,32,C,O,20250609,7,M0OH,7,,Lautaro Midon,R,180,ARG,21.196,311,169,R0BC,,,Lorenzo Joaquin Rodriguez,R,196,ARG,25.695,556,65,6-1 7-5,3,R32,85,0,0,48,29,22,14,9,0,1,0,3,71,48,28,7,10,2,7
2025-2887,Santa Fe,Clay,32,C,O,20250609,8,B0JP,,,Dali Blanch,R,185,USA,22.264,601,57,SL94,8,,Pedro Sakamoto,R,178,BRA,31.945,320,164,5-7 6-1 6-0,3,R32,104,3,2,75,44,31,18,13,3,6,0,0,72,50,28,8,12,7,14
2025-2887,Santa Fe,Clay,32,C,O,20250609,9,A0IK,,,Luciano Emanuel Ambrogi,R,188,ARG,21.555,354,143,C0GK,,,Thiago Cigarran,R,183,ARG,25.205,865,23,7-5 6-0,3,R32,86,1,2,45,29,19,9,9,0,3,1,6,59,35,12,10,9,7,14
2025-2887,Santa Fe,Clay,32,C,O,20250609,10,BF23,,,Facundo Bagnis,L,183,ARG,35.28,901,20,HG90,,,Conner Huertas del Pino,R,188,PER,29.47,534,67,6-3 6-4,3,R32,106,2,2,69,44,31,10,10,4,7,4,1,65,47,26,5,9,2,7
2025-2887,Santa Fe,Clay,32,C,O,20250609,11,B0FI,,,Pedro Boscardin Dias,R,180,BRA,22.363,350,145,L0GR,,,Juan Manuel La Serna,L,188,ARG,21.342,506,77,6-2 6-0,3,R32,88,1,5,38,23,19,7,7,0,1,0,6,82,49,22,14,7,15,21
2025-2887,Santa Fe,Clay,32,C,O,20250609,12,J0D2,,,Maximus Jones,R,185,THA,20.758,411,113,F0BV,,,Tomas Farjat,R,188,ARG,24.312,535,67,6-3 6-4,3,R32,71,2,2,65,38,31,14,10,4,4,3,2,53,33,24,8,9,2,4
2025-2887,Santa Fe,Clay,32,C,O,20250609,13,K0HN,,,Bruno Kuzuhara,R,175,USA,21.188,596,57,R0BT,,,Franco Roncadelli,L,185,URU,25.339,353,143,6-0 2-6 7-5,3,R32,146,2,1,90,72,39,13,13,5,8,0,1,85,61,32,17,13,8,13
2025-2887,Santa Fe,Clay,32,C,O,20250609,14,R0A7,,,Joao Lucas Reis Da Silva,R,178,BRA,25.205,313,168,G0D9,,,Igor Gimenez,R,180,BRA,25.3,685,42,6-3 6-4,3,R32,96,3,2,58,37,27,14,10,2,3,6,5,74,38,24,17,9,9,12
2025-2887,Santa Fe,Clay,32,C,O,20250609,15,S0LR,,,John Sperle,L,175,GER,23.357,711,39,O376,,,Renzo Olivo,R,178,ARG,33.235,304,171,7-6(4) 6-2,3,R32,105,0,1,70,48,33,11,10,3,4,0,2,68,44,29,8,10,4,7
2025-2887,Santa Fe,Clay,32,C,O,20250609,16,V821,,,Gonzalo Villanueva,R,175,ARG,30.404,396,119,GF23,,,Lucas Gerch,L,193,GER,30.47,547,66,7-6(7) 6-7(3) 6-3,3,R32,189,0,1,128,88,56,29,16,9,11,4,8,115,69,51,22,17,4,8
2025-2887,Santa Fe,Clay,32,C,O,20250609,17,RH59,2,,Santiago Rodriguez Taverna,R,191,ARG,25.9,193,284,S0LR,,,John Sperle,L,175,GER,23.357,711,39,7-6(7) 6-2,3,R16,104,6,2,75,43,26,19,10,6,8,0,4,68,42,24,10,10,3,7
2025-2887,Santa Fe,Clay,32,C,O,20250609,18,CC66,3,,Andrea Collarini,L,183,ARG,33.355,231,241,V821,,,Gonzalo Villanueva,R,175,ARG,30.404,396,119,6-4 6-4,3,R16,102,3,4,63,44,31,8,10,3,5,0,1,66,42,22,15,10,6,10
2025-2887,Santa Fe,Clay,32,C,O,20250609,19,P0DF,4,,Matheus Pucinelli De Almeida,R,183,BRA,24.189,282,188,A0IK,,,Luciano Emanuel Ambrogi,R,188,ARG,21.555,354,143,7-6(3) 4-6 6-1,3,R16,171,4,3,80,56,41,8,14,6,10,2,2,135,90,49,22,15,15,21
2025-2887,Santa Fe,Clay,32,C,O,20250609,20,M0OH,7,,Lautaro Midon,R,180,ARG,21.196,311,169,BF23,,,Facundo Bagnis,L,183,ARG,35.28,901,20,7-5 6-4,3,R16,112,4,0,60,33,25,20,11,1,2,3,0,81,55,36,11,11,9,12
2025-2887,Santa Fe,Clay,32,C,O,20250609,21,B0JP,,,Dali Blanch,R,185,USA,22.264,601,57,K0HN,,,Bruno Kuzuhara,R,175,USA,21.188,596,57,7-5 6-2,3,R16,97,4,0,65,42,30,14,10,2,2,1,0,65,52,31,7,10,2,5
2025-2887,Santa Fe,Clay,32,C,O,20250609,22,B0GR,,,Gonzalo Bueno,R,173,PER,21.183,325,160,B0FI,,,Pedro Boscardin Dias,R,180,BRA,22.363,350,145,6-3 7-6(7),3,R16,129,1,2,82,61,39,9,10,4,8,2,7,84,48,29,15,11,7,13
2025-2887,Santa Fe,Clay,32,C,O,20250609,23,CG07,,,Hernan Casanova,R,178,ARG,31.337,475,89,J0D2,,,Maximus Jones,R,185,THA,20.758,411,113,6-3 6-2,3,R16,78,0,2,51,42,31,3,8,2,3,1,1,55,24,15,11,9,3,8
2025-2887,Santa Fe,Clay,32,C,O,20250609,24,R0A7,,,Joao Lucas Reis Da Silva,R,178,BRA,25.205,313,168,KE69,,,Mariano Kestelboim,R,185,ARG,29.339,424,107,6-1 6-2,3,R16,76,2,1,43,26,21,10,7,3,3,0,3,62,44,22,6,8,6,11
2025-2887,Santa Fe,Clay,32,C,O,20250609,25,M0OH,7,,Lautaro Midon,R,180,ARG,21.196,311,169,RH59,2,,Santiago Rodriguez Taverna,R,191,ARG,25.9,193,284,6-2 7-6(7),3,QF,110,4,1,69,53,39,6,10,4,6,2,3,83,49,28,15,10,10,14
2025-2887,Santa Fe,Clay,32,C,O,20250609,26,CC66,3,,Andrea Collarini,L,183,ARG,33.355,231,241,CG07,,,Hernan Casanova,R,178,ARG,31.337,475,89,6-4 6-3,3,QF,86,2,2,58,40,24,11,10,2,5,1,2,64,46,22,8,9,9,14
2025-2887,Santa Fe,Clay,32,C,O,20250609,27,B0JP,,,Dali Blanch,R,185,USA,22.264,601,57,P0DF,4,,Matheus Pucinelli De Almeida,R,183,BRA,24.189,282,188,7-5 4-6 6-4,3,QF,138,2,4,88,40,30,31,16,2,5,3,1,105,73,48,18,16,6,10
2025-2887,Santa Fe,Clay,32,C,O,20250609,28,R0A7,,,Joao Lucas Reis Da Silva,R,178,BRA,25.205,313,168,B0GR,,,Gonzalo Bueno,R,173,PER,21.183,325,160,6-3 6-3,3,QF,74,1,1,50,33,25,10,9,1,2,1,1,49,30,18,7,9,2,6
2025-2887,Santa Fe,Clay,32,C,O,20250609,29,R0A7,,,Joao Lucas Reis Da Silva,R,178,BRA,25.205,313,168,CC66,3,,Andrea Collarini,L,183,ARG,33.355,231,241,6-2 6-4,3,SF,88,0,0,48,33,20,11,9,1,3,2,1,67,46,24,8,9,5,10
2025-2887,Santa Fe,Clay,32,C,O,20250609,30,M0OH,7,,Lautaro Midon,R,180,ARG,21.196,311,169,B0JP,,,Dali Blanch,R,185,USA,22.264,601,57,6-2 6-1,3,SF,59,1,0,44,30,24,9,8,0,0,1,1,47,27,15,8,7,5,9
2025-2887,Santa Fe,Clay,32,C,O,20250609,31,R0A7,,,Joao Lucas Reis Da Silva,R,178,BRA,25.205,313,168,M0OH,7,,Lautaro Midon,R,180,ARG,21.196,311,169,6-4 6-3,3,F,86,1,1,54,38,27,8,9,4,6,5,2,67,41,23,11,10,2,7
2025-7536,Lyon,Clay,32,C,O,20250609,1,CD85,1,,Pablo Carreno Busta,R,188,ESP,33.911,93,655,D0DW,,,Titouan Droguet,R,191,FRA,23.984,222,249,7-6(3) 6-3,3,R32,106,4,5,83,59,42,13,11,4,5,4,4,72,35,25,18,10,2,4
2025-7536,Lyon,Clay,32,C,O,20250609,2,H09F,,,Yu Hsiou Hsu,R,178,TPE,26.188,251,221,M0K4,2,,Elmer Moller,R,183,DEN,21.919,109,536,6-2 6-3,3,R32,76,0,1,55,33,22,11,9,1,4,0,7,53,33,19,1,8,5,11
2025-7536,Lyon,Clay,32,C,O,20250609,3,C0H0,3,,Arthur Cazaux,R,183,FRA,22.795,113,498,J620,,,Maxime Janvier,R,196,FRA,28.641,437,103,6-3 6-3,3,R32,73,3,1,52,34,26,11,9,3,4,1,1,50,30,19,8,9,1,5
2025-7536,Lyon,Clay,32,C,O,20250609,4,M0N7,,,Daniel Merida,R,188,ESP,20.701,292,179,J0AZ,4,,Kyrian Jacquet,R,175,FRA,24.079,142,414,6-4 6-4,3,R32,81,1,4,77,49,39,12,10,5,5,3,4,69,37,25,17,10,7,9
2025-7536,Lyon,Clay,32,C,O,20250609,5,O0A2,,,Gauthier Onclin,R,180,BEL,24.282,221,249,FA43,5,,Juan Pablo Ficovich,R,188,ARG,28.372,157,375,7-5 6-3,3,R32,112,1,4,83,58,34,13,11,8,11,4,2,79,52,30,9,10,8,13
2025-7536,Lyon,Clay,32,C,O,20250609,6,BU54,,,Geoffrey Blancaneaux,R,180,FRA,26.836,278,196,N897,6,,Sumit Nagal,R,178,IND,27.814,233,237,6-4 7-6(4),3,R32,131,4,5,76,42,28,15,11,5,9,3,2,81,55,30,12,11,9,14
2025-7536,Lyon,Clay,32,C,O,20250609,7,T09X,,,Clement Tabur,R,173,FRA,25.374,234,236,HB48,7,,Calvin Hemery,R,191,FRA,30.363,168,331,6-4 6-2,3,R32,82,3,2,54,36,31,9,9,1,1,2,4,57,27,18,14,9,3,6
2025-7536,Lyon,Clay,32,C,O,20250609,8,TA29,8,,Marco Trungelliti,R,178,ARG,35.354,188,295,M0HT,,,Alejandro Moro Canas,R,183,ESP,24.504,212,257,6-2 6-3,3,R32,78,5,2,51,33,26,10,9,4,5,2,4,48,32,19,6,8,4,8
2025-7536,Lyon,Clay,32,C,O,20250609,9,BV25,,,Javier Barranco Cosano,L,180,ESP,26.56,316,166,M0EA,,,Pol Martin Tiffon,R,183,ESP,25.862,197,276,6-4 2-2 RET,3,R32,62,5,2,44,28,27,4,7,2,3,4,3,42,19,12,12,7,3,5
2025-7536,Lyon,Clay,32,C,O,20250609,10,GE28,,,Ivan Gakhov,L,191,RUS,28.594,270,206,D0A2,,,Matthew Dellavedova,R,191,AUS,25.027,406,115,2-1 RET,3,R32,13,1,0,5,5,4,0,1,0,0,0,1,12,10,4,1,2,1,2
2025-7536,Lyon,Clay,32,C,O,20250609,11,G0IX,,,Arthur Gea,R,180,FRA,20.433,296,175,GG65,,,Michael Geerts,R,178,BEL,30.393,272,203,6-4 6-3,3,R32,107,2,9,92,58,43,16,10,10,10,3,5,52,23,18,15,9,0,2
2025-7536,Lyon,Clay,32,C,O,20250609,12,KC33,,,Dimitar Kuzmanov,R,183,BUL,31.866,263,211,P0GN,,,Tom Paris,R,193,FRA,22.768,407,114,7-5 7-6(5),3,R32,121,2,0,75,52,43,13,12,4,4,5,3,82,47,34,21,12,2,3
2025-7536,Lyon,Clay,32,C,O,20250609,13,PJ74,,,Lucas Poullain,R,175,FRA,29.511,391,123,L0ER,,,Timo Legout,R,178,FRA,23.242,763,31,6-4 7-6(6),3,R32,144,1,1,86,56,31,15,11,7,11,1,9,92,53,30,17,11,11,16
2025-7536,Lyon,Clay,32,C,O,20250609,14,S0AK,,,Henri Squire,R,196,GER,24.698,370,132,A09U,,,Nicolas Alvarez Varona,R,188,ESP,24.06,308,170,6-3 7-5,3,R32,105,4,9,76,47,33,13,10,6,8,5,3,77,56,31,9,11,8,13
2025-7536,Lyon,Clay,32,C,O,20250609,15,V0DP,,,Adolfo Daniel Vallejo,R,183,PAR,21.114,244,229,MW76,,,Matteo Martineau,R,183,FRA,26.396,279,195,7-5 7-5,3,R32,98,2,1,68,41,28,19,12,2,3,7,7,68,45,34,8,12,5,8
2025-7536,Lyon,Clay,32,C,O,20250609,16,V0DZ,,,Luca Van Assche,R,178,FRA,21.079,184,301,V0B2,,,Michael Vrbensky,R,,CZE,25.454,472,90,1-6 6-1 6-4,3,R32,132,4,2,65,37,26,17,12,2,5,6,8,90,39,28,23,12,10,14
2025-7536,Lyon,Clay,32,C,O,20250609,17,CD85,1,,Pablo Carreno Busta,R,188,ESP,33.911,93,655,BV25,,,Javier Barranco Cosano,L,180,ESP,26.56,316,166,6-1 6-3,3,R16,83,5,0,47,31,24,11,8,2,2,4,3,63,39,28,4,8,7,11
2025-7536,Lyon,Clay,32,C,O,20250609,18,KC33,,,Dimitar Kuzmanov,R,183,BUL,31.866,263,211,C0H0,3,,Arthur Cazaux,R,183,FRA,22.795,113,498,7-5 6-1,3,R16,117,2,3,62,29,22,22,10,6,6,3,3,85,49,24,21,9,12,15
2025-7536,Lyon,Clay,32,C,O,20250609,19,TA29,8,,Marco Trungelliti,R,178,ARG,35.354,188,295,GE28,,,Ivan Gakhov,L,191,RUS,28.594,270,206,2-6 6-4 6-3,3,R16,145,2,2,84,49,30,20,14,1,6,7,9,97,35,25,25,13,12,17
2025-7536,Lyon,Clay,32,C,O,20250609,20,H09F,,,Yu Hsiou Hsu,R,178,TPE,26.188,251,221,V0DP,,,Adolfo Daniel Vallejo,R,183,PAR,21.114,244,229,6-4 6-1,3,R16,90,1,1,56,41,29,8,9,5,6,4,8,61,28,19,13,8,9,13
2025-7536,Lyon,Clay,32,C,O,20250609,21,M0N7,,,Daniel Merida,R,188,ESP,20.701,292,179,S0AK,,,Henri Squire,R,196,GER,24.698,370,132,3-6 6-1 6-4,3,R16,105,6,3,86,70,44,11,13,5,7,5,3,86,55,37,14,13,7,11
2025-7536,Lyon,Clay,32,C,O,20250609,22,O0A2,,,Gauthier Onclin,R,180,BEL,24.282,221,249,PJ74,,,Lucas Poullain,R,175,FRA,29.511,391,123,7-5 7-6(4),3,R16,141,1,5,96,61,36,17,12,9,14,0,2,82,43,24,17,12,6,12
2025-7536,Lyon,Clay,32,C,O,20250609,23,T09X,,,Clement Tabur,R,173,FRA,25.374,234,236,G0IX,,,Arthur Gea,R,180,FRA,20.433,296,175,3-6 6-4 6-0,3,R16,135,1,11,98,58,39,16,12,7,10,3,5,72,33,23,13,13,1,7
2025-7536,Lyon,Clay,32,C,O,20250609,24,V0DZ,,,Luca Van Assche,R,178,FRA,21.079,184,301,BU54,,,Geoffrey Blancaneaux,R,180,FRA,26.836,278,196,6-4 7-5,3,R16,115,0,4,65,44,32,11,11,5,7,5,4,66,39,26,11,11,7,11
2025-7536,Lyon,Clay,32,C,O,20250609,25,O0A2,,,Gauthier Onclin,R,180,BEL,24.282,221,249,CD85,1,,Pablo Carreno Busta,R,188,ESP,33.911,93,655,6-4 6-2,3,QF,81,1,0,50,35,28,5,9,3,5,2,7,61,28,16,13,9,6,11
2025-7536,Lyon,Clay,32,C,O,20250609,26,TA29,8,,Marco Trungelliti,R,178,ARG,35.354,188,295,KC33,,,Dimitar Kuzmanov,R,183,BUL,31.866,263,211,3-6 6-3 6-4,3,QF,137,5,6,80,43,37,21,14,4,5,6,5,106,60,42,23,14,7,9
2025-7536,Lyon,Clay,32,C,O,20250609,27,M0N7,,,Daniel Merida,R,188,ESP,20.701,292,179,V0DZ,,,Luca Van Assche,R,178,FRA,21.079,184,301,6-4 6-3,3,QF,81,0,4,59,43,30,6,10,3,6,0,4,62,32,18,13,9,4,9
2025-7536,Lyon,Clay,32,C,O,20250609,28,T09X,,,Clement Tabur,R,173,FRA,25.374,234,236,H09F,,,Yu Hsiou Hsu,R,178,TPE,26.188,251,221,6-4 7-6(3),3,QF,115,2,5,85,49,34,17,11,4,6,3,3,75,54,33,13,11,4,7
2025-7536,Lyon,Clay,32,C,O,20250609,29,TA29,8,,Marco Trungelliti,R,178,ARG,35.354,188,295,T09X,,,Clement Tabur,R,173,FRA,25.374,234,236,6-1 7-5,3,SF,107,9,5,72,46,35,11,10,2,3,4,2,70,31,20,17,9,7,11
2025-7536,Lyon,Clay,32,C,O,20250609,30,M0N7,,,Daniel Merida,R,188,ESP,20.701,292,179,O0A2,,,Gauthier Onclin,R,180,BEL,24.282,221,249,6-3 6-1,3,SF,65,2,5,48,33,25,9,8,2,2,0,1,48,31,14,8,8,1,5
2025-7536,Lyon,Clay,32,C,O,20250609,31,TA29,8,,Marco Trungelliti,R,178,ARG,35.354,188,295,M0N7,,,Daniel Merida,R,188,ESP,20.701,292,179,6-3 4-6 6-3,3,F,144,1,3,99,50,30,26,14,5,9,2,15,112,64,40,18,14,15,21
2025-9001,Perugia,Clay,32,C,O,20250609,1,N0BG,3,,Luca Nardi,R,185,ITA,21.843,98,645,P0EA,,,Saba Purtseladze,R,191,GEO,23.803,237,236,6-0 6-2,3,R32,47,3,1,34,18,14,14,7,0,0,4,2,40,20,12,6,7,2,7
2025-9001,Perugia,Clay,32,C,O,20250609,2,L987,4,,Dusan Lajovic,R,183,SRB,34.943,137,426,S0UV,,,Rei Sakamoto,R,193,JPN,18.96,291,179,6-0 6-4,3,R32,68,2,0,47,32,23,10,8,0,0,7,0,49,33,21,3,8,3,7
2025-9001,Perugia,Clay,32,C,O,20250609,3,S0GD,5,,Dalibor Svrcina,R,178,CZE,22.686,126,466,R0FP,,,Daniel Rincon,L,185,ESP,22.42,215,255,6-2 4-1 RET,3,R32,84,0,0,37,28,19,6,6,1,2,0,1,57,35,18,7,7,4,9
2025-9001,Perugia,Clay,32,C,O,20250609,4,A829,,,Radu Albot,R,175,MDA,35.576,299,172,W367,,,Stan Wawrinka,R,183,SUI,40.2,155,382,6-4 7-6(3),3,R32,107,2,1,69,42,30,21,11,3,3,7,4,75,39,28,21,11,4,5
2025-9001,Perugia,Clay,32,C,O,20250609,5,P0CT,7,,Francesco Passaro,R,180,ITA,24.419,141,418,M0IF,,,Francesco Maestrelli,R,196,ITA,22.467,248,224,6-3 6-3,3,R32,86,2,3,50,38,31,6,9,2,2,1,2,59,35,23,12,9,9,12
2025-9001,Perugia,Clay,32,C,O,20250609,6,DA81,8,,Taro Daniel,R,191,JPN,32.364,153,387,KE64,,,Alex Marti Pujolras,R,183,USA,27.351,364,133,6-2 4-6 7-6(3),3,R32,155,3,2,99,70,47,19,15,7,9,2,8,100,70,52,11,15,8,11
2025-9001,Perugia,Clay,32,C,O,20250609,7,PH64,9,,Andrea Pellegrino,R,185,ITA,28.214,173,320,Z0AK,,,Gabriele Piraino,R,185,USA,24.356,321,164,4-6 6-4 6-4,3,R32,147,4,3,99,67,46,18,15,9,12,5,5,86,58,34,18,15,5,9
2025-9001,Perugia,Clay,32,C,O,20250609,8,M0RX,,,Federico Arnaboldi,R,185,JPN,21.232,564,63,M0RG,,,Andrea Picchione,R,193,USA,23.74,624,52,4-6 6-2 6-2,3,R32,128,4,4,72,37,28,18,13,2,6,4,8,92,58,35,10,13,2,9
2025-9001,Perugia,Clay,32,C,O,20250609,9,Z0BZ,,,Pierluigi Basile,R,188,USA,21.366,498,79,S0BT,,,Carlos Sanchez Jover,R,191,COL,26.021,380,126,6-3 6-2,3,R32,79,3,3,59,31,20,18,9,3,4,1,2,49,31,19,5,8,3,7
2025-9001,Perugia,Clay,32,C,O,20250609,10,K0A3,,,Federico Bondioli,R,188,USA,25.615,230,241,SS25,,,Vitaliy Sachko,R,188,UKR,27.904,205,264,4-6 6-3 6-4,3,R32,155,8,4,97,57,36,21,15,1,4,1,5,91,64,41,12,14,3,7
2025-9001,Perugia,Clay,32,C,O,20250609,11,DC76,,,Viktor Durasovic,R,185,NOR,28.225,239,235,C0MH,,,Gerard Campana Lee,R,183,KOR,20.687,449,98,3-6 7-6(1) 6-4,3,R32,142,4,4,88,53,43,13,16,0,4,1,2,89,71,43,11,15,1,4
2025-9001,Perugia,Clay,32,C,O,20250609,12,F840,,,Nerman Fatic,R,191,BIH,30.626,305,170,RB60,,,Oriol Roca Batalla,R,175,ESP,32.11,360,139,2-6 7-6(5) 7-6(1),3,R32,207,5,0,143,91,55,30,16,14,18,5,3,109,71,52,18,16,8,10
2025-9001,Perugia,Clay,32,C,O,20250609,13,P0J1,,,Rodrigo Pacheco Mendez,L,191,MEX,20.123,262,213,CF01,,,Marco Cecchinato,R,185,ITA,32.69,397,118,7-6(6) 6-2,3,R32,103,9,1,72,52,38,11,10,5,5,1,1,63,43,28,12,10,1,3
2025-9001,Perugia,Clay,32,C,O,20250609,14,M0RX,,,Luka Pavlovic,R,185,JPN,21.232,564,63,RH59,,,Lorenzo Carboni,R,191,ARG,25.9,193,284,6-1 6-3,3,R32,64,6,1,46,24,19,15,8,2,2,0,4,45,28,16,6,8,1,5
2025-9001,Perugia,Clay,32,C,O,20250609,15,TA12,,,Stefano Travaglia,R,185,ITA,33.448,300,172,TA46,,,Bernard Tomic,R,196,AUS,32.632,238,235,6-3 6-1,3,R32,49,13,1,42,32,28,5,8,2,2,5,6,44,23,12,7,8,1,5
2025-9001,Perugia,Clay,32,C,O,20250609,16,Y218,,,Elias Ymer,R,185,SWE,29.164,260,215,Z0A1,,,Giulio Zeppieri,L,183,ITA,23.504,367,132,7-5 6-4,3,R32,94,2,0,61,42,32,14,11,1,1,7,0,70,49,33,12,11,4,6
2025-9001,Perugia,Clay,32,C,O,20250609,17,N0BG,3,,Luca Nardi,R,185,ITA,21.843,98,645,Y218,,,Elias Ymer,R,185,SWE,29.164,260,215,6-2 6-4,3,R16,73,5,1,49,34,29,8,9,1,1,1,1,49,39,27,3,9,0,3
2025-9001,Perugia,Clay,32,C,O,20250609,18,F840,,,Nerman Fatic,R,191,BIH,30.626,305,170,L987,4,,Dusan Lajovic,R,183,SRB,34.943,137,426,6-2 6-4,3,R16,86,2,0,53,38,31,8,9,2,2,1,1,54,38,28,5,9,1,4
2025-9001,Perugia,Clay,32,C,O,20250609,19,S0GD,5,,Dalibor Svrcina,R,178,CZE,22.686,126,466,TA12,,,Stefano Travaglia,R,185,ITA,33.448,300,172,6-2 6-3,3,R16,80,0,0,47,33,20,11,8,1,2,4,1,59,37,21,8,9,5,10
2025-9001,Perugia,Clay,32,C,O,20250609,20,P0CT,7,,Francesco Passaro,R,180,ITA,24.419,141,418,DC76,,,Viktor Durasovic,R,185,NOR,28.225,239,235,6-4 6-2,3,R16,77,1,0,52,44,32,6,9,2,2,6,5,67,41,23,13,9,13,16
2025-9001,Perugia,Clay,32,C,O,20250609,21,K0A3,,,Luka Pavlovic,R,188,USA,25.615,230,241,DA81,8,,Taro Daniel,R,191,JPN,32.364,153,387,2-6 7-5 7-6(6),3,R16,148,16,5,102,59,46,22,16,7,10,2,0,101,66,44,23,16,3,5
2025-9001,Perugia,Clay,32,C,O,20250609,22,PH64,9,,Andrea Pellegrino,R,185,ITA,28.214,173,320,M0RX,,,Federico Bondioli,R,185,JPN,21.232,564,63,6-1 6-4,3,R16,78,1,2,60,42,27,11,9,6,8,2,2,54,38,19,5,8,5,10
2025-9001,Perugia,Clay,32,C,O,20250609,23,AG08,,,Federico Arnaboldi,R,180,ECU,26.486,277,197,P0J1,,,Rodrigo Pacheco Mendez,L,191,MEX,20.123,262,213,6-2 6-4,3,R16,86,2,0,56,37,27,13,9,1,1,5,4,60,35,24,11,9,7,10
2025-9001,Perugia,Clay,32,C,O,20250609,24,K0A3,,,Pierluigi Basile,R,188,USA,25.615,230,241,A829,,,Radu Albot,R,175,MDA,35.576,299,172,6-3 7-6(7),3,R16,119,6,1,87,57,40,18,11,3,3,2,2,74,49,36,11,10,4,5
2025-9001,Perugia,Clay,32,C,O,20250609,25,N0BG,3,,Luca Nardi,R,185,ITA,21.843,98,645,D0CN,,,Luka Pavlovic,R,208,ESP,25.467,419,109,6-3 7-5,3,QF,84,3,0,53,33,27,16,11,2,3,5,2,65,38,24,16,10,6,9
2025-9001,Perugia,Clay,32,C,O,20250609,26,F840,,,Nerman Fatic,R,191,BIH,30.626,305,170,S0GD,5,,Dalibor Svrcina,R,178,CZE,22.686,126,466,6-4 7-6(6),3,QF,130,3,1,76,54,35,9,11,2,5,1,5,76,54,33,8,11,3,7
2025-9001,Perugia,Clay,32,C,O,20250609,27,PH64,9,,Andrea Pellegrino,R,185,ITA,28.214,173,320,P0CT,7,,Francesco Passaro,R,180,ITA,24.419,141,418,6-4 7-6(4),3,QF,115,2,0,77,62,41,10,11,7,8,2,0,79,57,39,11,11,3,5
2025-9001,Perugia,Clay,32,C,O,20250609,28,TE16,,,Pierluigi Basile,R,183,ESP,27.836,128,462,G0FW,,,Federico Arnaboldi,R,178,LTU,20.444,133,447,6-4 7-5,3,QF,88,3,1,56,32,25,19,11,0,0,4,1,65,43,30,12,11,1,3
2025-9001,Perugia,Clay,32,C,O,20250609,29,PH64,9,,Andrea Pellegrino,R,185,ITA,28.214,173,320,N0BG,3,,Luca Nardi,R,185,ITA,21.843,98,645,7-6(5) 6-2,3,SF,109,2,2,82,59,42,12,10,13,13,5,2,62,31,25,18,10,0,2
2025-9001,Perugia,Clay,32,C,O,20250609,30,F840,,,Nerman Fatic,R,191,BIH,30.626,305,170,BV16,,,Pierluigi Basile,R,175,FRA,26.426,172,321,6-3 7-6(6),3,SF,112,7,2,72,46,36,18,11,7,7,2,4,64,32,27,16,10,2,3
2025-9001,Perugia,Clay,32,C,O,20250609,31,PH64,9,,Andrea Pellegrino,R,185,ITA,28.214,173,320,F840,,,Nerman Fatic,R,191,BIH,30.626,305,170,6-2 6-4,3,F,95,1,0,57,42,32,9,9,3,3,2,1,63,51,30,4,9,5,8
2025-9003,Bratislava,Clay,32,C,O,20250609,1,S0H2,1,,Alexander Shevchenko,R,188,KAZ,24.526,100,610,N731,,,Christoph Negritu,R,193,GER,31.22,285,186,6-4 6-1,3,R32,68,7,3,47,31,27,7,8,3,3,6,2,67,34,22,12,9,7,11
2025-9003,Bratislava,Clay,32,C,O,20250609,2,BS86,2,,Tomas Barrios Vera,R,191,CHI,27.496,111,525,V717,,,Alexey Vatutin,R,178,RUS,32.616,336,156,6-3 6-2,3,R32,83,6,2,63,42,32,9,9,1,1,1,1,50,32,21,7,8,3,6
2025-9003,Bratislava,Clay,32,C,O,20250609,3,D0L3,,,Matej Dodig,R,188,CRO,19.89,376,128,F0F2,3,,Jaime Faria,R,188,POR,21.843,116,487,7-5 2-0 RET,3,R32,74,3,2,52,32,21,10,7,5,7,5,4,60,35,20,10,7,3,7
2025-9003,Bratislava,Clay,32,C,O,20250609,4,R0EB,4,,Valentin Royer,R,188,FRA,24.03,124,470,PL64,,,Oleg Prihodko,R,180,UKR,27.682,343,150,4-6 6-2 6-1,3,R32,116,6,2,81,54,38,12,13,2,5,3,4,85,54,28,15,12,8,14
2025-9003,Bratislava,Clay,32,C,O,20250609,5,GD64,5,,Cristian Garin,R,185,CHI,29.027,122,482,S0NV,,,Abdullah Shelbayh,L,180,JOR,21.563,339,154,6-1 7-6(3),3,R32,88,5,3,63,41,31,14,10,3,4,2,6,60,31,19,16,9,2,5
2025-9003,Bratislava,Clay,32,C,O,20250609,6,N0AM,6,,Emilio Nava,R,185,USA,23.518,119,486,MF35,,,Andrej Martin,R,183,SVK,35.718,306,170,6-1 6-1,3,R32,52,5,1,40,24,22,7,7,2,2,0,7,45,21,14,7,7,2,7
2025-9003,Bratislava,Clay,32,C,O,20250609,7,K0HG,,,Milos Karol,R,198,SVK,22.489,387,124,KI63,8,,Lukas Klein,R,193,SVK,27.217,177,314,6-2 6-4,3,R32,65,8,4,51,27,19,16,9,2,3,3,2,60,39,23,10,9,4,8
2025-9003,Bratislava,Clay,32,C,O,20250609,8,CH12,,,Jan Choinski,R,196,GBR,28.997,213,257,KC04,,,Jozef Kovalik,R,183,SVK,32.594,342,150,6-3 6-4,3,R32,81,3,0,51,37,30,9,9,0,0,7,4,69,37,28,13,10,4,7
2025-9003,Bratislava,Clay,32,C,O,20250609,9,C0NB,,,Federico Cina,R,185,ITA,18.196,287,184,B0OU,,,Hynek Barton,R,183,CZE,21.177,347,146,7-6(5) 6-3,3,R32,102,1,3,86,59,43,15,11,7,7,8,4,70,38,28,17,10,4,5
2025-9003,Bratislava,Clay,32,C,O,20250609,10,J09X,,,Filip Cristian Jianu,R,180,ROU,23.723,210,258,M0N1,,,Luka Mikrut,R,188,CRO,21.147,371,131,6-2 6-7(3) 6-1,3,R32,135,3,1,99,58,40,24,14,8,10,4,1,88,53,32,17,13,5,11
2025-9003,Bratislava,Clay,32,C,O,20250609,11,K0EU,,,Toby Kodat,R,178,USA,22.404,398,118,P0HP,,,Lukas Pokorny,R,191,SVK,23.277,383,125,6-3 4-6 7-6(2),3,R32,148,4,4,109,73,47,21,15,8,11,7,3,108,71,41,20,16,4,8
2025-9003,Bratislava,Clay,32,C,O,20250609,12,MJ98,,,Facundo Mena,R,183,ARG,32.712,208,262,G09C,,,Marek Gengel,R,185,CZE,29.728,245,228,6-2 6-2,3,R32,63,5,1,41,24,23,10,8,1,1,3,1,53,31,18,9,8,3,7
2025-9003,Bratislava,Clay,32,C,O,20250609,13,P0HW,,,Dino Prizmic,R,188,CRO,19.844,252,220,R09X,,,Jurij Rodionov,L,191,AUT,26.067,201,269,6-1 6-4,3,R32,70,6,3,52,39,28,8,9,2,3,3,6,46,23,13,10,8,5,9
2025-9003,Bratislava,Clay,32,C,O,20250609,14,R0GO,,,Henrique Rocha,R,180,POR,21.175,149,402,M0E1,,,Daniel Michalski,R,180,POL,25.41,307,170,6-2 6-1,3,R32,73,4,3,41,21,18,13,7,2,2,0,2,53,31,16,9,8,2,7
2025-9003,Bratislava,Clay,32,C,O,20250609,15,T0FI,,,Marko Topo,R,185,GER,21.739,288,184,GB93,,,Norbert Gombos,R,193,SVK,34.823,315,167,7-6(2) 3-6 7-6(7),3,R32,152,6,1,103,59,43,26,16,6,10,3,2,104,78,55,16,17,2,5
2025-9003,Bratislava,Clay,32,C,O,20250609,16,VA25,,,Valentin Vacherot,R,193,MON,26.563,267,206,MV14,,,Alex Molcan,L,178,SVK,27.521,486,84,6-3 3-6 6-3,3,R32,107,7,4,83,48,36,17,14,8,11,2,2,71,52,34,8,13,3,7
2025-9003,Bratislava,Clay,32,C,O,20250609,17,S0H2,1,,Alexander Shevchenko,R,188,KAZ,24.526,100,610,CH12,,,Jan Choinski,R,196,GBR,28.997,213,257,6-3 6-2,3,R16,67,7,2,54,28,19,19,9,1,1,3,1,52,33,22,7,8,2,5
2025-9003,Bratislava,Clay,32,C,O,20250609,18,R0GO,,,Henrique Rocha,R,180,POR,21.175,149,402,BS86,2,,Tomas Barrios Vera,R,191,CHI,27.496,111,525,6-2 7-5,3,R16,89,2,2,62,30,21,16,10,3,5,4,0,57,48,27,2,10,1,6
2025-9003,Bratislava,Clay,32,C,O,20250609,19,R0EB,4,,Valentin Royer,R,188,FRA,24.03,124,470,VA25,,,Valentin Vacherot,R,193,MON,26.563,267,206,1-6 6-3 6-4,3,R16,115,7,2,74,44,31,17,13,4,7,4,2,75,46,35,14,13,3,6
2025-9003,Bratislava,Clay,32,C,O,20250609,20,GD64,5,,Cristian Garin,R,185,CHI,29.027,122,482,J09X,,,Filip Cristian Jianu,R,180,ROU,23.723,210,258,7-6(3) 6-1,3,R16,94,4,1,67,47,36,10,10,4,5,1,2,59,44,26,7,9,2,5
2025-9003,Bratislava,Clay,32,C,O,20250609,21,C0NB,,,Federico Cina,R,185,ITA,18.196,287,184,N0AM,6,,Emilio Nava,R,185,USA,23.518,119,486,7-6(3) 6-3,3,R16,78,2,2,61,42,35,10,11,0,1,8,2,63,40,32,9,10,2,4
2025-9003,Bratislava,Clay,32,C,O,20250609,22,D0L3,,,Matej Dodig,R,188,CRO,19.89,376,128,K0EU,,,Toby Kodat,R,178,USA,22.404,398,118,7-6(2) 6-3,3,R16,104,5,1,63,41,30,15,10,3,4,2,0,75,46,28,15,11,5,8
2025-9003,Bratislava,Clay,32,C,O,20250609,23,P0HW,,,Dino Prizmic,R,188,CRO,19.844,252,220,K0HG,,,Milos Karol,R,198,SVK,22.489,387,124,6-3 6-2,3,R16,68,5,3,47,24,21,14,9,1,2,6,5,49,23,17,9,8,2,6
2025-9003,Bratislava,Clay,32,C,O,20250609,24,T0FI,,,Marko Topo,R,185,GER,21.739,288,184,MJ98,,,Facundo Mena,R,183,ARG,32.712,208,262,6-3 6-4,3,R16,90,3,2,72,43,31,18,10,4,4,2,2,62,39,28,10,9,6,8
2025-9003,Bratislava,Clay,32,C,O,20250609,25,S0H2,1,,Alexander Shevchenko,R,188,KAZ,24.526,100,610,C0NB,,,Federico Cina,R,185,ITA,18.196,287,184,7-6(3) 6-4,3,QF,95,5,7,66,38,28,9,11,5,10,0,2,69,33,18,15,11,5,11
2025-9003,Bratislava,Clay,32,C,O,20250609,26,R0EB,4,,Valentin Royer,R,188,FRA,24.03,124,470,T0FI,,,Marko Topo,R,185,GER,21.739,288,184,5-7 6-3 6-3,3,QF,130,7,2,83,52,42,13,15,5,8,4,5,89,45,34,20,15,4,9
2025-9003,Bratislava,Clay,32,C,O,20250609,27,GD64,5,,Cristian Garin,R,185,CHI,29.027,122,482,D0L3,,,Matej Dodig,R,188,CRO,19.89,376,128,6-4 6-3,3,QF,93,6,2,58,33,20,15,9,6,8,2,2,63,36,22,10,10,4,9
2025-9003,Bratislava,Clay,32,C,O,20250609,28,P0HW,,,Dino Prizmic,R,188,CRO,19.844,252,220,R0GO,,,Henrique Rocha,R,180,POR,21.175,149,402,6-4 6-1,3,QF,102,2,0,65,35,26,17,9,5,6,2,2,46,26,16,6,8,2,6
2025-9003,Bratislava,Clay,32,C,O,20250609,29,R0EB,4,,Valentin Royer,R,188,FRA,24.03,124,470,S0H2,1,,Alexander Shevchenko,R,188,KAZ,24.526,100,610,7-5 4-6 6-2,3,SF,117,2,1,84,55,42,15,15,3,5,8,1,79,48,35,16,15,5,9
2025-9003,Bratislava,Clay,32,C,O,20250609,30,P0HW,,,Dino Prizmic,R,188,CRO,19.844,252,220,GD64,5,,Cristian Garin,R,185,CHI,29.027,122,482,6-3 6-2,3,SF,89,4,2,54,22,18,19,9,4,5,3,0,42,24,11,10,8,2,6
2025-9003,Bratislava,Clay,32,C,O,20250609,31,P0HW,,,Dino Prizmic,R,188,CRO,19.844,252,220,R0EB,4,,Valentin Royer,R,188,FRA,24.03,124,470,6-4 7-6(6),3,F,138,7,4,71,34,26,26,11,3,3,3,2,81,49,34,21,11,4,5
2025-9005,Ilkley,Grass,32,C,O,20250609,1,SY67,,,Sho Shimabukuro,R,180,JPN,27.86,192,284,MQ75,1,,Kamil Majchrzak,R,183,POL,29.405,95,653,6-4 6-4,3,R32,77,5,2,55,30,23,17,10,2,3,5,1,59,32,20,16,10,1,4
2025-9005,Ilkley,Grass,32,C,O,20250609,2,C0AK,,,Oliver Crawford,R,180,GBR,26.111,266,208,H09P,2,,Brandon Holt,R,185,USA,27.176,106,568,6-3 6-7(2) 7-6(5),3,R32,160,9,4,124,79,60,24,17,2,3,18,2,122,89,67,16,16,10,12
2025-9005,Ilkley,Grass,32,C,O,20250609,3,HD68,3,,Billy Harris,R,193,GBR,30.371,108,546,GH92,,,Borna Gojo,R,196,CRO,27.28,223,248,6-2 6-3,3,R32,61,6,1,47,35,27,6,8,1,1,4,3,49,30,17,9,9,2,6
2025-9005,Ilkley,Grass,32,C,O,20250609,4,C977,4,,Marin Cilic,R,198,CRO,36.695,104,589,J0A4,,,Paul Jubb,R,180,GBR,25.607,254,218,6-3 7-6(6),3,R32,106,7,5,72,40,33,18,11,3,3,6,3,80,49,31,18,10,8,9
2025-9005,Ilkley,Grass,32,C,O,20250609,5,C0HT,,,Murphy Cassone,R,188,USA,22.815,194,283,E865,5,,Christopher Eubanks,R,201,USA,29.095,107,554,6-4 6-3,3,R32,67,3,0,40,21,21,15,9,0,0,9,2,74,52,32,10,10,3,6
2025-9005,Ilkley,Grass,32,C,O,20250609,6,M0ON,,,Johannus Monday,L,198,GBR,23.379,243,230,A0GC,6,,Terence Atmane,L,193,FRA,23.414,123,477,7-6(4) 6-3,3,R32,88,7,3,70,44,37,14,11,4,5,11,7,70,42,30,15,10,5,7
2025-9005,Ilkley,Grass,32,C,O,20250609,7,S0N0,7,,Tristan Schoolkate,R,183,AUS,24.282,131,451,M0G4,,,Harold Mayot,R,180,FRA,23.343,156,376,3-6 7-5 7-5,3,R32,146,10,8,103,58,40,23,16,7,10,9,5,103,65,46,19,17,7,11
2025-9005,Ilkley,Grass,32,C,O,20250609,8,L0IL,8,,Martin Landaluce,R,193,ESP,19.417,146,409,HF80,,,Hady Habib,R,188,LBN,26.801,162,350,6-4 6-7(3) 6-3,3,R32,126,8,6,103,75,60,15,16,5,5,27,2,101,62,53,16,15,7,9
2025-9005,Ilkley,Grass,32,C,O,20250609,9,B0CD,,,Jenson Brooksby,R,193,USA,24.619,151,397,WB08,,,Yosuke Watanuki,R,180,JPN,27.159,179,312,7-6(5) 6-3,3,R32,96,3,0,66,54,38,10,10,1,1,4,5,84,38,28,20,11,4,6
2025-9005,Ilkley,Grass,32,C,O,20250609,10,HG86,,,Lloyd Harris,R,193,RSA,28.287,314,167,BV16,,,Ugo Blanchet,R,175,FRA,26.426,172,321,6-2 6-2,3,R32,59,9,3,42,26,22,9,8,1,2,2,4,47,28,17,5,8,3,8
2025-9005,Ilkley,Grass,32,C,O,20250609,11,M0HU,,,Shintaro Mochizuki,R,175,JPN,22.021,178,314,S0ZE,,,Colton Smith,R,183,USA,22.264,144,411,6-4 3-6 6-2,3,R32,106,3,4,81,45,35,14,13,3,6,5,1,79,49,31,15,14,3,8
2025-9005,Ilkley,Grass,32,C,O,20250609,12,P0HT,,,Jack Pinnington Jones,R,180,GBR,22.196,340,153,K926,,,Mikhail Kukushkin,R,183,KAZ,37.454,182,304,6-2 7-5,3,R32,93,3,5,69,35,28,17,10,7,8,3,1,70,48,30,10,10,9,13
2025-9005,Ilkley,Grass,32,C,O,20250609,13,R0FS,,,Leandro Riedi,R,191,SUI,23.365,559,64,CI14,,,Jay Clarke,R,183,GBR,26.869,190,288,6-3 6-2,3,R32,67,5,2,62,36,27,14,9,8,9,4,3,44,23,17,5,8,3,7
2025-9005,Ilkley,Grass,32,C,O,20250609,14,S0TX,,,Henry Searle,L,193,GBR,19.198,427,105,W0BH,,,Coleman Wong,R,191,HKG,21.008,171,321,6-3 6-2,3,R32,70,5,3,50,31,27,9,8,4,4,2,5,61,34,22,11,9,1,5
2025-9005,Ilkley,Grass,32,C,O,20250609,15,S0K7,,,Zachary Svajda,R,175,USA,22.527,229,241,BI81,,,Alex Bolt,L,183,AUS,32.424,186,297,6-7(5) 7-6(5) 7-5,3,R32,140,21,1,120,80,63,15,18,5,8,16,4,115,67,51,21,18,5,9
2025-9005,Ilkley,Grass,32,C,O,20250609,16,T0BW,,,James Trotter,R,183,JPN,25.864,202,266,R0E0,,,Chris Rodesch,R,198,LUX,23.893,164,346,6-1 6-4,3,R32,58,6,4,48,27,24,14,9,1,1,3,1,45,33,22,4,8,1,4
2025-9005,Ilkley,Grass,32,C,O,20250609,17,P0HT,,,Jack Pinnington Jones,R,180,GBR,22.196,340,153,HD68,3,,Billy Harris,R,193,GBR,30.371,108,546,7-6(4) 4-6 6-3,3,R16,168,6,5,110,66,48,19,15,7,10,6,4,115,74,52,15,16,5,9
2025-9005,Ilkley,Grass,32,C,O,20250609,18,S0K7,,,Zachary Svajda,R,175,USA,22.527,229,241,C977,4,,Marin Cilic,R,198,CRO,36.695,104,589,6-3 6-4,3,R16,67,14,1,56,38,29,12,10,0,0,8,3,44,25,20,10,9,1,3
2025-9005,Ilkley,Grass,32,C,O,20250609,19,S0N0,7,,Tristan Schoolkate,R,183,AUS,24.282,131,451,S0TX,,,Henry Searle,L,193,GBR,19.198,427,105,2-6 6-1 6-4,3,R16,115,9,7,86,53,40,7,13,6,11,3,0,86,53,30,13,12,7,13
2025-9005,Ilkley,Grass,32,C,O,20250609,20,L0IL,8,,Martin Landaluce,R,193,ESP,19.417,146,409,HG86,,,Lloyd Harris,R,193,RSA,28.287,314,167,6-3 6-0,3,R16,58,3,2,40,24,21,11,8,0,0,4,2,42,24,17,3,7,3,7
2025-9005,Ilkley,Grass,32,C,O,20250609,21,C0AK,,,Oliver Crawford,R,180,GBR,26.111,266,208,B0CD,,,Jenson Brooksby,R,193,USA,24.619,151,397,6-4 7-5,3,R16,95,2,1,67,46,31,13,11,2,4,6,3,84,54,34,12,11,7,11
2025-9005,Ilkley,Grass,32,C,O,20250609,22,M0HU,,,Shintaro Mochizuki,R,175,JPN,22.021,178,314,M0ON,,,Johannus Monday,L,198,GBR,23.379,243,230,6-4 6-7(5) 6-3,3,R16,126,10,6,112,64,50,27,16,5,6,11,2,80,51,42,16,15,0,3
2025-9005,Ilkley,Grass,32,C,O,20250609,23,R0FS,,,Leandro Riedi,R,191,SUI,23.365,559,64,C0HT,,,Murphy Cassone,R,188,USA,22.815,194,283,6-4 6-3,3,R16,71,6,4,63,28,23,20,10,2,3,1,1,50,27,17,14,9,3,6
2025-9005,Ilkley,Grass,32,C,O,20250609,24,SY67,,,Sho Shimabukuro,R,180,JPN,27.86,192,284,T0BW,,,James Trotter,R,183,JPN,25.864,202,266,6-3 4-6 6-4,3,R16,151,15,9,126,81,59,17,15,15,17,6,2,87,49,38,14,14,3,6
2025-9005,Ilkley,Grass,32,C,O,20250609,25,S0N0,7,,Tristan Schoolkate,R,183,AUS,24.282,131,451,SY67,,,Sho Shimabukuro,R,180,JPN,27.86,192,284,3-6 6-3 7-6(4),3,QF,128,17,3,83,53,39,19,15,0,2,8,2,98,57,38,24,15,2,4
2025-9005,Ilkley,Grass,32,C,O,20250609,26,P0HT,,,Jack Pinnington Jones,R,180,GBR,22.196,340,153,L0IL,8,,Martin Landaluce,R,193,ESP,19.417,146,409,7-5 6-2,3,QF,84,7,2,50,38,33,8,10,2,2,1,6,68,39,30,9,10,2,5
2025-9005,Ilkley,Grass,32,C,O,20250609,27,M0HU,,,Shintaro Mochizuki,R,175,JPN,22.021,178,314,C0AK,,,Oliver Crawford,R,180,GBR,26.111,266,208,6-4 6-2,3,QF,83,5,1,60,31,19,17,9,1,3,0,3,59,29,19,9,9,4,9
2025-9005,Ilkley,Grass,32,C,O,20250609,28,S0K7,,,Zachary Svajda,R,175,USA,22.527,229,241,R0FS,,,Leandro Riedi,R,191,SUI,23.365,559,64,7-6(8) 4-6 7-5,3,QF,122,17,7,101,59,50,21,17,4,7,13,6,99,57,44,26,17,3,6
2025-9005,Ilkley,Grass,32,C,O,20250609,29,S0N0,7,,Tristan Schoolkate,R,183,AUS,24.282,131,451,S0K7,,,Zachary Svajda,R,175,USA,22.527,229,241,6-4 7-6(6),3,SF,95,12,1,71,48,40,13,11,3,3,3,0,82,39,27,27,11,9,10
2025-9005,Ilkley,Grass,32,C,O,20250609,30,P0HT,,,Jack Pinnington Jones,R,180,GBR,22.196,340,153,M0HU,,,Shintaro Mochizuki,R,175,JPN,22.021,178,314,7-6(5) 6-4,3,SF,106,5,5,83,51,37,18,11,3,4,1,0,70,39,24,22,11,2,4
2025-9005,Ilkley,Grass,32,C,O,20250609,31,S0N0,7,,Tristan Schoolkate,R,183,AUS,24.282,131,451,P0HT,,,Jack Pinnington Jones,R,180,GBR,22.196,340,153,6-7(8) 6-4 6-3,3,F,154,6,4,93,48,28,26,15,3,8,6,7,130,74,46,20,16,9,17
2025-4942,Royan,Clay,32,C,O,20250616,1,HB48,1,,Calvin Hemery,R,191,FRA,30.382,172,331,SK94,,,Cedrik-Marcel Stebe,L,180,GER,34.686,1243,6,6-2 6-3,3,R32,88,2,2,52,31,25,11,8,2,2,0,2,56,24,14,15,9,3,7
2025-4942,Royan,Clay,32,C,O,20250616,2,D0DW,2,,Titouan Droguet,R,191,FRA,24.003,225,249,S0GZ,,,Nikolas Sanchez Izquierdo,R,185,ESP,26.256,341,150,6-1 6-2,3,R32,89,6,3,53,27,17,18,8,2,3,0,3,54,33,18,5,7,7,12
2025-4942,Royan,Clay,32,C,O,20250616,3,F0F4,,,Kilian Feldbausch,R,191,SUI,19.773,469,91,T09X,3,,Clement Tabur,R,173,FRA,25.394,217,254,6-2 6-3,3,R32,96,1,3,52,41,31,5,8,2,2,4,5,66,35,25,9,9,8,12
2025-4942,Royan,Clay,32,C,O,20250616,4,B0LW,,,Mika Brunold,R,191,SUI,20.704,333,156,H09F,4,,Yu Hsiou Hsu,R,178,TPE,26.207,242,235,6-4 7-5,3,R32,113,4,5,68,43,33,13,11,3,5,1,5,83,50,31,16,11,9,13
2025-4942,Royan,Clay,32,C,O,20250616,5,KC33,5,,Dimitar Kuzmanov,R,183,BUL,31.885,253,225,PJ74,,,Lucas Poullain,R,175,FRA,29.53,373,130,6-3 7-6(3),3,R32,120,5,2,78,44,34,19,11,3,4,0,1,62,36,25,16,10,2,4
2025-4942,Royan,Clay,32,C,O,20250616,6,E0AC,6,,Mathys Erhard,R,188,FRA,23.639,272,206,S0NV,,,Abdullah Shelbayh,L,180,JOR,21.582,338,154,7-6(5) 7-5,3,R32,126,2,6,94,50,33,18,12,6,11,2,9,74,42,25,13,12,4,10
2025-4942,Royan,Clay,32,C,O,20250616,7,GE28,7,,Ivan Gakhov,L,191,RUS,28.613,268,211,P0K5,,,Theo Papamalamis,R,183,FRA,19.433,666,45,6-4 6-2,3,R32,86,6,2,59,33,26,15,9,1,1,0,1,47,22,14,15,9,3,6
2025-4942,Royan,Clay,32,C,O,20250616,8,M0N7,8,,Daniel Merida,R,188,ESP,20.72,250,228,D0L3,,,Matej Dodig,R,188,CRO,19.91,361,137,6-7(5) 7-5 7-5,3,R32,166,1,11,124,80,56,18,18,8,12,5,4,124,69,51,25,18,10,16
2025-4942,Royan,Clay,32,C,O,20250616,9,B0BU,,,Florent Bax,R,185,FRA,26.001,369,132,A0EA,,,Max Alcala Gurri,R,178,ESP,22.762,385,125,2-6 6-4 6-3,3,R32,164,2,4,85,49,31,13,14,6,12,1,7,97,66,40,12,13,8,14
2025-4942,Royan,Clay,32,C,O,20250616,10,CG94,,,Enzo Couacaud,R,183,FRA,30.294,454,96,B0C0,,,Gabi Adrian Boitan,R,185,ROU,25.933,358,138,3-6 6-3 6-4,3,R32,120,15,0,80,45,35,20,14,3,4,6,6,84,50,41,15,14,4,6
2025-4942,Royan,Clay,32,C,O,20250616,11,G0CV,,,Buvaysar Gadamauri,R,180,BEL,24.934,670,45,PD31,,,Benoit Paire,R,196,FRA,36.107,503,77,7-5 7-6(5),3,R32,117,3,2,88,66,45,14,12,9,11,2,7,81,37,27,23,12,6,9
2025-4942,Royan,Clay,32,C,O,20250616,12,G0IX,,,Arthur Gea,R,180,FRA,20.452,291,183,S0GV,,,Robert Strombachs,R,191,LAT,25.752,322,159,6-7(2) 6-1 6-1,3,R32,130,7,6,85,53,36,14,13,2,5,0,4,78,49,29,7,13,4,12
2025-4942,Royan,Clay,32,C,O,20250616,13,I0AP,,,Kalin Ivanovski,R,196,MKD,21.098,961,16,GB93,,,Norbert Gombos,R,193,SVK,34.842,328,157,6-1 6-3,3,R32,71,4,4,46,27,19,11,8,0,1,1,5,53,30,15,8,8,5,10
2025-4942,Royan,Clay,32,C,O,20250616,14,M0N1,,,Luka Mikrut,R,188,CRO,21.166,384,125,BV25,,,Javier Barranco Cosano,L,180,ESP,26.579,319,162,7-6(8) 6-3,3,R32,114,5,1,62,32,26,19,10,0,1,3,2,78,49,33,16,11,4,7
2025-4942,Royan,Clay,32,C,O,20250616,15,P0GN,,,Tom Paris,R,193,FRA,22.787,408,114,F0HO,,,Thomas Faurel,R,178,FRA,19.4,1006,14,7-6(2) 3-6 7-6(4),3,R32,174,2,2,110,72,49,19,16,7,11,1,0,113,85,53,17,17,2,5
2025-4942,Royan,Clay,32,C,O,20250616,16,S0Y0,,,Andres Santamarta Roig,R,180,ESP,18.396,796,27,M0EY,,,Alex Marti Pujolras,R,185,ESP,26.346,339,153,6-4 6-7(4) 7-6(8),3,R32,189,0,9,139,91,63,21,17,10,13,3,9,115,79,52,19,17,5,9
2025-4942,Royan,Clay,32,C,O,20250616,17,CG94,,,Enzo Couacaud,R,183,FRA,30.294,454,96,HB48,1,,Calvin Hemery,R,191,FRA,30.382,172,331,6-4 7-6(5),3,R16,137,3,1,92,39,29,31,11,10,11,9,2,78,39,25,24,11,2,4
2025-4942,Royan,Clay,32,C,O,20250616,18,D0DW,2,,Titouan Droguet,R,191,FRA,24.003,225,249,G0IX,,,Arthur Gea,R,180,FRA,20.452,291,183,4-6 6-1 6-3,3,R16,144,6,2,79,37,27,20,13,5,9,0,7,92,62,34,10,13,10,17
2025-4942,Royan,Clay,32,C,O,20250616,19,KC33,5,,Dimitar Kuzmanov,R,183,BUL,31.885,253,225,I0AP,,,Kalin Ivanovski,R,196,MKD,21.098,961,16,4-6 6-3 6-3,3,R16,146,2,2,83,55,40,16,14,4,6,8,2,101,50,34,25,14,5,9
2025-4942,Royan,Clay,32,C,O,20250616,20,M0N1,,,Luka Mikrut,R,188,CRO,21.166,384,125,E0AC,6,,Mathys Erhard,R,188,FRA,23.639,272,206,6-3 6-4,3,R16,91,2,0,55,31,26,12,10,1,3,1,1,56,36,21,8,9,2,6
2025-4942,Royan,Clay,32,C,O,20250616,21,S0Y0,,,Andres Santamarta Roig,R,180,ESP,18.396,796,27,GE28,7,,Ivan Gakhov,L,191,RUS,28.613,268,211,3-6 6-2 7-6(6),3,R16,141,2,1,97,65,46,16,15,5,8,3,4,84,43,26,26,14,4,7
2025-4942,Royan,Clay,32,C,O,20250616,22,M0N7,8,,Daniel Merida,R,188,ESP,20.72,250,228,B0BU,,,Florent Bax,R,185,FRA,26.001,369,132,7-5 6-2,3,R16,109,0,3,58,44,29,6,10,4,7,2,2,74,47,25,13,10,9,15
2025-4942,Royan,Clay,32,C,O,20250616,23,B0LW,,,Mika Brunold,R,191,SUI,20.704,333,156,P0GN,,,Tom Paris,R,193,FRA,22.787,408,114,7-5 6-3,3,R16,110,3,6,66,48,38,8,10,6,6,3,2,79,47,31,14,11,5,8
2025-4942,Royan,Clay,32,C,O,20250616,24,F0F4,,,Kilian Feldbausch,R,191,SUI,19.773,469,91,G0CV,,,Buvaysar Gadamauri,R,180,BEL,24.934,670,45,6-3 6-1,3,R16,81,1,4,56,42,29,9,8,3,4,1,1,64,50,22,6,8,5,10
2025-4942,Royan,Clay,32,C,O,20250616,25,D0DW,2,,Titouan Droguet,R,191,FRA,24.003,225,249,M0N1,,,Luka Mikrut,R,188,CRO,21.166,384,125,7-6(1) 6-7(7) 6-4,3,QF,179,7,5,123,81,58,21,17,6,8,1,2,118,77,54,23,17,8,11
2025-4942,Royan,Clay,32,C,O,20250616,26,KC33,5,,Dimitar Kuzmanov,R,183,BUL,31.885,253,225,CG94,,,Enzo Couacaud,R,183,FRA,30.294,454,96,6-4 6-1,3,QF,84,1,1,50,27,21,15,9,1,2,2,3,54,32,19,8,8,4,8
2025-4942,Royan,Clay,32,C,O,20250616,27,M0N7,8,,Daniel Merida,R,188,ESP,20.72,250,228,F0F4,,,Kilian Feldbausch,R,191,SUI,19.773,469,91,7-5 6-3,3,QF,106,0,7,92,71,45,6,11,9,12,0,5,70,52,27,7,10,7,12
2025-4942,Royan,Clay,32,C,O,20250616,28,B0LW,,,Mika Brunold,R,191,SUI,20.704,333,156,S0Y0,,,Andres Santamarta Roig,R,180,ESP,18.396,796,27,6-4 6-3,3,QF,95,1,2,56,27,22,20,10,0,0,1,3,67,40,27,13,9,6,8
2025-4942,Royan,Clay,32,C,O,20250616,29,D0DW,2,,Titouan Droguet,R,191,FRA,24.003,225,249,M0N7,8,,Daniel Merida,R,188,ESP,20.72,250,228,7-6(4) 6-2,3,SF,105,3,1,63,45,32,13,10,7,8,2,6,91,67,39,10,10,4,7
2025-4942,Royan,Clay,32,C,O,20250616,30,KC33,5,,Dimitar Kuzmanov,R,183,BUL,31.885,253,225,B0LW,,,Mika Brunold,R,191,SUI,20.704,333,156,4-6 6-3 6-4,3,SF,173,1,8,109,64,36,25,15,6,11,1,6,95,59,33,16,14,10,16
2025-4942,Royan,Clay,32,C,O,20250616,31,D0DW,2,,Titouan Droguet,R,191,FRA,24.003,225,249,KC33,5,,Dimitar Kuzmanov,R,183,BUL,31.885,253,225,4-6 6-1 6-4,3,F,,,,,,,,,,,,,,,,,,,
2025-7740,Nottingham 2,Grass,32,C,O,20250616,1,C977,2,,Marin Cilic,R,198,CRO,36.715,101,597,GF95,,,Hugo Grenier,R,196,FRA,29.232,178,316,6-3 6-2,3,R32,70,9,2,51,32,25,15,9,3,3,4,1,61,52,32,2,8,4,7
2025-7740,Nottingham 2,Grass,32,C,O,20250616,2,F0F2,,,Jaime Faria,R,188,POR,21.862,119,487,H09P,3,,Brandon Holt,R,185,USA,27.195,104,568,6-3 6-4,3,R32,71,14,4,71,46,39,11,10,8,8,2,1,56,41,25,9,9,6,8
2025-7740,Nottingham 2,Grass,32,C,O,20250616,3,PH78,,,Ryan Peniston,L,180,GBR,29.599,271,206,GE33,5,,Daniel Elahi Galan,R,191,COL,28.994,111,533,5-7 6-4 6-2,3,R32,125,4,7,87,52,38,16,15,8,13,6,3,85,61,35,11,15,4,11
2025-7740,Nottingham 2,Grass,32,C,O,20250616,4,BS86,6,,Tomas Barrios Vera,R,191,CHI,27.515,112,525,T0BW,,,James Trotter,R,183,JPN,25.884,202,274,6-3 6-4,3,R32,93,2,1,45,33,28,8,9,0,0,3,2,82,52,30,16,10,6,9
2025-7740,Nottingham 2,Grass,32,C,O,20250616,5,ME82,,,Adrian Mannarino,L,180,FRA,36.964,128,469,C0H0,7,,Arthur Cazaux,R,183,FRA,22.815,115,505,6-4 6-3,3,R32,87,2,1,48,30,25,11,9,1,2,8,4,72,44,29,12,10,7,11
2025-7740,Nottingham 2,Grass,32,C,O,20250616,6,B0EJ,8,,Tristan Boyer,R,188,USA,24.153,117,494,KC12,,,Mitchell Krueger,R,188,USA,31.425,165,347,6-1 7-5,3,R32,90,5,3,62,38,33,11,10,3,3,2,0,59,39,23,10,9,2,5
2025-7740,Nottingham 2,Grass,32,C,O,20250616,7,A0GC,,,Terence Atmane,L,193,FRA,23.433,123,477,G0GD,,,Matteo Gigante,L,180,ITA,23.447,133,444,4-6 6-4 6-4,3,R32,118,14,2,82,56,44,14,15,0,1,2,4,98,59,42,22,15,11,13
2025-7740,Nottingham 2,Grass,32,C,O,20250616,8,CH12,,,Jan Choinski,R,196,GBR,29.016,208,264,S0JA,,,Eliot Spizzirri,R,185,USA,23.48,118,494,5-7 6-4 6-4,3,R32,133,7,2,102,68,52,16,16,4,6,3,0,82,56,41,14,16,0,3
2025-7740,Nottingham 2,Grass,32,C,O,20250616,9,F0DM,,,Arthur Fery,R,175,GBR,22.93,481,86,F510,,,Fabio Fognini,R,178,ITA,38.064,127,470,6-3 7-6(5),3,R32,85,3,1,72,48,36,11,11,2,4,5,4,66,37,25,13,10,0,3
2025-7740,Nottingham 2,Grass,32,C,O,20250616,10,HG86,,,Lloyd Harris,R,193,RSA,28.307,311,167,R0EB,,,Valentin Royer,R,188,FRA,24.049,114,513,7-6(6) 6-2,3,R32,92,17,2,65,41,36,10,10,2,3,2,1,71,45,28,15,10,4,7
2025-7740,Nottingham 2,Grass,32,C,O,20250616,11,L0IL,,,Martin Landaluce,R,193,ESP,19.436,147,411,B0U4,,,Nicolai Budkov Kjaer,R,191,NOR,18.79,307,169,6-2 2-6 6-2,3,R32,113,3,8,84,48,33,19,12,7,9,3,4,75,51,34,7,12,2,6
2025-7740,Nottingham 2,Grass,32,C,O,20250616,12,M0OQ,,,James McCabe,R,188,AUS,21.949,183,308,L0CF,,,George Loffhagen,R,188,GBR,24.159,303,172,6-3 7-6(4),3,R32,115,12,4,79,50,41,15,11,5,5,7,3,75,34,29,19,10,5,6
2025-7740,Nottingham 2,Grass,32,C,O,20250616,13,M0HU,,,Shintaro Mochizuki,R,175,JPN,22.04,164,349,H996,,,Pierre-Hugues Herbert,R,188,FRA,34.248,126,474,6-4 7-6(7),3,R32,101,1,1,72,35,28,22,11,0,1,7,5,67,39,29,16,11,3,5
2025-7740,Nottingham 2,Grass,32,C,O,20250616,14,N0AM,,,Emilio Nava,R,185,USA,23.537,121,485,P0HT,,,Jack Pinnington Jones,R,180,GBR,22.215,282,196,6-3 6-7(10) 6-3,3,R32,143,26,2,112,79,66,15,16,9,9,5,11,121,73,54,23,14,9,11
2025-7740,Nottingham 2,Grass,32,C,O,20250616,15,S0N0,,,Tristan Schoolkate,R,183,AUS,24.301,106,563,B0PG,,,Alexander Blockx,R,193,BEL,20.189,140,423,6-3 6-2,3,R32,81,6,3,64,39,30,15,9,2,2,2,5,61,29,20,13,8,8,11
2025-7740,Nottingham 2,Grass,32,C,O,20250616,16,S0ZE,,,Colton Smith,R,183,USA,22.283,146,411,TA29,,,Marco Trungelliti,R,178,ARG,35.373,154,388,6-2 4-6 6-3,3,R32,120,8,0,95,67,46,15,14,7,10,4,6,91,64,42,6,13,5,10
2025-7740,Nottingham 2,Grass,32,C,O,20250616,17,C977,2,,Marin Cilic,R,198,CRO,36.715,101,597,HG86,,,Lloyd Harris,R,193,RSA,28.307,311,167,2-6 6-4 3-1 RET,3,R16,108,8,1,70,41,30,14,11,6,8,15,6,61,44,36,5,11,2,4
2025-7740,Nottingham 2,Grass,32,C,O,20250616,18,BS86,6,,Tomas Barrios Vera,R,191,CHI,27.515,112,525,S0N0,,,Tristan Schoolkate,R,183,AUS,24.301,106,563,6-2 7-6(8),3,R16,98,5,2,67,44,36,16,10,3,3,11,5,66,43,33,12,10,0,2
2025-7740,Nottingham 2,Grass,32,C,O,20250616,19,M0HU,,,Shintaro Mochizuki,R,175,JPN,22.04,164,349,B0EJ,8,,Tristan Boyer,R,188,USA,24.153,117,494,6-2 6-3,3,R16,101,1,3,51,28,20,9,8,3,6,2,2,68,43,18,10,9,5,12
2025-7740,Nottingham 2,Grass,32,C,O,20250616,20,A0GC,,,Terence Atmane,L,193,FRA,23.433,123,477,F0DM,,,Arthur Fery,R,175,GBR,22.93,481,86,5-7 6-3 6-4,3,R16,129,8,5,105,67,50,22,16,9,10,3,1,90,66,45,16,15,2,4
2025-7740,Nottingham 2,Grass,32,C,O,20250616,21,F0F2,,,Jaime Faria,R,188,POR,21.862,119,487,CH12,,,Jan Choinski,R,196,GBR,29.016,208,264,7-5 6-3,3,R16,,,,,,,,,,,,,,,,,,,
2025-7740,Nottingham 2,Grass,32,C,O,20250616,22,L0IL,,,Martin Landaluce,R,193,ESP,19.436,147,411,ME82,,,Adrian Mannarino,L,180,FRA,36.964,128,469,4-6 7-5 7-5,3,R16,200,5,6,136,77,47,29,17,14,18,4,2,109,62,44,22,17,6,11
2025-7740,Nottingham 2,Grass,32,C,O,20250616,23,N0AM,,,Emilio Nava,R,185,USA,23.537,121,485,PH78,,,Ryan Peniston,L,180,GBR,29.599,271,206,7-6(5) 6-4,3,R16,106,12,4,70,43,33,14,11,3,5,2,1,70,47,28,16,11,3,6
2025-7740,Nottingham 2,Grass,32,C,O,20250616,24,S0ZE,,,Colton Smith,R,183,USA,22.283,146,411,M0OQ,,,James McCabe,R,188,AUS,21.949,183,308,5-7 6-3 6-3,3,R16,146,2,2,86,55,39,18,15,2,4,8,8,122,69,48,21,15,12,16
2025-7740,Nottingham 2,Grass,32,C,O,20250616,25,C977,2,,Marin Cilic,R,198,CRO,36.715,101,597,BS86,6,,Tomas Barrios Vera,R,191,CHI,27.515,112,525,6-1 6-3,3,QF,72,9,3,48,24,21,14,8,2,2,1,0,54,41,22,6,8,6,10
2025-7740,Nottingham 2,Grass,32,C,O,20250616,26,L0IL,,,Martin Landaluce,R,193,ESP,19.436,147,411,A0GC,,,Terence Atmane,L,193,FRA,23.433,123,477,6-7(3) 6-2 6-3,3,QF,116,9,4,84,59,44,16,14,5,6,9,5,88,60,40,15,15,5,10
2025-7740,Nottingham 2,Grass,32,C,O,20250616,27,M0HU,,,Shintaro Mochizuki,R,175,JPN,22.04,164,349,F0F2,,,Jaime Faria,R,188,POR,21.862,119,487,6-2 6-0,3,QF,48,2,2,42,27,23,7,7,2,2,3,2,42,24,13,6,7,6,11
2025-7740,Nottingham 2,Grass,32,C,O,20250616,28,S0ZE,,,Colton Smith,R,183,USA,22.283,146,411,N0AM,,,Emilio Nava,R,185,USA,23.537,121,485,6-7(5) 6-4 6-4,3,QF,145,6,1,107,69,49,21,16,3,5,11,4,98,59,46,15,16,5,9
2025-7740,Nottingham 2,Grass,32,C,O,20250616,29,C977,2,,Marin Cilic,R,198,CRO,36.715,101,597,L0IL,,,Martin Landaluce,R,193,ESP,19.436,147,411,6-7(6) 6-4 7-6(7),3,SF,178,30,6,100,62,55,19,17,1,2,12,4,124,84,62,18,17,8,10
2025-7740,Nottingham 2,Grass,32,C,O,20250616,30,M0HU,,,Shintaro Mochizuki,R,175,JPN,22.04,164,349,S0ZE,,,Colton Smith,R,183,USA,22.283,146,411,6-2 6-2,3,SF,63,2,1,52,30,24,12,8,2,2,2,2,43,30,16,5,8,0,4
2025-7740,Nottingham 2,Grass,32,C,O,20250616,31,C977,2,,Marin Cilic,R,198,CRO,36.715,101,597,M0HU,,,Shintaro Mochizuki,R,175,JPN,22.04,164,349,6-2 6-3,3,F,70,4,1,47,26,22,15,9,1,1,2,2,45,28,19,7,8,3,6
2025-786,Poznan,Clay,32,C,O,20250616,1,GD64,1,,Cristian Garin,R,185,CHI,29.046,116,500,V717,,,Alexey Vatutin,R,178,RUS,32.635,335,156,6-1 6-0,3,R32,70,4,3,46,26,18,12,6,5,5,0,6,57,34,16,7,7,3,9
2025-786,Poznan,Clay,32,C,O,20250616,2,T0A1,2,,Thiago Agustin Tirante,R,185,ARG,24.183,129,469,Y171,,,Denis Yevseyev,R,188,KAZ,32.068,270,210,6-4 6-1,3,R32,79,1,4,54,30,21,10,8,3,6,0,5,59,28,13,10,9,3,10
2025-786,Poznan,Clay,32,C,O,20250616,3,S0GD,3,,Dalibor Svrcina,R,178,CZE,22.705,124,475,S0AK,,,Henri Squire,R,196,GER,24.717,357,139,6-4 7-6(6),3,R32,123,1,2,80,53,33,11,11,6,10,1,9,93,67,36,10,11,5,10
2025-786,Poznan,Clay,32,C,O,20250616,4,M0JZ,4,,Filip Misolic,R,180,AUT,23.855,142,418,K0HC,,,Maks Kasnikowski,R,180,POL,21.947,318,162,6-3 6-0,3,R32,70,2,2,52,32,25,10,8,3,4,0,1,42,22,9,9,7,4,9
2025-786,Poznan,Clay,32,C,O,20250616,5,R09X,7,,Jurij Rodionov,L,191,AUT,26.086,206,269,A09U,,,Nicolas Alvarez Varona,R,188,ESP,24.079,305,171,3-6 6-3 6-2,3,R32,121,7,5,77,33,24,21,13,3,7,3,6,87,55,30,15,13,7,13
2025-786,Poznan,Clay,32,C,O,20250616,6,V0DP,,,Adolfo Daniel Vallejo,R,183,PAR,21.133,240,236,MJ98,8,,Facundo Mena,R,183,ARG,32.731,211,261,6-3 3-1 RET,3,R32,70,1,1,46,28,18,7,7,6,9,2,2,36,25,11,2,6,2,7
2025-786,Poznan,Clay,32,C,O,20250616,7,S0GR,9,,Timofey Skatov,R,173,KAZ,24.4,215,255,A829,,,Radu Albot,R,175,MDA,35.595,293,180,6-2 6-4,3,R32,89,2,3,52,34,23,9,9,2,4,1,2,53,33,19,8,9,2,7
2025-786,Poznan,Clay,32,C,O,20250616,8,B0OU,,,Hynek Barton,R,183,CZE,21.196,342,148,K0EU,,,Toby Kodat,R,178,USA,22.423,377,127,6-1 6-3,3,R32,75,4,2,57,29,22,14,8,3,4,1,2,58,37,19,7,8,4,9
2025-786,Poznan,Clay,32,C,O,20250616,9,DC76,,,Viktor Durasovic,R,185,NOR,28.244,236,241,SN54,,,Frederico Ferreira Silva,L,178,POR,30.248,261,217,6-1 6-4,3,R32,79,9,5,55,31,25,14,9,0,0,3,3,48,31,20,8,8,4,7
2025-786,Poznan,Clay,32,C,O,20250616,10,GA79,,,Lorenzo Giustino,R,180,ITA,33.766,295,179,VA25,,,Valentin Vacherot,R,193,MON,26.582,267,213,6-2 6-4,3,R32,96,4,2,59,36,24,15,9,6,7,2,6,55,32,19,11,9,5,9
2025-786,Poznan,Clay,32,C,O,20250616,11,KH56,,,Zdenek Kolar,R,183,CZE,28.684,453,98,P0GQ,,,Mili Poljicak,R,185,CRO,20.925,265,215,6-4 6-3,3,R32,,,,,,,,,,,,,,,,,,,
2025-786,Poznan,Clay,32,C,O,20250616,12,K0FY,,,Martin Krumich,R,188,CZE,22.472,520,73,Z0BL,,,Fares Zakaria,R,183,EGY,24.093,606,55,6-1 7-6(6),3,R32,109,1,1,64,45,34,13,10,2,3,3,4,71,42,24,14,9,6,9
2025-786,Poznan,Clay,32,C,O,20250616,13,MW76,,,Matteo Martineau,R,183,FRA,26.415,292,182,D0LJ,,,Diego Dedura,L,180,GER,17.262,362,137,6-3 6-2,3,R32,85,2,3,62,37,24,13,9,4,6,1,1,56,37,17,8,8,4,9
2025-786,Poznan,Clay,32,C,O,20250616,14,M0E1,,,Daniel Michalski,R,180,POL,25.429,301,173,B0P4,,,Tomasz Berkieta,R,191,POL,18.905,848,24,6-4 7-6(2),3,R32,119,3,0,75,43,32,17,11,6,7,3,9,81,40,26,21,11,3,5
2025-786,Poznan,Clay,32,C,O,20250616,15,M0SE,,,Maxim Mrva,R,178,CZE,17.873,558,65,M0AC,,,Rudolf Molleker,R,188,GER,24.638,363,137,6-3 6-2,3,R32,64,9,3,55,34,26,11,9,2,3,0,1,51,27,16,10,8,4,8
2025-786,Poznan,Clay,32,C,O,20250616,16,N897,,,Sumit Nagal,R,178,IND,27.833,300,173,W0F8,,,Alan Wazny,R,183,POL,18.034,1702,2,6-2 4-6 6-4,3,R32,150,0,5,102,74,40,11,14,8,15,2,6,101,64,33,12,14,10,19
2025-786,Poznan,Clay,32,C,O,20250616,17,GD64,1,,Cristian Garin,R,185,CHI,29.046,116,500,N897,,,Sumit Nagal,R,178,IND,27.833,300,173,6-4 3-6 6-4,3,R16,150,3,3,85,51,32,17,14,1,5,4,2,93,65,42,13,15,10,15
2025-786,Poznan,Clay,32,C,O,20250616,18,T0A1,2,,Thiago Agustin Tirante,R,185,ARG,24.183,129,469,DC76,,,Viktor Durasovic,R,185,NOR,28.244,236,241,7-6(4) 6-1,3,R16,105,6,0,61,41,31,14,10,1,2,9,6,79,45,29,17,9,5,8
2025-786,Poznan,Clay,32,C,O,20250616,19,S0GD,3,,Dalibor Svrcina,R,178,CZE,22.705,124,475,MW76,,,Matteo Martineau,R,183,FRA,26.415,292,182,6-4 6-3,3,R16,94,3,2,73,58,40,9,10,4,4,4,2,55,32,23,12,9,1,3
2025-786,Poznan,Clay,32,C,O,20250616,20,M0JZ,4,,Filip Misolic,R,180,AUT,23.855,142,418,KH56,,,Zdenek Kolar,R,183,CZE,28.684,453,98,6-2 6-2,3,R16,80,2,0,46,25,20,14,8,3,3,2,2,56,36,22,6,8,8,12
2025-786,Poznan,Clay,32,C,O,20250616,21,R09X,7,,Jurij Rodionov,L,191,AUT,26.086,206,269,M0E1,,,Daniel Michalski,R,180,POL,25.429,301,173,7-5 6-2,3,R16,84,5,2,58,34,26,11,10,4,6,2,2,60,44,25,5,10,3,8
2025-786,Poznan,Clay,32,C,O,20250616,22,B0OU,,,Hynek Barton,R,183,CZE,21.196,342,148,S0GR,9,,Timofey Skatov,R,173,KAZ,24.4,215,255,7-6(5) 7-5,3,R16,140,8,5,97,46,35,26,12,4,5,2,3,79,42,29,22,12,6,8
2025-786,Poznan,Clay,32,C,O,20250616,23,GA79,,,Lorenzo Giustino,R,180,ITA,33.766,295,179,V0DP,,,Adolfo Daniel Vallejo,R,183,PAR,21.133,240,236,6-3 3-6 6-3,3,R16,153,3,5,82,51,38,15,14,3,6,2,2,93,52,31,24,13,11,15
2025-786,Poznan,Clay,32,C,O,20250616,24,K0FY,,,Martin Krumich,R,188,CZE,22.472,520,73,M0SE,,,Maxim Mrva,R,178,CZE,17.873,558,65,7-5 6-7(5) 6-1,3,R16,167,1,5,128,69,48,29,16,10,13,2,2,96,48,30,24,15,5,11
2025-786,Poznan,Clay,32,C,O,20250616,25,GD64,1,,Cristian Garin,R,185,CHI,29.046,116,500,K0FY,,,Martin Krumich,R,188,CZE,22.472,520,73,6-2 6-0,3,QF,66,2,2,43,30,25,6,7,1,1,0,3,39,26,10,5,7,1,6
2025-786,Poznan,Clay,32,C,O,20250616,26,T0A1,2,,Thiago Agustin Tirante,R,185,ARG,24.183,129,469,GA79,,,Lorenzo Giustino,R,180,ITA,33.766,295,179,6-1 6-1,3,QF,68,1,0,35,27,21,8,7,1,1,2,0,45,27,14,5,7,1,6
2025-786,Poznan,Clay,32,C,O,20250616,27,S0GD,3,,Dalibor Svrcina,R,178,CZE,22.705,124,475,B0OU,,,Hynek Barton,R,183,CZE,21.196,342,148,7-5 6-3,3,QF,84,0,1,49,39,27,6,10,0,3,2,5,71,36,20,13,11,2,8
2025-786,Poznan,Clay,32,C,O,20250616,28,M0JZ,4,,Filip Misolic,R,180,AUT,23.855,142,418,R09X,7,,Jurij Rodionov,L,191,AUT,26.086,206,269,6-3 6-2,3,QF,85,3,2,73,43,26,17,9,5,7,0,9,52,28,17,7,8,3,8
2025-786,Poznan,Clay,32,C,O,20250616,29,M0JZ,4,,Filip Misolic,R,180,AUT,23.855,142,418,GD64,1,,Cristian Garin,R,185,CHI,29.046,116,500,6-3 6-4,3,SF,86,2,1,65,37,29,13,10,4,5,2,2,55,35,23,9,9,4,7
2025-786,Poznan,Clay,32,C,O,20250616,30,S0GD,3,,Dalibor Svrcina,R,178,CZE,22.705,124,475,T0A1,2,,Thiago Agustin Tirante,R,185,ARG,24.183,129,469,6-3 6-4,3,SF,98,1,3,73,52,35,8,10,5,7,3,0,57,37,21,10,9,6,10
2025-786,Poznan,Clay,32,C,O,20250616,31,M0JZ,4,,Filip Misolic,R,180,AUT,23.855,142,418,S0GD,3,,Dalibor Svrcina,R,178,CZE,22.705,124,475,6-2 6-0,3,F,,,,,,,,,,,,,,,,,,,
2025-9479,Santa Cruz de la Sierra,Clay,32,C,O,20250616,1,B0FI,,,Pedro Boscardin Dias,R,180,BRA,22.382,390,124,DC48,1,,Murkel Dellien,R,193,BOL,27.748,223,250,7-6(2) 6-2,3,R32,117,3,0,63,38,26,16,10,1,3,0,7,74,40,23,13,10,6,10
2025-9479,Santa Cruz de la Sierra,Clay,32,C,O,20250616,2,T0DM,3,,Juan Bautista Torres,R,178,ARG,23.206,302,173,G0DB,,,Raul Garcia,,,BOL,23.283,1615,2,6-2 6-1,3,R32,77,1,1,44,28,20,7,7,3,4,0,6,52,28,15,6,8,3,9
2025-9479,Santa Cruz de la Sierra,Clay,32,C,O,20250616,3,O660,4,,Genaro Alberto Olivieri,R,175,ARG,26.867,290,183,S0LR,,,John Sperle,L,175,GER,23.376,683,44,6-0 6-3,3,R32,80,1,3,62,43,28,10,8,5,6,1,2,48,30,15,5,7,4,9
2025-9479,Santa Cruz de la Sierra,Clay,32,C,O,20250616,4,A0IY,,,Luis Carlos Alvarez,R,175,MEX,20.783,859,23,O376,5,,Renzo Olivo,R,178,ARG,33.254,306,171,6-4 5-1 RET,3,R32,93,0,3,61,43,28,9,8,7,8,1,2,55,30,20,8,8,6,10
2025-9479,Santa Cruz de la Sierra,Clay,32,C,O,20250616,5,P0IY,6,,Juan Carlos Prado Angelo,R,185,BOL,20.279,312,167,B0GR,,,Gonzalo Bueno,R,173,PER,21.202,310,168,6-7(6) 6-3 6-3,3,R32,160,2,2,106,79,50,14,15,7,11,1,3,106,80,46,9,15,5,12
2025-9479,Santa Cruz de la Sierra,Clay,32,C,O,20250616,6,M0OH,7,,Lautaro Midon,R,180,ARG,21.216,285,191,T0IZ,,,Alvin Nicholas Tudorica,L,178,CAN,23.337,444,101,1-6 6-3 6-2,3,R32,97,1,4,67,39,27,15,12,1,4,0,4,83,44,30,17,12,13,17
2025-9479,Santa Cruz de la Sierra,Clay,32,C,O,20250616,7,R0A7,8,,Joao Lucas Reis Da Silva,R,178,BRA,25.224,266,214,J0D2,,,Maximus Jones,R,185,THA,20.778,401,117,7-6(4) 6-3,3,R32,128,1,0,68,40,23,20,11,3,5,3,4,88,48,30,18,10,7,10
2025-9479,Santa Cruz de la Sierra,Clay,32,C,O,20250616,8,A09W,,,Juan Carlos Aguilar,R,170,CAN,26.571,426,105,D0DK,,,Santiago De La Fuente,R,175,ARG,23.357,865,23,7-6(2) 5-7 6-3,3,R32,159,0,5,97,61,31,21,16,5,12,1,2,105,82,42,9,17,5,13
2025-9479,Santa Cruz de la Sierra,Clay,32,C,O,20250616,9,A0IK,,,Luciano Emanuel Ambrogi,R,188,ARG,21.574,347,144,B0HF,,,Diego Augusto Barreto Sanchez,L,183,ESP,23.162,708,40,3-6 6-3 6-4,3,R32,141,2,2,89,56,38,14,14,6,11,0,2,83,45,29,17,14,6,12
2025-9479,Santa Cruz de la Sierra,Clay,32,C,O,20250616,10,B0GY,,,Alex Barrena,R,175,ARG,22.683,326,158,Z239,,,Federico Zeballos,R,185,BOL,37.046,1580,2,6-1 6-4,3,R32,88,1,4,63,38,21,17,9,7,9,1,4,68,31,18,14,8,6,11
2025-9479,Santa Cruz de la Sierra,Clay,32,C,O,20250616,11,GF23,,,Lucas Gerch,L,193,GER,30.489,532,69,J0AW,,,Guido Ivan Justo,R,178,ARG,27.496,394,119,6-3 6-7(4) 7-6(4),3,R32,173,3,6,122,72,47,24,17,7,11,3,8,110,65,44,19,16,8,13
2025-9479,Santa Cruz de la Sierra,Clay,32,C,O,20250616,12,H0CD,,,Alex Hernandez,R,175,MEX,25.982,490,82,CG07,,,Hernan Casanova,R,178,ARG,31.357,487,83,6-3 6-1,3,R32,66,1,0,46,35,24,7,8,1,2,0,0,43,35,13,3,8,1,6
2025-9479,Santa Cruz de la Sierra,Clay,32,C,O,20250616,13,L0GR,,,Juan Manuel La Serna,L,188,ARG,21.361,504,77,BF23,,,Facundo Bagnis,L,183,ARG,35.299,834,24,6-2 6-4,3,R32,95,1,3,65,49,34,8,9,4,5,1,1,54,31,17,12,9,2,6
2025-9479,Santa Cruz de la Sierra,Clay,32,C,O,20250616,14,R0BT,,,Franco Roncadelli,L,185,URU,25.358,352,141,F0BV,,,Tomas Farjat,R,188,ARG,24.331,543,67,6-4 6-4,3,R32,76,0,0,54,46,32,4,10,1,3,5,7,70,42,27,10,10,3,7
2025-9479,Santa Cruz de la Sierra,Clay,32,C,O,20250616,15,V0DX,,,Bautista Vilicich,R,183,ARG,23.696,773,30,KC29,,,Nicolas Kicker,R,178,ARG,32.832,393,119,6-4 6-2,3,R32,97,4,4,60,41,26,11,9,6,8,0,2,60,37,22,5,9,4,9
2025-9479,Santa Cruz de la Sierra,Clay,32,C,O,20250616,16,V821,,,Gonzalo Villanueva,R,175,ARG,30.423,395,119,KE69,,,Mariano Kestelboim,R,185,ARG,29.358,415,111,3-6 6-4 6-4,3,R32,133,0,1,82,56,37,14,14,3,6,0,4,75,57,38,10,15,1,5
2025-9479,Santa Cruz de la Sierra,Clay,32,C,O,20250616,17,B0GY,,,Alex Barrena,R,175,ARG,22.683,326,158,T0DM,3,,Juan Bautista Torres,R,178,ARG,23.206,302,173,6-1 6-1,3,R16,76,1,1,50,20,14,20,7,4,4,0,1,41,27,12,5,7,4,9
2025-9479,Santa Cruz de la Sierra,Clay,32,C,O,20250616,18,GF23,,,Lucas Gerch,L,193,GER,30.489,532,69,O660,4,,Genaro Alberto Olivieri,R,175,ARG,26.867,290,183,4-1 RET,3,R16,27,0,0,14,11,10,2,3,0,0,0,2,18,10,4,3,2,3,4
2025-9479,Santa Cruz de la Sierra,Clay,32,C,O,20250616,19,R0BT,,,Franco Roncadelli,L,185,URU,25.358,352,141,P0IY,6,,Juan Carlos Prado Angelo,R,185,BOL,20.279,312,167,6-4 6-7(4) 6-4,3,R16,220,0,1,124,89,54,15,16,7,11,1,1,141,86,46,27,16,10,16
2025-9479,Santa Cruz de la Sierra,Clay,32,C,O,20250616,20,M0OH,7,,Lautaro Midon,R,180,ARG,21.216,285,191,A09W,,,Juan Carlos Aguilar,R,170,CAN,26.571,426,105,6-4 6-4,3,R16,94,1,3,77,62,38,5,10,7,10,0,1,59,41,22,8,10,4,9
2025-9479,Santa Cruz de la Sierra,Clay,32,C,O,20250616,21,R0A7,8,,Joao Lucas Reis Da Silva,R,178,BRA,25.224,266,214,A0IK,,,Luciano Emanuel Ambrogi,R,188,ARG,21.574,347,144,6-4 6-2,3,R16,78,1,1,60,33,19,14,9,3,6,2,2,49,31,13,8,9,1,7
2025-9479,Santa Cruz de la Sierra,Clay,32,C,O,20250616,22,L0GR,,,Juan Manuel La Serna,L,188,ARG,21.361,504,77,H0CD,,,Alex Hernandez,R,175,MEX,25.982,490,82,6-1 6-4,3,R16,86,1,2,60,48,32,6,8,7,8,0,3,58,37,17,10,9,3,8
2025-9479,Santa Cruz de la Sierra,Clay,32,C,O,20250616,23,V0DX,,,Bautista Vilicich,R,183,ARG,23.696,773,30,A0IY,,,Luis Carlos Alvarez,R,175,MEX,20.783,859,23,7-5 7-6(3),3,R16,148,2,4,93,57,36,16,12,11,16,1,1,82,51,29,12,12,2,8
2025-9479,Santa Cruz de la Sierra,Clay,32,C,O,20250616,24,V821,,,Gonzalo Villanueva,R,175,ARG,30.423,395,119,B0FI,,,Pedro Boscardin Dias,R,180,BRA,22.382,390,124,2-6 6-3 6-4,3,R16,153,0,4,96,73,51,9,14,4,7,4,4,93,54,38,17,13,11,14
2025-9479,Santa Cruz de la Sierra,Clay,32,C,O,20250616,25,L0GR,,,Juan Manuel La Serna,L,188,ARG,21.361,504,77,M0OH,7,,Lautaro Midon,R,180,ARG,21.216,285,191,6-2 4-6 7-5,3,QF,143,2,5,104,74,48,14,15,6,10,1,1,84,53,31,17,15,3,9
2025-9479,Santa Cruz de la Sierra,Clay,32,C,O,20250616,26,R0A7,8,,Joao Lucas Reis Da Silva,R,178,BRA,25.224,266,214,GF23,,,Lucas Gerch,L,193,GER,30.489,532,69,3-6 6-2 6-2,3,QF,97,0,3,65,41,28,10,12,3,7,2,7,70,40,21,12,13,3,10
2025-9479,Santa Cruz de la Sierra,Clay,32,C,O,20250616,27,B0GY,,,Alex Barrena,R,175,ARG,22.683,326,158,V0DX,,,Bautista Vilicich,R,183,ARG,23.696,773,30,6-2 6-1,3,QF,88,3,2,55,30,22,16,8,3,3,0,1,71,41,20,15,7,7,11
2025-9479,Santa Cruz de la Sierra,Clay,32,C,O,20250616,28,R0BT,,,Franco Roncadelli,L,185,URU,25.358,352,141,V821,,,Gonzalo Villanueva,R,175,ARG,30.423,395,119,6-7(3) 6-2 6-4,3,QF,174,2,2,103,79,50,12,15,9,12,2,2,95,64,40,12,15,2,8
2025-9479,Santa Cruz de la Sierra,Clay,32,C,O,20250616,29,R0BT,,,Franco Roncadelli,L,185,URU,25.358,352,141,R0A7,8,,Joao Lucas Reis Da Silva,R,178,BRA,25.224,266,214,7-6(3) 4-6 6-4,3,SF,166,0,1,124,93,57,16,16,15,19,3,5,112,70,50,19,16,9,13
2025-9479,Santa Cruz de la Sierra,Clay,32,C,O,20250616,30,B0GY,,,Alex Barrena,R,175,ARG,22.683,326,158,L0GR,,,Juan Manuel La Serna,L,188,ARG,21.361,504,77,6-3 6-0,3,SF,74,3,0,52,36,26,10,7,7,7,0,1,57,43,23,4,8,7,12
2025-9479,Santa Cruz de la Sierra,Clay,32,C,O,20250616,31,B0GY,,,Alex Barrena,R,175,ARG,22.683,326,158,R0BT,,,Franco Roncadelli,L,185,URU,25.358,352,141,5-7 7-5 6-3,3,F,168,3,4,108,62,38,17,16,10,18,0,1,112,86,41,11,17,7,17
2025-9835,Sassuolo,Clay,32,C,O,20250616,1,TE16,1,,Carlos Taberner,R,183,ESP,27.855,130,455,KC04,,,Jozef Kovalik,R,183,SVK,32.613,381,125,6-4 6-0,3,R32,91,0,0,42,27,21,10,8,1,2,1,5,47,23,14,8,8,3,8
2025-9835,Sassuolo,Clay,32,C,O,20250616,2,P0J1,,,Rodrigo Pacheco Mendez,L,191,MEX,20.142,259,218,G0FW,2,,Vilius Gaubas,R,178,LTU,20.463,132,447,6-0 7-5,3,R32,97,2,3,62,33,24,13,9,2,4,0,3,53,36,18,7,9,6,12
2025-9835,Sassuolo,Clay,32,C,O,20250616,3,L987,3,,Dusan Lajovic,R,183,SRB,34.962,137,434,N0B4,,,Ryan Nijboer,R,180,NED,25.886,437,104,6-3 6-2,3,R32,70,0,0,48,33,27,10,9,0,0,3,0,49,39,26,3,8,2,5
2025-9835,Sassuolo,Clay,32,C,O,20250616,4,P0CT,4,,Francesco Passaro,R,180,ITA,24.438,143,418,PL64,,,Oleg Prihodko,R,180,UKR,27.702,359,137,6-3 4-6 6-1,3,R32,103,4,1,76,54,33,17,13,2,4,1,1,81,53,30,15,13,4,9
2025-9835,Sassuolo,Clay,32,C,O,20250616,5,M0HT,,,Alejandro Moro Canas,R,183,ESP,24.523,214,257,DA81,5,,Taro Daniel,R,191,JPN,32.383,151,395,6-4 6-0,3,R32,78,4,2,53,31,23,9,8,1,2,1,0,43,26,14,4,8,0,5
2025-9835,Sassuolo,Clay,32,C,O,20250616,6,Y218,,,Elias Ymer,R,185,SWE,29.183,255,223,W367,,,Stan Wawrinka,R,183,SUI,40.219,155,382,3-6 7-5 6-3,3,R32,164,5,1,96,57,41,21,15,6,8,5,3,94,51,36,23,15,5,8
2025-9835,Sassuolo,Clay,32,C,O,20250616,7,N0CS,7,,Lukas Neumayer,R,183,AUT,22.776,170,336,TA12,,,Stefano Travaglia,R,185,ITA,33.467,304,172,6-3 6-3,3,R32,90,5,2,55,33,24,13,9,3,4,1,3,66,31,17,18,9,5,9
2025-9835,Sassuolo,Clay,32,C,O,20250616,8,S0UV,,,Rei Sakamoto,R,193,JPN,18.979,294,179,G0DH,8,,Alvaro Guillen Meza,R,175,ECU,22.453,177,317,1-6 6-3 7-6(6),3,R32,188,6,4,106,68,45,18,14,9,13,1,3,119,81,54,16,14,6,9
2025-9835,Sassuolo,Clay,32,C,O,20250616,9,B0PE,,,Federico Bondioli,L,185,ITA,20.085,420,109,G0GW,,,Sascha Gueymard Wayenburg,R,191,FRA,21.875,262,217,6-4 4-6 6-1,3,R32,130,6,3,90,54,37,20,13,8,11,3,4,87,52,33,13,14,5,11
2025-9835,Sassuolo,Clay,32,C,O,20250616,10,BV24,,,Raul Brancaccio,R,183,ITA,28.118,355,139,A0BA,,,Federico Arnaboldi,R,185,ITA,24.994,185,307,7-5 6-4,3,R32,100,4,1,77,47,32,15,11,7,10,1,7,71,41,24,15,11,4,9
2025-9835,Sassuolo,Clay,32,C,O,20250616,11,M0IF,,,Francesco Maestrelli,R,196,ITA,22.486,254,224,GG65,,,Michael Geerts,R,178,BEL,30.412,275,203,7-6(3) 6-7(5) 6-1,3,R32,179,17,6,114,74,55,16,16,8,10,2,6,103,58,40,21,15,7,11
2025-9835,Sassuolo,Clay,32,C,O,20250616,12,R772,,,Albert Ramos-Vinolas,L,188,ESP,37.413,212,257,RH59,,,Santiago Rodriguez Taverna,R,191,ARG,25.919,193,288,7-6(5) 5-7 6-2,3,R32,166,3,2,98,65,43,16,16,2,7,6,2,121,85,52,15,16,10,16
2025-9835,Sassuolo,Clay,32,C,O,20250616,13,R0FP,,,Daniel Rincon,L,185,ESP,22.439,216,255,CF01,,,Marco Cecchinato,R,185,ITA,32.709,396,118,7-5 3-6 6-3,3,R32,127,6,4,81,50,41,20,15,2,3,3,5,87,62,46,14,15,5,7
2025-9835,Sassuolo,Clay,32,C,O,20250616,14,RB60,,,Oriol Roca Batalla,R,175,ESP,32.129,346,144,FC49,,,Giovanni Fonio,R,183,ITA,27.11,376,127,6-2 6-2,3,R32,69,6,2,48,29,25,11,8,1,1,0,4,54,39,21,5,8,5,9
2025-9835,Sassuolo,Clay,32,C,O,20250616,15,V0DZ,,,Luca Van Assche,R,178,FRA,21.098,186,301,BU54,,,Geoffrey Blancaneaux,R,180,FRA,26.856,274,203,6-1 7-6(4),3,R32,102,1,2,58,34,23,17,10,3,5,0,3,59,33,18,12,9,5,9
2025-9835,Sassuolo,Clay,32,C,O,20250616,16,Z0A1,,,Giulio Zeppieri,L,183,ITA,23.524,368,132,N679,,,Stefano Napolitano,R,196,ITA,30.182,667,45,6-3 6-2,3,R32,65,6,2,56,28,21,15,9,0,1,1,2,39,22,12,8,8,2,6
2025-9835,Sassuolo,Clay,32,C,O,20250616,17,TE16,1,,Carlos Taberner,R,183,ESP,27.855,130,455,B0PE,,,Federico Bondioli,L,185,ITA,20.085,420,109,6-4 6-1,3,R16,75,1,4,44,19,14,17,8,2,3,1,1,49,30,17,5,9,7,12
2025-9835,Sassuolo,Clay,32,C,O,20250616,18,L987,3,,Dusan Lajovic,R,183,SRB,34.962,137,434,R772,,,Albert Ramos-Vinolas,L,188,ESP,37.413,212,257,6-1 6-4,3,R16,82,7,1,61,40,29,13,9,1,1,2,2,52,26,16,13,8,2,5
2025-9835,Sassuolo,Clay,32,C,O,20250616,19,P0CT,4,,Francesco Passaro,R,180,ITA,24.438,143,418,RB60,,,Oriol Roca Batalla,R,175,ESP,32.129,346,144,7-6(2) 6-3,3,R16,115,5,4,75,45,33,18,11,3,4,0,4,77,50,30,13,10,5,7
2025-9835,Sassuolo,Clay,32,C,O,20250616,20,R0FP,,,Daniel Rincon,L,185,ESP,22.439,216,255,N0CS,7,,Lukas Neumayer,R,183,AUT,22.776,170,336,2-6 6-3 6-2,3,R16,141,5,2,95,62,40,19,13,8,10,4,3,82,47,37,14,12,5,8
2025-9835,Sassuolo,Clay,32,C,O,20250616,21,M0IF,,,Francesco Maestrelli,R,196,ITA,22.486,254,224,M0HT,,,Alejandro Moro Canas,R,183,ESP,24.523,214,257,6-4 6-4,3,R16,125,3,6,72,44,34,10,10,6,8,0,4,78,46,30,12,10,6,10
2025-9835,Sassuolo,Clay,32,C,O,20250616,22,P0J1,,,Rodrigo Pacheco Mendez,L,191,MEX,20.142,259,218,Z0A1,,,Giulio Zeppieri,L,183,ITA,23.524,368,132,6-7(1) 7-6(5) 6-4,3,R16,173,2,3,116,79,55,22,17,4,5,12,7,109,68,54,18,17,4,6
2025-9835,Sassuolo,Clay,32,C,O,20250616,23,V0DZ,,,Luca Van Assche,R,178,FRA,21.098,186,301,S0UV,,,Rei Sakamoto,R,193,JPN,18.979,294,179,6-2 6-3,3,R16,71,2,0,41,24,19,17,9,0,0,5,1,53,32,19,12,8,2,5
2025-9835,Sassuolo,Clay,32,C,O,20250616,24,Y218,,,Elias Ymer,R,185,SWE,29.183,255,223,BV24,,,Raul Brancaccio,R,183,ITA,28.118,355,139,4-6 6-4 6-3,3,R16,163,4,2,108,66,46,21,15,10,12,3,3,98,68,46,14,14,6,9
2025-9835,Sassuolo,Clay,32,C,O,20250616,25,TE16,1,,Carlos Taberner,R,183,ESP,27.855,130,455,V0DZ,,,Luca Van Assche,R,178,FRA,21.098,186,301,6-4 4-6 7-5,3,QF,195,1,8,96,46,27,19,16,2,9,4,7,109,68,40,15,16,6,14
2025-9835,Sassuolo,Clay,32,C,O,20250616,26,L987,3,,Dusan Lajovic,R,183,SRB,34.962,137,434,M0IF,,,Francesco Maestrelli,R,196,ITA,22.486,254,224,6-4 7-6(4),3,QF,124,2,2,80,60,39,14,11,4,5,6,2,75,39,30,16,11,2,4
2025-9835,Sassuolo,Clay,32,C,O,20250616,27,P0CT,4,,Francesco Passaro,R,180,ITA,24.438,143,418,Y218,,,Elias Ymer,R,185,SWE,29.183,255,223,6-3 2-6 7-6(2),3,QF,181,1,1,107,70,40,20,14,15,21,3,3,105,65,42,14,15,4,10
2025-9835,Sassuolo,Clay,32,C,O,20250616,28,P0J1,,,Rodrigo Pacheco Mendez,L,191,MEX,20.142,259,218,R0FP,,,Daniel Rincon,L,185,ESP,22.439,216,255,6-3 6-2,3,QF,85,0,4,52,28,23,13,9,2,3,1,5,48,29,15,8,8,3,7
2025-9835,Sassuolo,Clay,32,C,O,20250616,29,TE16,1,,Carlos Taberner,R,183,ESP,27.855,130,455,P0CT,4,,Francesco Passaro,R,180,ITA,24.438,143,418,6-3 RET,3,SF,58,0,1,39,24,16,6,4,3,4,0,0,29,20,8,5,5,1,4
2025-9835,Sassuolo,Clay,32,C,O,20250616,30,L987,3,,Dusan Lajovic,R,183,SRB,34.962,137,434,P0J1,,,Rodrigo Pacheco Mendez,L,191,MEX,20.142,259,218,6-3 6-2,3,SF,76,7,1,57,39,28,12,9,2,2,2,3,51,41,25,3,8,3,6
2025-9835,Sassuolo,Clay,32,C,O,20250616,31,TE16,1,,Carlos Taberner,R,183,ESP,27.855,130,455,L987,3,,Dusan Lajovic,R,183,SRB,34.962,137,434,7-6(1) 6-2,3,F,131,2,0,90,55,34,20,10,10,12,2,2,66,43,26,8,10,2,6
2025-2787,Lima 1,Clay,32,C,O,20250623,1,M0AW,1,,Nicolas Mejia,R,183,COL,25.363,243,240,KC29,,,Nicolas Kicker,R,178,ARG,32.851,393,119,7-6(2) 7-5,3,R32,149,1,1,76,46,31,20,12,3,5,0,1,85,58,34,17,12,10,13
2025-2787,Lima 1,Clay,32,C,O,20250623,2,T133,,,Miguel Tobon,R,185,COL,57.002,732,15,R0A7,2,,Joao Lucas Reis Da Silva,R,178,BRA,25.243,254,226,6-2 7-5,3,R32,68,2,0,53,33,22,14,10,1,3,0,2,50,31,15,9,10,1,6
2025-2787,Lima 1,Clay,32,C,O,20250623,3,M0OH,3,,Lautaro Midon,R,180,ARG,21.235,284,196,B0YB,,,Nicolas Baena,R,,PER,17.396,,,6-0 6-4,3,R32,76,2,0,52,29,19,10,8,5,8,0,2,61,35,13,10,8,4,11
2025-2787,Lima 1,Clay,32,C,O,20250623,4,P0DF,4,,Matheus Pucinelli De Almeida,R,183,BRA,24.227,287,188,BP79,,,Peter Bertran,R,183,DOM,29.3,510,77,6-1 6-2,3,R32,89,1,3,55,35,27,9,8,5,6,0,1,58,39,17,9,7,6,11
2025-2787,Lima 1,Clay,32,C,O,20250623,5,O660,5,,Genaro Alberto Olivieri,R,175,ARG,26.886,311,165,HG90,,,Conner Huertas del Pino,R,188,PER,29.509,545,67,6-3 3-6 6-3,3,R32,131,0,3,72,57,33,7,13,3,8,0,3,100,68,40,10,14,10,17
2025-2787,Lima 1,Clay,32,C,O,20250623,6,T0DM,6,,Juan Bautista Torres,R,178,ARG,23.225,300,173,K0HN,,,Bruno Kuzuhara,R,175,USA,21.227,574,62,7-6(5) 6-3,3,R32,147,0,1,85,51,33,15,11,8,11,0,1,80,54,28,11,10,6,10
2025-2787,Lima 1,Clay,32,C,O,20250623,7,J0D2,,,Maximus Jones,R,185,THA,20.797,400,117,O376,7,,Renzo Olivo,R,178,ARG,33.273,308,168,7-6(2) 6-4,3,R32,108,3,3,66,36,31,21,11,4,4,1,7,76,38,29,18,11,2,3
2025-2787,Lima 1,Clay,32,C,O,20250623,8,B0GR,8,,Gonzalo Bueno,R,173,PER,21.221,309,168,J0AW,,,Guido Ivan Justo,R,178,ARG,27.515,399,117,6-0 6-4,3,R32,81,0,1,56,46,29,5,8,3,5,0,2,46,33,14,4,8,1,7
2025-2787,Lima 1,Clay,32,C,O,20250623,9,B0GY,,,Alex Barrena,R,175,ARG,22.702,273,207,A0IK,,,Luciano Emanuel Ambrogi,R,188,ARG,21.593,346,145,7-5 2-0 RET,3,R32,67,1,2,45,33,20,4,7,0,3,0,0,39,31,11,4,7,2,7
2025-2787,Lima 1,Clay,32,C,O,20250623,10,B0I5,,,Blaise Bicknell,R,191,JAM,23.573,1032,13,S0LR,,,John Sperle,L,175,GER,23.395,660,47,6-4 7-5,3,R32,92,4,2,67,49,35,11,11,4,5,0,2,70,44,31,11,11,2,5
2025-2787,Lima 1,Clay,32,C,O,20250623,11,B0JP,,,Dali Blanch,R,185,USA,22.303,533,71,R0F1,,,Johan Alexander Rodriguez,R,173,COL,21.741,686,42,6-2 7-6(10),3,R32,113,3,5,92,53,36,21,10,6,7,0,3,81,54,32,15,10,3,6
2025-2787,Lima 1,Clay,32,C,O,20250623,12,B0FI,,,Pedro Boscardin Dias,R,180,BRA,22.401,379,126,R0BT,,,Franco Roncadelli,L,185,URU,25.377,336,151,6-3 6-2,3,R32,85,1,2,48,32,20,9,8,2,4,0,1,53,36,16,6,9,2,8
2025-2787,Lima 1,Clay,32,C,O,20250623,13,CG07,,,Hernan Casanova,R,178,ARG,31.376,502,79,KE69,,,Mariano Kestelboim,R,185,ARG,29.377,415,111,7-5 6-3,3,R32,108,1,0,68,53,32,7,10,5,8,0,3,72,54,30,6,11,11,17
2025-2787,Lima 1,Clay,32,C,O,20250623,14,P0IY,,,Juan Carlos Prado Angelo,R,185,BOL,20.298,314,163,L0DO,,,Christopher Li,R,175,PER,21.941,1110,10,6-1 4-6 6-2,3,R32,124,2,0,73,53,37,10,13,2,5,0,3,79,59,32,8,12,7,13
2025-2787,Lima 1,Clay,32,C,O,20250623,15,R0JH,,,Pedro Rodrigues,R,178,BRA,19.217,695,41,T0IZ,,,Alvin Nicholas Tudorica,L,178,CAN,23.357,441,101,4-6 6-4 6-3,3,R32,127,1,1,79,63,33,6,14,2,9,0,6,94,55,31,12,15,5,14
2025-2787,Lima 1,Clay,32,C,O,20250623,16,V821,,,Gonzalo Villanueva,R,175,ARG,30.442,385,125,H0CD,,,Alex Hernandez,R,175,MEX,26.001,483,85,6-1 6-1,3,R32,78,2,1,57,38,24,12,7,7,8,0,0,42,28,12,2,7,4,10
2025-2787,Lima 1,Clay,32,C,O,20250623,17,M0AW,1,,Nicolas Mejia,R,183,COL,25.363,243,240,R0JH,,,Pedro Rodrigues,R,178,BRA,19.217,695,41,7-6(5) 6-7(3) 6-3,3,R16,221,3,3,129,76,51,23,16,15,19,0,5,122,87,53,18,17,7,13
2025-2787,Lima 1,Clay,32,C,O,20250623,18,B0FI,,,Pedro Boscardin Dias,R,180,BRA,22.401,379,126,M0OH,3,,Lautaro Midon,R,180,ARG,21.235,284,196,6-0 6-2,3,R16,66,0,1,40,25,20,10,7,1,1,1,2,44,29,15,5,7,7,12
2025-2787,Lima 1,Clay,32,C,O,20250623,19,P0DF,4,,Matheus Pucinelli De Almeida,R,183,BRA,24.227,287,188,V821,,,Gonzalo Villanueva,R,175,ARG,30.442,385,125,6-1 6-4,3,R16,91,2,2,56,42,26,9,9,1,3,0,1,56,35,17,8,8,5,10
2025-2787,Lima 1,Clay,32,C,O,20250623,20,O660,5,,Genaro Alberto Olivieri,R,175,ARG,26.886,311,165,B0I5,,,Blaise Bicknell,R,191,JAM,23.573,1032,13,6-3 6-1,3,R16,72,0,0,46,34,24,8,8,0,1,0,0,53,40,20,6,8,3,8
2025-2787,Lima 1,Clay,32,C,O,20250623,21,B0GY,,,Alex Barrena,R,175,ARG,22.702,273,207,T0DM,6,,Juan Bautista Torres,R,178,ARG,23.225,300,173,5-7 6-3 6-4,3,R16,191,3,1,120,76,40,26,16,7,13,2,0,105,71,33,19,15,6,13
2025-2787,Lima 1,Clay,32,C,O,20250623,22,B0GR,8,,Gonzalo Bueno,R,173,PER,21.221,309,168,CG07,,,Hernan Casanova,R,178,ARG,31.376,502,79,6-2 2-0 RET,3,R16,49,1,0,34,26,19,2,5,1,2,0,0,27,24,8,1,5,2,6
2025-2787,Lima 1,Clay,32,C,O,20250623,23,B0JP,,,Dali Blanch,R,185,USA,22.303,533,71,T133,,,Miguel Tobon,R,185,COL,57.002,732,15,7-5 6-3,3,R16,87,1,5,80,43,26,18,10,10,13,2,2,59,35,17,10,11,4,10
2025-2787,Lima 1,Clay,32,C,O,20250623,24,P0IY,,,Juan Carlos Prado Angelo,R,185,BOL,20.298,314,163,J0D2,,,Maximus Jones,R,185,THA,20.797,400,117,6-3 5-7 6-3,3,R16,131,2,1,87,63,46,12,15,3,6,1,4,94,56,36,18,15,6,11
2025-2787,Lima 1,Clay,32,C,O,20250623,25,P0IY,,,Juan Carlos Prado Angelo,R,185,BOL,20.298,314,163,M0AW,1,,Nicolas Mejia,R,183,COL,25.363,243,240,6-3 6-2,3,QF,85,0,0,48,34,24,10,9,2,4,0,2,52,37,15,8,8,2,7
2025-2787,Lima 1,Clay,32,C,O,20250623,26,B0GR,8,,Gonzalo Bueno,R,173,PER,21.221,309,168,P0DF,4,,Matheus Pucinelli De Almeida,R,183,BRA,24.227,287,188,6-3 6-1,3,QF,74,0,0,40,31,25,5,8,0,1,1,2,57,34,20,6,8,8,13
2025-2787,Lima 1,Clay,32,C,O,20250623,27,B0JP,,,Dali Blanch,R,185,USA,22.303,533,71,O660,5,,Genaro Alberto Olivieri,R,175,ARG,26.886,311,165,7-6(6) 7-6(4),3,QF,126,0,1,93,57,37,21,12,4,7,1,2,85,68,43,8,12,0,3
2025-2787,Lima 1,Clay,32,C,O,20250623,28,B0FI,,,Pedro Boscardin Dias,R,180,BRA,22.401,379,126,B0GY,,,Alex Barrena,R,175,ARG,22.702,273,207,6-3 6-2,3,QF,96,1,0,76,54,33,14,9,8,9,0,4,54,30,16,11,8,4,8
2025-2787,Lima 1,Clay,32,C,O,20250623,29,B0GR,8,,Gonzalo Bueno,R,173,PER,21.221,309,168,B0JP,,,Dali Blanch,R,185,USA,22.303,533,71,7-5 7-6(3),3,SF,107,0,4,71,52,30,8,12,4,10,1,3,74,48,21,12,12,3,10
2025-2787,Lima 1,Clay,32,C,O,20250623,30,P0IY,,,Juan Carlos Prado Angelo,R,185,BOL,20.298,314,163,B0FI,,,Pedro Boscardin Dias,R,180,BRA,22.401,379,126,6-4 6-1,3,SF,88,0,0,48,37,23,8,8,6,8,2,3,60,37,21,5,9,3,9
2025-2787,Lima 1,Clay,32,C,O,20250623,31,P0IY,,,Juan Carlos Prado Angelo,R,185,BOL,20.298,314,163,B0GR,8,,Gonzalo Bueno,R,173,PER,21.221,309,168,6-4 7-5,3,F,119,0,0,65,57,37,5,11,1,3,0,3,83,57,33,12,11,7,11
2025-3463,Milan,Clay,32,C,O,20250623,1,P0HW,1,,Dino Prizmic,R,188,CRO,19.882,173,320,P0I6,,,Gabriele Piraino,L,188,ITA,21.613,431,104,6-1 6-4,3,R32,103,3,3,62,33,26,14,9,4,5,0,3,52,30,19,8,8,0,4
2025-3463,Milan,Clay,32,C,O,20250623,2,M0N1,,,Luka Mikrut,R,188,CRO,21.185,371,130,CG33,2,,Kimmer Coppejans,R,178,BEL,31.373,241,240,6-4 6-4,3,R32,104,4,3,70,43,30,12,10,2,4,0,2,62,32,19,15,10,2,6
2025-3463,Milan,Clay,32,C,O,20250623,3,H0CX,3,,Max Houkes,L,188,NED,24.972,256,222,FC49,,,Giovanni Fonio,R,183,ITA,27.129,378,126,3-6 6-3 7-6(5),3,R32,169,6,6,108,61,38,30,15,11,13,3,8,115,68,48,21,15,10,12
2025-3463,Milan,Clay,32,C,O,20250623,4,P0K4,,,Tiago Pereira,R,0,PRT,21.008,351,142,S0EK,4,,Matias Soto,R,170,CHI,26.157,258,220,6-3 4-6 6-3,3,R32,128,5,2,91,54,38,22,14,8,10,4,5,84,50,36,15,14,3,7
2025-3463,Milan,Clay,32,C,O,20250623,5,RB60,,,Oriol Roca Batalla,R,175,ESP,32.148,331,155,P0J1,5,,Rodrigo Pacheco Mendez,L,191,MEX,20.162,221,252,4-6 6-4 6-1,3,R32,145,6,4,76,46,31,15,14,3,7,7,4,95,56,30,19,13,10,16
2025-3463,Milan,Clay,32,C,O,20250623,6,SN54,6,,Frederico Ferreira Silva,L,178,POR,30.267,266,214,V717,,,Alexey Vatutin,R,178,RUS,32.654,339,150,6-3 1-1 RET,3,R32,70,1,1,32,23,19,4,5,1,1,1,4,53,35,22,7,6,6,8
2025-3463,Milan,Clay,32,C,O,20250623,7,P0GQ,7,,Mili Poljicak,R,185,CRO,20.945,265,215,TA12,,,Stefano Travaglia,R,185,ITA,33.487,312,164,6-2 5-7 6-2,3,R32,148,4,1,93,45,30,23,14,10,14,1,2,80,37,24,16,14,4,11
2025-3463,Milan,Clay,32,C,O,20250623,8,GE28,8,,Ivan Gakhov,L,191,RUS,28.632,270,213,MF35,,,Andrej Martin,R,183,SVK,35.756,303,171,3-6 6-1 7-6(3),3,R32,158,5,9,100,45,35,24,14,9,12,3,8,101,49,34,22,14,8,12
2025-3463,Milan,Clay,32,C,O,20250623,9,BU10,,,Jacopo Berrettini,R,191,ITA,26.571,330,155,S0AK,,,Henri Squire,R,196,GER,24.736,358,139,7-6(5) RET,3,R32,63,4,2,37,23,16,9,6,0,1,4,5,51,24,19,12,6,5,6
2025-3463,Milan,Clay,32,C,O,20250623,10,CF01,,,Marco Cecchinato,R,185,ITA,32.728,437,102,A0EA,,,Max Alcala Gurri,R,178,ESP,22.782,435,103,6-4 6-1,3,R32,88,2,2,53,30,24,14,9,1,1,1,5,61,40,25,9,8,3,6
2025-3463,Milan,Clay,32,C,O,20250623,11,F0HO,,,Thomas Faurel,R,178,FRA,19.42,1046,13,B0PE,,,Federico Bondioli,L,185,ITA,20.104,403,116,6-3 2-6 6-2,3,R32,133,2,6,82,48,32,15,13,3,7,4,4,69,37,26,12,12,1,6
2025-3463,Milan,Clay,32,C,O,20250623,12,G0IX,,,Arthur Gea,R,180,FRA,20.471,295,179,D0LJ,,,Diego Dedura,L,180,GER,17.281,355,140,7-6(4) 6-1,3,R32,90,5,1,62,36,31,16,10,0,1,1,0,59,37,21,13,9,4,7
2025-3463,Milan,Clay,32,C,O,20250623,13,J0DZ,,,Rafael Jodar,R,191,ESP,18.765,677,44,GA79,,,Lorenzo Giustino,R,180,ITA,33.785,275,206,6-0 6-2,3,R32,68,1,2,45,29,20,9,7,3,4,0,8,48,22,9,9,7,5,11
2025-3463,Milan,Clay,32,C,O,20250623,14,N731,,,Christoph Negritu,R,193,GER,31.258,290,186,E0AC,,,Mathys Erhard,R,188,FRA,23.658,274,207,2-6 7-6(7) 6-4,3,R32,179,6,2,100,63,45,17,15,5,9,6,7,120,80,54,18,15,13,16
2025-3463,Milan,Clay,32,C,O,20250623,15,PL64,,,Oleg Prihodko,R,180,UKR,27.721,348,142,A829,,,Radu Albot,R,175,MDA,35.614,301,172,6-3 6-4,3,R32,94,4,4,76,38,27,20,10,4,6,0,2,48,29,19,8,9,3,7
2025-3463,Milan,Clay,32,C,O,20250623,16,V0J1,,,Jacopo Vasami,L,193,ITA,17.511,857,23,S0Y0,,,Andres Santamarta Roig,R,180,ESP,18.415,716,38,6-3 7-5,3,R32,100,4,4,70,27,21,26,11,5,6,2,2,60,38,25,12,10,3,6
2025-3463,Milan,Clay,32,C,O,20250623,17,P0HW,1,,Dino Prizmic,R,188,CRO,19.882,173,320,BU10,,,Jacopo Berrettini,R,191,ITA,26.571,330,155,6-1 6-2,3,R16,84,2,5,46,22,16,13,8,3,5,0,3,41,20,7,8,7,1,7
2025-3463,Milan,Clay,32,C,O,20250623,18,H0CX,3,,Max Houkes,L,188,NED,24.972,256,222,F0HO,,,Thomas Faurel,R,178,FRA,19.42,1046,13,2-6 6-0 6-2,3,R16,125,2,0,65,41,26,17,11,2,4,1,4,75,48,23,16,11,5,10
2025-3463,Milan,Clay,32,C,O,20250623,19,CF01,,,Marco Cecchinato,R,185,ITA,32.728,437,102,SN54,6,,Frederico Ferreira Silva,L,178,POR,30.267,266,214,6-3 6-0,3,R16,94,4,1,61,29,20,20,8,4,4,3,2,40,22,11,8,7,6,10
2025-3463,Milan,Clay,32,C,O,20250623,20,V0J1,,,Jacopo Vasami,L,193,ITA,17.511,857,23,P0GQ,7,,Mili Poljicak,R,185,CRO,20.945,265,215,3-6 6-1 7-5,3,R16,140,5,7,90,37,27,32,14,2,4,5,2,84,48,34,19,14,6,10
2025-3463,Milan,Clay,32,C,O,20250623,21,N731,,,Christoph Negritu,R,193,GER,31.258,290,186,GE28,8,,Ivan Gakhov,L,191,RUS,28.632,270,213,6-3 6-4,3,R16,99,6,2,85,54,40,12,10,9,10,4,6,54,32,24,6,9,2,5
2025-3463,Milan,Clay,32,C,O,20250623,22,G0IX,,,Arthur Gea,R,180,FRA,20.471,295,179,RB60,,,Oriol Roca Batalla,R,175,ESP,32.148,331,155,6-4 1-6 6-3,3,R16,139,5,2,82,44,26,21,13,4,8,1,1,73,41,30,16,13,3,7
2025-3463,Milan,Clay,32,C,O,20250623,23,J0DZ,,,Rafael Jodar,R,191,ESP,18.765,677,44,P0K4,,,Tiago Pereira,R,0,PRT,21.008,351,142,4-6 7-5 6-1,3,R16,122,1,3,78,49,40,17,15,1,3,3,4,88,40,27,25,14,2,6
2025-3463,Milan,Clay,32,C,O,20250623,24,M0N1,,,Luka Mikrut,R,188,CRO,21.185,371,130,PL64,,,Oleg Prihodko,R,180,UKR,27.721,348,142,6-3 6-1,3,R16,75,4,2,53,32,25,12,8,3,3,4,5,63,40,25,6,8,7,11
2025-3463,Milan,Clay,32,C,O,20250623,25,P0HW,1,,Dino Prizmic,R,188,CRO,19.882,173,320,N731,,,Christoph Negritu,R,193,GER,31.258,290,186,6-4 6-3,3,QF,94,1,6,64,28,20,17,10,3,6,0,0,45,29,15,6,9,1,6
2025-3463,Milan,Clay,32,C,O,20250623,26,CF01,,,Marco Cecchinato,R,185,ITA,32.728,437,102,H0CX,3,,Max Houkes,L,188,NED,24.972,256,222,6-4 6-2,3,QF,93,1,3,45,30,26,11,9,2,2,3,6,63,35,22,13,9,2,5
2025-3463,Milan,Clay,32,C,O,20250623,27,J0DZ,,,Rafael Jodar,R,191,ESP,18.765,677,44,G0IX,,,Arthur Gea,R,180,FRA,20.471,295,179,6-0 2-6 6-3,3,QF,117,3,2,65,37,22,16,11,6,10,1,8,79,34,20,17,12,2,9
2025-3463,Milan,Clay,32,C,O,20250623,28,V0J1,,,Jacopo Vasami,L,193,ITA,17.511,857,23,M0N1,,,Luka Mikrut,R,188,CRO,21.185,371,130,3-6 7-6(4) 6-2,3,QF,133,10,2,93,52,38,25,14,3,4,5,2,86,48,39,20,15,0,2
2025-3463,Milan,Clay,32,C,O,20250623,29,P0HW,1,,Dino Prizmic,R,188,CRO,19.882,173,320,J0DZ,,,Rafael Jodar,R,191,ESP,18.765,677,44,3-6 6-3 6-2,3,SF,155,4,5,87,44,29,18,13,2,7,1,2,83,53,28,13,13,5,12
2025-3463,Milan,Clay,32,C,O,20250623,30,CF01,,,Marco Cecchinato,R,185,ITA,32.728,437,102,V0J1,,,Jacopo Vasami,L,193,ITA,17.511,857,23,6-3 6-3,3,SF,91,2,1,56,28,22,19,9,1,1,3,5,60,27,20,15,9,7,10
2025-3463,Milan,Clay,32,C,O,20250623,31,CF01,,,Marco Cecchinato,R,185,ITA,32.728,437,102,P0HW,1,,Dino Prizmic,R,188,CRO,19.882,173,320,6-2 6-3,3,F,104,1,3,54,29,20,16,8,6,7,0,4,69,45,26,8,9,9,14
2025-1214,Troyes,Clay,32,C,O,20250630,1,TA29,1,,Marco Trungelliti,R,178,ARG,35.411,149,388,B0BU,,,Florent Bax,R,185,FRA,26.04,385,125,4-6 6-1 6-4,3,R32,,,,,,,,,,,,,,,,,,,
2025-1214,Troyes,Clay,32,C,O,20250630,2,HB48,2,,Calvin Hemery,R,191,FRA,30.42,178,310,I0AP,,,Kalin Ivanovski,R,196,MKD,21.136,896,20,7-6(6) 6-4,3,R32,120,7,3,77,49,38,18,11,2,2,2,5,79,37,29,22,11,4,5
2025-1214,Troyes,Clay,32,C,O,20250630,3,CH12,3,,Jan Choinski,R,196,GBR,29.054,200,277,P0K5,,,Theo Papamalamis,R,183,FRA,19.472,639,50,7-6(5) 6-3,3,R32,136,1,0,88,54,33,23,11,5,6,4,4,82,38,26,21,10,8,10
2025-1214,Troyes,Clay,32,C,O,20250630,4,F0HO,,,Thomas Faurel,R,178,FRA,19.439,862,23,S0GR,4,,Timofey Skatov,R,173,KAZ,24.438,209,262,6-2 4-6 6-0,3,R32,119,5,4,73,39,28,19,12,8,11,2,9,68,37,21,11,12,6,13
2025-1214,Troyes,Clay,32,C,O,20250630,5,M0G4,,,Harold Mayot,R,180,FRA,23.4,184,304,T09X,5,,Clement Tabur,R,173,FRA,25.432,215,254,4-6 7-6(0) 6-3,3,R32,166,11,10,103,59,46,18,16,7,11,4,7,103,51,32,27,15,12,16
2025-1214,Troyes,Clay,32,C,O,20250630,6,R0KE,,,Cosme Rolland De Ravel,R,185,FRA,21.043,,,R0A7,6,,Joao Lucas Reis Da Silva,R,178,BRA,25.262,250,226,3-6 6-4 6-4,3,R32,133,6,2,79,43,29,21,15,2,6,5,3,91,54,38,17,14,7,11
2025-1214,Troyes,Clay,32,C,O,20250630,7,BV25,,,Javier Barranco Cosano,L,180,ESP,26.617,315,162,S0MN,7,,Marat Sharipov,R,188,RUS,22.724,258,216,6-2 7-5,3,R32,92,5,4,61,38,32,11,10,7,8,9,4,68,34,26,10,10,7,11
2025-1214,Troyes,Clay,32,C,O,20250630,8,LC11,,,Tristan Lamasine,R,183,FRA,32.32,529,70,GA79,8,,Lorenzo Giustino,R,180,ITA,33.804,272,206,7-5 6-0,3,R32,101,1,1,53,31,24,15,9,2,2,1,7,72,28,18,19,9,8,12
2025-1214,Troyes,Clay,32,C,O,20250630,9,BU10,,,Jacopo Berrettini,R,191,ITA,26.59,309,165,RH62,,,Mats Rosenkranz,L,193,GER,26.853,366,134,7-6(2) 7-6(3),3,R32,130,5,5,86,50,40,22,12,3,3,9,6,84,40,33,23,12,2,2
2025-1214,Troyes,Clay,32,C,O,20250630,10,B0LW,,,Mika Brunold,R,191,SUI,20.742,304,169,Y268,,,Mikael Ymer,R,185,SWE,26.806,638,50,4-6 6-4 3-0 RET,3,R32,138,2,2,57,38,26,10,11,1,4,2,3,79,44,31,12,12,3,8
2025-1214,Troyes,Clay,32,C,O,20250630,11,D0HJ,,,Branko Djuric,R,188,SRB,20.383,489,83,DF92,,,Corentin Denolly,L,188,FRA,28.066,313,163,6-3 6-3,3,R32,92,4,6,70,35,28,17,9,3,3,1,3,59,36,24,8,9,1,4
2025-1214,Troyes,Clay,32,C,O,20250630,12,G0IX,,,Arthur Gea,R,180,FRA,20.49,290,190,BK24,,,Gregoire Barrere,R,183,FRA,31.368,369,132,2-6 6-0 6-1,3,R32,111,2,7,77,53,34,13,11,9,12,5,4,76,40,22,13,10,8,14
2025-1214,Troyes,Clay,32,C,O,20250630,13,GB93,,,Norbert Gombos,R,193,SVK,34.88,328,156,V0D0,,,Niels Visker,R,191,NED,23.734,652,49,6-1 6-3,3,R32,70,5,2,45,26,23,11,8,2,2,6,4,62,32,17,14,8,5,9
2025-1214,Troyes,Clay,32,C,O,20250630,14,MW76,,,Matteo Martineau,R,183,FRA,26.453,292,186,PD31,,,Benoit Paire,R,196,FRA,36.145,506,77,6-2 6-2,3,R32,62,6,2,46,28,23,10,8,0,0,0,9,53,28,17,10,8,6,10
2025-1214,Troyes,Clay,32,C,O,20250630,15,S0GZ,,,Nikolas Sanchez Izquierdo,R,185,ESP,26.294,345,144,M0E1,,,Daniel Michalski,R,180,POL,25.467,297,176,6-3 1-6 7-6(1),3,R32,157,1,3,82,40,24,24,14,4,9,4,6,91,47,35,18,14,5,9
2025-1214,Troyes,Clay,32,C,O,20250630,16,SO20,,,Jelle Sels,R,188,NED,29.889,322,159,Z0AK,,,Tyler Zink,R,185,USA,24.413,311,164,6-2 7-5,3,R32,105,2,3,59,35,26,15,10,2,3,1,5,74,31,19,19,10,7,11
2025-1214,Troyes,Clay,32,C,O,20250630,17,TA29,1,,Marco Trungelliti,R,178,ARG,35.411,149,388,MW76,,,Matteo Martineau,R,183,FRA,26.453,292,186,2-6 6-3 6-3,3,R16,134,1,8,82,53,33,14,13,5,9,4,9,106,68,38,18,13,12,17
2025-1214,Troyes,Clay,32,C,O,20250630,18,HB48,2,,Calvin Hemery,R,191,FRA,30.42,178,310,B0LW,,,Mika Brunold,R,191,SUI,20.742,304,169,6-2 0-6 6-3,3,R16,118,3,10,86,46,35,17,12,9,12,1,5,70,37,27,16,11,5,8
2025-1214,Troyes,Clay,32,C,O,20250630,19,CH12,3,,Jan Choinski,R,196,GBR,29.054,200,277,D0HJ,,,Branko Djuric,R,188,SRB,20.383,489,83,6-2 7-5,3,R16,88,7,2,51,35,31,8,10,3,4,4,4,60,29,21,13,10,5,9
2025-1214,Troyes,Clay,32,C,O,20250630,20,BV25,,,Javier Barranco Cosano,L,180,ESP,26.617,315,162,SO20,,,Jelle Sels,R,188,NED,29.889,322,159,6-3 6-3,3,R16,90,3,2,51,38,29,5,9,4,5,2,3,58,37,24,7,9,3,7
2025-1214,Troyes,Clay,32,C,O,20250630,21,BU10,,,Jacopo Berrettini,R,191,ITA,26.59,309,165,F0HO,,,Thomas Faurel,R,178,FRA,19.439,862,23,4-6 6-4 6-3,3,R16,139,6,6,90,47,39,19,15,7,9,4,3,71,35,28,20,14,2,5
2025-1214,Troyes,Clay,32,C,O,20250630,22,GB93,,,Norbert Gombos,R,193,SVK,34.88,328,156,LC11,,,Tristan Lamasine,R,183,FRA,32.32,529,70,6-4 3-6 6-4,3,R16,212,2,5,87,39,26,23,14,4,8,4,9,110,53,35,27,15,13,18
2025-1214,Troyes,Clay,32,C,O,20250630,23,M0G4,,,Harold Mayot,R,180,FRA,23.4,184,304,G0IX,,,Arthur Gea,R,180,FRA,20.49,290,190,6-3 0-6 6-4,3,R16,140,1,2,91,54,32,13,13,10,16,2,3,81,58,33,9,12,6,11
2025-1214,Troyes,Clay,32,C,O,20250630,24,S0GZ,,,Nikolas Sanchez Izquierdo,R,185,ESP,26.294,345,144,R0KE,,,Cosme Rolland De Ravel,R,185,FRA,21.043,,,6-2 6-4,3,R16,93,3,3,60,42,30,9,9,1,2,1,1,58,31,20,11,9,2,6
2025-1214,Troyes,Clay,32,C,O,20250630,25,TA29,1,,Marco Trungelliti,R,178,ARG,35.411,149,388,S0GZ,,,Nikolas Sanchez Izquierdo,R,185,ESP,26.294,345,144,7-6(4) 6-4,3,QF,139,3,5,88,46,34,17,11,7,10,0,3,77,45,28,12,11,6,10
2025-1214,Troyes,Clay,32,C,O,20250630,26,HB48,2,,Calvin Hemery,R,191,FRA,30.42,178,310,BV25,,,Javier Barranco Cosano,L,180,ESP,26.617,315,162,6-3 6-3,3,QF,110,6,6,74,48,35,13,9,9,9,0,6,68,30,20,18,9,5,8
2025-1214,Troyes,Clay,32,C,O,20250630,27,CH12,3,,Jan Choinski,R,196,GBR,29.054,200,277,M0G4,,,Harold Mayot,R,180,FRA,23.4,184,304,6-2 6-3,3,QF,103,2,2,75,42,30,16,9,8,9,5,2,62,38,23,8,8,5,9
2025-1214,Troyes,Clay,32,C,O,20250630,28,BU10,,,Jacopo Berrettini,R,191,ITA,26.59,309,165,GB93,,,Norbert Gombos,R,193,SVK,34.88,328,156,6-3 7-6(5),3,QF,101,8,2,71,38,30,21,11,2,3,1,5,68,32,25,18,10,4,6
2025-1214,Troyes,Clay,32,C,O,20250630,29,CH12,3,,Jan Choinski,R,196,GBR,29.054,200,277,TA29,1,,Marco Trungelliti,R,178,ARG,35.411,149,388,6-4 4-6 6-4,3,SF,174,0,3,104,63,41,21,15,5,9,8,11,120,64,41,24,15,11,16
2025-1214,Troyes,Clay,32,C,O,20250630,30,HB48,2,,Calvin Hemery,R,191,FRA,30.42,178,310,BU10,,,Jacopo Berrettini,R,191,ITA,26.59,309,165,7-5 6-4,3,SF,122,3,7,68,38,27,16,11,1,3,6,4,83,39,23,22,11,11,15
2025-1214,Troyes,Clay,32,C,O,20250630,31,CH12,3,,Jan Choinski,R,196,GBR,29.054,200,277,HB48,2,,Calvin Hemery,R,191,FRA,30.42,178,310,6-4 6-7(4) 6-2,3,F,161,3,1,99,64,43,23,15,1,2,2,4,108,51,34,31,15,8,12
2025-2877,Modena,Clay,32,C,O,20250630,1,TE16,1,,Carlos Taberner,R,183,ESP,27.893,102,576,GG65,,,Michael Geerts,R,178,BEL,30.45,295,182,6-4 7-5,3,R32,116,3,4,67,40,29,16,11,2,3,2,4,64,34,26,14,11,5,8
2025-2877,Modena,Clay,32,C,O,20250630,2,GE33,2,,Daniel Elahi Galan,R,191,COL,29.032,107,533,A0BA,,,Federico Arnaboldi,R,185,ITA,25.032,187,295,6-1 6-1,3,R32,66,1,0,51,36,27,8,7,3,3,2,5,48,28,15,5,7,6,11
2025-2877,Modena,Clay,32,C,O,20250630,3,C0C8,3,,Juan Manuel Cerundolo,L,183,ARG,23.622,112,514,D0L3,,,Matej Dodig,R,188,CRO,19.948,368,133,6-3 6-2,3,R32,98,3,2,52,34,26,9,8,2,2,1,2,63,30,20,14,9,5,9
2025-2877,Modena,Clay,32,C,O,20250630,4,SX91,4,,Thiago Seyboth Wild,R,185,BRA,25.306,129,461,A0EA,,,Max Alcala Gurri,R,178,ESP,22.801,425,105,6-1 6-2,3,R32,69,4,3,51,29,23,11,8,2,3,1,5,49,36,19,2,7,3,8
2025-2877,Modena,Clay,32,C,O,20250630,5,EA13,,,Moez Echargui,R,178,TUN,32.468,333,152,B0EJ,5,,Tristan Boyer,R,188,USA,24.192,120,486,6-3 7-5,3,R32,110,5,1,61,33,27,18,11,3,4,1,3,61,33,21,14,10,4,7
2025-2877,Modena,Clay,32,C,O,20250630,6,T0A1,6,,Thiago Agustin Tirante,R,185,ARG,24.222,121,486,B0ID,,,Ignacio Buse,R,183,PER,21.265,152,383,6-1 6-2,3,R32,64,3,0,46,30,24,10,8,1,1,3,2,36,20,11,6,7,1,5
2025-2877,Modena,Clay,32,C,O,20250630,7,M0N7,,,Daniel Merida,R,188,ESP,20.758,235,241,B0FV,7,,Roman Andres Burruchaga,R,183,ARG,23.433,132,453,6-2 6-4,3,R32,72,1,4,53,39,30,6,9,0,1,1,4,50,29,22,7,9,1,5
2025-2877,Modena,Clay,32,C,O,20250630,8,H0CX,,,Max Houkes,L,188,NED,24.991,245,231,GJ16,8,,Federico Agustin Gomez,R,191,ARG,28.591,161,360,6-4 6-3,3,R32,87,1,4,60,32,24,16,10,2,3,9,4,55,33,21,11,9,5,8
2025-2877,Modena,Clay,32,C,O,20250630,9,CF01,,,Marco Cecchinato,R,185,ITA,32.747,300,171,MJ08,,,Thiago Monteiro,L,183,BRA,31.083,142,420,7-6(1) 3-6 6-1,3,R32,149,3,7,92,52,39,22,14,6,8,2,1,88,60,39,12,14,3,6
2025-2877,Modena,Clay,32,C,O,20250630,10,C0NB,,,Federico Cina,R,185,ITA,18.253,279,198,P0GQ,,,Mili Poljicak,R,185,CRO,20.964,257,218,7-5 1-6 6-3,3,R32,137,1,2,90,67,43,11,14,5,8,11,7,95,61,46,12,14,5,8
2025-2877,Modena,Clay,32,C,O,20250630,11,D0CG,,,Facundo Diaz Acosta,L,183,ARG,24.539,199,277,Z09F,,,Patrick Zahraj,R,191,GER,25.955,280,198,6-1 6-4,3,R32,83,3,0,47,29,23,14,9,0,0,6,3,59,29,17,13,8,6,9
2025-2877,Modena,Clay,32,C,O,20250630,12,K0EU,,,Toby Kodat,R,178,USA,22.461,376,130,CC66,,,Andrea Collarini,L,183,ARG,33.413,225,249,1-6 6-3 7-6(6),3,R32,145,10,2,97,55,38,24,14,5,9,7,1,79,52,36,19,14,5,8
2025-2877,Modena,Clay,32,C,O,20250630,13,K0EP,,,Jerome Kym,R,198,SUI,22.379,162,355,P0IK,,,Luca Parenti,R,185,ITA,21.889,1712,2,6-2 6-4,3,R32,71,6,2,49,29,23,12,9,2,3,4,3,54,33,18,10,9,3,7
2025-2877,Modena,Clay,32,C,O,20250630,14,PH64,,,Andrea Pellegrino,R,185,ITA,28.271,139,437,T0EI,,,Aristotelis Thanos,R,193,GRE,24.23,499,79,6-4 6-4,3,R32,97,1,2,52,38,28,9,10,0,1,7,3,63,37,27,9,10,3,6
2025-2877,Modena,Clay,32,C,O,20250630,15,S0KT,,,Stefanos Sakellaridis,R,198,GRE,20.794,423,105,B0PE,,,Federico Bondioli,L,185,ITA,20.123,397,119,6-4 7-6(5),3,R32,110,4,2,62,37,29,17,11,0,1,2,3,73,44,30,16,11,6,8
2025-2877,Modena,Clay,32,C,O,20250630,16,TA12,,,Stefano Travaglia,R,185,ITA,33.506,310,164,BU54,,,Geoffrey Blancaneaux,R,180,FRA,26.894,277,202,7-6(4) 6-4,3,R32,130,3,1,57,30,25,13,11,1,5,6,9,86,41,25,20,11,6,11
2025-2877,Modena,Clay,32,C,O,20250630,17,K0EP,,,Jerome Kym,R,198,SUI,22.379,162,355,TE16,1,,Carlos Taberner,R,183,ESP,27.893,102,576,6-2 3-6 7-6(3),3,R16,155,12,2,85,52,37,17,14,3,6,4,5,101,58,43,16,15,6,10
2025-2877,Modena,Clay,32,C,O,20250630,18,PH64,,,Andrea Pellegrino,R,185,ITA,28.271,139,437,GE33,2,,Daniel Elahi Galan,R,191,COL,29.032,107,533,6-2 7-6(2),3,R16,98,3,1,55,41,32,11,10,2,3,1,2,75,46,31,11,10,4,7
2025-2877,Modena,Clay,32,C,O,20250630,19,C0C8,3,,Juan Manuel Cerundolo,L,183,ARG,23.622,112,514,D0CG,,,Facundo Diaz Acosta,L,183,ARG,24.539,199,277,7-6(1) 6-3,3,R16,116,2,2,68,41,33,17,11,1,2,3,5,70,38,25,17,10,4,6
2025-2877,Modena,Clay,32,C,O,20250630,20,SX91,4,,Thiago Seyboth Wild,R,185,BRA,25.306,129,461,K0EU,,,Toby Kodat,R,178,USA,22.461,376,130,7-5 7-6(4),3,R16,122,14,4,83,63,46,11,12,1,2,6,2,79,49,37,15,12,6,8
2025-2877,Modena,Clay,32,C,O,20250630,21,TA12,,,Stefano Travaglia,R,185,ITA,33.506,310,164,T0A1,6,,Thiago Agustin Tirante,R,185,ARG,24.222,121,486,2-6 7-6(5) 7-6(3),3,R16,170,6,2,103,63,45,28,16,4,6,11,3,108,67,48,27,16,4,4
2025-2877,Modena,Clay,32,C,O,20250630,22,CF01,,,Marco Cecchinato,R,185,ITA,32.747,300,171,H0CX,,,Max Houkes,L,188,NED,24.991,245,231,6-3 6-4,3,R16,88,2,3,65,45,35,13,10,7,7,2,0,53,37,26,9,9,2,4
2025-2877,Modena,Clay,32,C,O,20250630,23,C0NB,,,Federico Cina,R,185,ITA,18.253,279,198,M0N7,,,Daniel Merida,R,188,ESP,20.758,235,241,6-0 6-1,3,R16,53,2,1,48,31,26,8,7,5,5,1,6,45,31,16,3,6,6,11
2025-2877,Modena,Clay,32,C,O,20250630,24,S0KT,,,Stefanos Sakellaridis,R,198,GRE,20.794,423,105,EA13,,,Moez Echargui,R,178,TUN,32.468,333,152,3-6 6-3 6-4,3,R16,140,9,0,68,46,35,14,14,4,7,5,5,97,52,36,22,14,7,11
2025-2877,Modena,Clay,32,C,O,20250630,25,C0NB,,,Federico Cina,R,185,ITA,18.253,279,198,C0C8,3,,Juan Manuel Cerundolo,L,183,ARG,23.622,112,514,4-6 7-6(8) 6-1,3,QF,153,2,5,101,60,42,17,15,2,7,4,4,93,50,33,17,14,6,12
2025-2877,Modena,Clay,32,C,O,20250630,26,SX91,4,,Thiago Seyboth Wild,R,185,BRA,25.306,129,461,S0KT,,,Stefanos Sakellaridis,R,198,GRE,20.794,423,105,6-3 6-7(5) 7-6(4),3,QF,192,4,5,113,76,54,21,16,6,8,6,3,117,78,50,21,17,2,6
2025-2877,Modena,Clay,32,C,O,20250630,27,K0EP,,,Jerome Kym,R,198,SUI,22.379,162,355,CF01,,,Marco Cecchinato,R,185,ITA,32.747,300,171,6-3 6-0,3,QF,61,15,2,48,36,29,8,8,6,6,4,2,47,27,14,9,7,6,10
2025-2877,Modena,Clay,32,C,O,20250630,28,TA12,,,Stefano Travaglia,R,185,ITA,33.506,310,164,PH64,,,Andrea Pellegrino,R,185,ITA,28.271,139,437,6-4 6-7(2) 6-2,3,QF,146,10,7,96,54,38,23,15,6,9,4,1,87,60,37,13,15,5,11
2025-2877,Modena,Clay,32,C,O,20250630,29,SX91,4,,Thiago Seyboth Wild,R,185,BRA,25.306,129,461,K0EP,,,Jerome Kym,R,198,SUI,22.379,162,355,6-7(5) 7-6(4) 6-4,3,SF,177,14,3,104,63,55,25,17,3,4,12,3,113,74,58,20,17,9,11
2025-2877,Modena,Clay,32,C,O,20250630,30,TA12,,,Stefano Travaglia,R,185,ITA,33.506,310,164,C0NB,,,Federico Cina,R,185,ITA,18.253,279,198,1-6 6-3 6-4,3,SF,120,3,2,81,49,29,17,13,3,7,4,2,83,53,33,16,13,5,9
2025-2877,Modena,Clay,32,C,O,20250630,31,TA12,,,Stefano Travaglia,R,185,ITA,33.506,310,164,SX91,4,,Thiago Seyboth Wild,R,185,BRA,25.306,129,461,6-4 6-3,3,F,94,5,1,54,33,28,10,10,2,3,3,0,63,43,28,8,9,2,5
2025-2931,Brasov,Clay,32,C,O,20250630,1,M0IF,,,Francesco Maestrelli,R,196,ITA,22.524,237,240,MW75,1,,Felipe Meligeni Alves,R,185,BRA,27.359,145,406,4-6 6-3 6-4,3,R32,133,14,5,88,50,41,18,15,6,8,1,3,83,48,31,21,14,4,7
2025-2931,Brasov,Clay,32,C,O,20250630,2,FA43,2,,Juan Pablo Ficovich,R,188,ARG,28.43,155,373,GE28,,,Ivan Gakhov,L,191,RUS,28.652,269,207,7-5 6-2,3,R32,113,5,2,84,48,29,23,10,8,9,5,2,65,34,22,13,10,1,5
2025-2931,Brasov,Clay,32,C,O,20250630,3,G0DH,4,,Alvaro Guillen Meza,R,175,ECU,22.491,233,242,P0EA,,,Saba Purtseladze,R,191,GEO,23.86,249,229,4-6 6-4 6-2,3,R32,112,2,1,78,53,32,18,14,2,6,6,5,81,48,34,11,14,2,8
2025-2931,Brasov,Clay,32,C,O,20250630,4,G0GW,,,Sascha Gueymard Wayenburg,R,191,FRA,21.914,259,215,RH59,5,,Santiago Rodriguez Taverna,R,191,ARG,25.958,191,288,6-3 3-6 6-3,3,R32,117,7,4,91,58,43,20,14,6,7,2,2,85,55,44,12,13,4,6
2025-2931,Brasov,Clay,32,C,O,20250630,5,J09X,,,Filip Cristian Jianu,R,180,ROU,23.781,274,204,M0EA,6,,Pol Martin Tiffon,R,183,ESP,25.919,204,271,6-4 6-4,3,R32,84,3,4,56,35,24,11,10,0,2,12,5,64,39,25,11,10,1,5
2025-2931,Brasov,Clay,32,C,O,20250630,6,DC48,7,,Murkel Dellien,R,193,BOL,27.786,223,250,A829,,,Radu Albot,R,175,MDA,35.633,298,172,6-4 6-4,3,R32,108,4,1,58,41,27,11,10,1,2,1,2,72,46,29,14,10,3,6
2025-2931,Brasov,Clay,32,C,O,20250630,7,B0MM,,,Edas Butvilas,R,191,LTU,20.936,252,225,KC33,8,,Dimitar Kuzmanov,R,183,BUL,31.923,226,248,3-6 6-4 6-2,3,R32,138,5,2,79,49,33,17,13,2,5,2,4,97,50,27,29,14,11,16
2025-2931,Brasov,Clay,32,C,O,20250630,8,B0C0,,,Gabi Adrian Boitan,R,185,ROU,25.971,372,131,G0A0,,,Andrea Guerrieri,L,180,ITA,26.574,531,69,6-4 7-5,3,R32,100,5,5,72,46,31,13,11,2,5,3,3,70,46,27,9,11,7,12
2025-2931,Brasov,Clay,32,C,O,20250630,9,D0JI,,,Manas Dhamne,R,183,IND,17.503,742,35,N731,,,Christoph Negritu,R,193,GER,31.277,282,196,2-6 6-4 7-6(3),3,R32,,,,,,,,,,,,,,,,,,,
2025-2931,Brasov,Clay,32,C,O,20250630,10,DH46,,,Alexander Donski,R,188,BUL,26.913,690,43,CG33,,,Kimmer Coppejans,R,178,BEL,31.392,236,240,2-6 6-4 6-4,3,R32,147,7,7,106,55,35,23,14,9,14,6,5,88,53,35,15,14,6,11
2025-2931,Brasov,Clay,32,C,O,20250630,11,SN54,,,Frederico Ferreira Silva,L,178,POR,30.286,264,212,S0EK,,,Matias Soto,R,170,CHI,26.177,271,206,6-4 6-4,3,R32,87,3,1,52,27,23,17,10,0,0,4,3,51,25,20,15,10,3,5
2025-2931,Brasov,Clay,32,C,O,20250630,12,P0FJ,,,Radu Mihai Papoe,R,183,ROU,22.839,631,51,F0F4,,,Kilian Feldbausch,R,191,SUI,19.811,438,99,7-5 6-3,3,R32,95,0,1,60,43,29,11,11,1,3,0,2,61,43,24,10,10,4,8
2025-2931,Brasov,Clay,32,C,O,20250630,13,P0GN,,,Tom Paris,R,193,FRA,22.825,391,121,C0BB,,,Tommaso Compagnucci,R,173,ITA,25.651,464,91,6-4 4-6 6-3,3,R32,134,2,5,87,45,36,27,15,2,3,2,1,86,60,45,11,14,2,4
2025-2931,Brasov,Clay,32,C,O,20250630,14,P0AY,,,Luka Pavlovic,R,196,FRA,25.251,241,237,P0ME,,,Luca Preda,R,201,ROU,19.283,861,23,6-0 6-0,3,R32,57,8,1,33,20,17,8,6,0,0,4,3,48,31,13,5,6,4,10
2025-2931,Brasov,Clay,32,C,O,20250630,15,RB60,,,Oriol Roca Batalla,R,175,ESP,32.167,318,161,M0SE,,,Maxim Mrva,R,178,CZE,17.911,501,78,6-4 7-5,3,R32,91,7,2,64,28,18,18,11,7,11,3,5,70,39,21,13,11,3,9
2025-2931,Brasov,Clay,32,C,O,20250630,16,T0FI,,,Marko Topo,R,185,GER,21.796,276,202,G0ME,,,Gabriel Ghetu,R,,ROU,17.645,728,37,6-3 6-0,3,R32,78,1,4,50,30,22,13,8,1,1,1,1,52,30,19,7,7,7,11
2025-2931,Brasov,Clay,32,C,O,20250630,17,FA43,2,,Juan Pablo Ficovich,R,188,ARG,28.43,155,373,RB60,,,Oriol Roca Batalla,R,175,ESP,32.167,318,161,7-6(3) 6-2,3,R16,111,3,1,65,47,35,14,10,5,5,2,1,89,54,38,14,10,10,12
2025-2931,Brasov,Clay,32,C,O,20250630,18,B0C0,,,Gabi Adrian Boitan,R,185,ROU,25.971,372,131,G0DH,4,,Alvaro Guillen Meza,R,175,ECU,22.491,233,242,6-2 6-1,3,R16,77,0,4,50,34,25,6,8,4,6,0,4,53,35,15,7,7,5,11
2025-2931,Brasov,Clay,32,C,O,20250630,19,P0FJ,,,Radu Mihai Papoe,R,183,ROU,22.839,631,51,DC48,7,,Murkel Dellien,R,193,BOL,27.786,223,250,6-4 6-1,3,R16,104,0,1,73,55,32,10,9,7,9,2,4,56,38,20,6,8,4,9
2025-2931,Brasov,Clay,32,C,O,20250630,20,SN54,,,Frederico Ferreira Silva,L,178,POR,30.286,264,212,B0MM,,,Edas Butvilas,R,191,LTU,20.936,252,225,6-4 6-3,3,R16,121,0,4,71,48,31,12,10,4,6,6,4,63,34,22,12,9,2,6
2025-2931,Brasov,Clay,32,C,O,20250630,21,M0IF,,,Francesco Maestrelli,R,196,ITA,22.524,237,240,DH46,,,Alexander Donski,R,188,BUL,26.913,690,43,6-2 6-4,3,R16,80,3,0,52,33,24,14,9,3,3,6,3,56,31,22,11,9,3,6
2025-2931,Brasov,Clay,32,C,O,20250630,22,P0GN,,,Tom Paris,R,193,FRA,22.825,391,121,D0JI,,,Manas Dhamne,R,183,IND,17.503,742,35,6-1 6-4,3,R16,80,2,1,54,33,25,14,9,3,3,0,4,59,37,23,8,8,3,6
2025-2931,Brasov,Clay,32,C,O,20250630,23,P0AY,,,Luka Pavlovic,R,196,FRA,25.251,241,237,J09X,,,Filip Cristian Jianu,R,180,ROU,23.781,274,204,6-1 7-6(4),3,R16,87,15,6,73,36,28,21,10,3,4,2,2,60,46,31,5,9,4,7
2025-2931,Brasov,Clay,32,C,O,20250630,24,T0FI,,,Marko Topo,R,185,GER,21.796,276,202,G0GW,,,Sascha Gueymard Wayenburg,R,191,FRA,21.914,259,215,6-2 7-5,3,R16,92,5,2,56,32,24,13,10,2,4,3,3,65,35,21,11,10,3,8
2025-2931,Brasov,Clay,32,C,O,20250630,25,FA43,2,,Juan Pablo Ficovich,R,188,ARG,28.43,155,373,SN54,,,Frederico Ferreira Silva,L,178,POR,30.286,264,212,7-6(2) 6-4,3,QF,119,8,0,64,39,32,17,11,0,0,1,0,77,45,30,19,11,5,6
2025-2931,Brasov,Clay,32,C,O,20250630,26,M0IF,,,Francesco Maestrelli,R,196,ITA,22.524,237,240,T0FI,,,Marko Topo,R,185,GER,21.796,276,202,2-6 6-4 7-5,3,QF,136,11,4,83,52,39,17,15,3,6,6,5,86,44,37,20,15,2,5
2025-2931,Brasov,Clay,32,C,O,20250630,27,P0GN,,,Tom Paris,R,193,FRA,22.825,391,121,P0FJ,,,Radu Mihai Papoe,R,183,ROU,22.839,631,51,6-2 5-7 7-6(5),3,QF,153,1,3,92,57,39,15,16,1,6,0,1,95,68,41,12,16,3,9
2025-2931,Brasov,Clay,32,C,O,20250630,28,P0AY,,,Luka Pavlovic,R,196,FRA,25.251,241,237,B0C0,,,Gabi Adrian Boitan,R,185,ROU,25.971,372,131,6-3 6-1,3,QF,65,13,1,37,20,19,13,8,0,0,1,6,56,32,21,7,8,3,7
2025-2931,Brasov,Clay,32,C,O,20250630,29,P0AY,,,Luka Pavlovic,R,196,FRA,25.251,241,237,FA43,2,,Juan Pablo Ficovich,R,188,ARG,28.43,155,373,7-6(5) 6-3,3,SF,80,11,5,61,31,28,18,10,0,0,4,0,61,43,35,9,11,0,2
2025-2931,Brasov,Clay,32,C,O,20250630,30,M0IF,,,Francesco Maestrelli,R,196,ITA,22.524,237,240,P0GN,,,Tom Paris,R,193,FRA,22.825,391,121,6-0 6-2,3,SF,62,2,2,42,22,18,13,7,2,2,0,3,40,19,8,8,7,2,7
2025-2931,Brasov,Clay,32,C,O,20250630,31,M0IF,,,Francesco Maestrelli,R,196,ITA,22.524,237,240,P0AY,,,Luka Pavlovic,R,196,FRA,25.251,241,237,7-6(7) 6-4,3,F,123,4,2,80,55,44,14,11,4,4,12,3,91,44,34,24,11,4,5
2025-7316,Cary,Hard,32,C,O,20250630,1,S0N0,1,,Tristan Schoolkate,R,183,AUS,24.339,104,564,Z0CQ,,,Yi Zhou,R,193,CHN,20.296,321,159,7-6(5) 6-7(4) 6-1,3,R32,176,15,6,109,54,44,30,15,7,7,4,4,123,77,55,21,16,9,12
2025-7316,Cary,Hard,32,C,O,20250630,2,D0DP,2,,Liam Draxl,R,185,CAN,23.567,147,403,S0TI,,,Philip Sekulic,R,191,AUS,21.818,477,86,6-2 6-2,3,R32,74,5,2,46,31,24,10,8,1,1,2,3,56,29,21,7,8,4,8
2025-7316,Cary,Hard,32,C,O,20250630,3,Z0BZ,,,Michael Zheng,R,188,USA,21.424,498,79,J553,3,,Omar Jasika,L,183,AUS,28.118,202,271,6-2 6-2,3,R32,63,2,2,49,32,23,10,8,2,3,0,3,48,21,14,8,8,6,11
2025-7316,Cary,Hard,32,C,O,20250630,4,GK06,4,,Alexis Galarneau,R,180,CAN,26.33,207,265,V0DG,,,Hoyoung Roh,R,191,USA,22.828,735,36,7-6(2) 7-6(1),3,R32,137,5,4,75,41,30,17,12,2,6,6,4,109,72,40,16,12,15,19
2025-7316,Cary,Hard,32,C,O,20250630,5,MI01,,,Hiroki Moriya,R,168,JPN,34.705,398,118,N09U,6,,Rio Noguchi,R,168,JPN,26.505,222,251,7-5 2-6 6-3,3,R32,149,1,2,95,46,28,24,14,7,12,0,5,95,58,38,17,15,6,12
2025-7316,Cary,Hard,32,C,O,20250630,6,S0UV,,,Rei Sakamoto,R,193,JPN,19.017,291,187,M0AW,7,,Nicolas Mejia,R,183,COL,25.383,243,234,6-7(8) 6-3 6-3,3,R32,247,12,4,133,80,55,27,15,13,15,3,2,99,52,35,25,15,8,13
2025-7316,Cary,Hard,32,C,O,20250630,7,K0A3,8,,Patrick Kypson,R,188,USA,25.673,240,238,KC12,,,Masamichi Imamura,R,188,USA,31.463,164,344,6-3 6-4,3,R32,97,6,0,66,35,27,17,10,1,2,2,1,59,35,22,13,9,6,9
2025-7316,Cary,Hard,32,C,O,20250630,8,F0CK,,,Kaylan Bigun,R,193,USA,25.311,707,41,TA46,9,,Bernard Tomic,R,196,AUS,32.69,214,257,6-4 6-4,3,R32,70,5,4,66,33,25,21,10,3,3,6,4,49,28,22,12,10,1,3
2025-7316,Cary,Hard,32,C,O,20250630,9,G0BY,,,Daniil Glinka,L,188,EST,25.133,408,114,M0ON,,,William Manning,L,198,GBR,23.436,224,249,6-7(5) 6-3 6-4,3,R32,205,8,5,107,76,55,16,16,5,7,16,9,110,63,46,21,15,5,9
2025-7316,Cary,Hard,32,C,O,20250630,10,B0I5,,,Andre Ilagan,R,191,JAM,23.592,922,18,RG42,,,Alex Rybakov,L,185,USA,28.422,352,140,7-5 7-5,3,R32,137,2,8,97,65,44,15,12,6,8,5,7,74,40,22,22,12,6,10
2025-7316,Cary,Hard,32,C,O,20250630,11,B0I5,,,Patrick Maloney,R,191,JAM,23.592,922,18,KG27,,,Strong Kirchheimer,R,185,USA,30.179,664,47,6-2 3-6 7-6(6),3,R32,134,14,5,78,50,43,16,14,1,2,4,0,91,52,38,24,15,5,7
2025-7316,Cary,Hard,32,C,O,20250630,12,M0NP,,,Andres Martin,R,183,USA,23.981,353,140,D0D4,,,Stefan Dostanic,R,188,USA,23.652,404,115,6-4 5-7 6-3,3,R32,131,1,6,84,50,36,20,15,0,2,5,6,94,62,42,16,16,4,8
2025-7316,Cary,Hard,32,C,O,20250630,13,B0EK,,,Aidan Mayo,R,180,AUS,25.966,348,143,AG08,,,Andres Andrade,R,180,ECU,26.543,262,213,6-1 6-3,3,R32,69,2,1,48,26,20,15,8,3,3,2,4,54,28,17,9,8,4,8
2025-7316,Cary,Hard,32,C,O,20250630,14,SM88,,,Karue Sell,R,183,BRA,31.628,289,191,B0PE,,,Naoki Nakagawa,L,185,ITA,20.123,397,119,6-1 7-5,3,R32,83,14,3,57,37,31,11,10,1,1,5,1,63,32,22,13,9,5,8
2025-7316,Cary,Hard,32,C,O,20250630,15,F0BP,,,Joshua Sheehy,R,193,ITA,23.91,762,32,W857,,,Tung-Lin Wu,R,188,TPE,27.135,278,201,7-5 6-2,3,R32,79,8,4,58,34,27,13,10,1,2,3,4,57,32,24,7,10,2,6
2025-7316,Cary,Hard,32,C,O,20250630,16,WB32,,,Yibing Wu,R,183,CHN,25.711,285,193,KC86,,,Ian Mayew,R,188,BAR,33.177,1868,1,6-3 6-3,3,R32,90,4,3,53,24,20,16,9,4,5,1,5,66,39,24,11,9,6,10
2025-7316,Cary,Hard,32,C,O,20250630,17,S0N0,1,,Tristan Schoolkate,R,183,AUS,24.339,104,564,F0BP,,,Andre Ilagan,R,193,ITA,23.91,762,32,6-1 3-6 6-2,3,R16,114,11,8,84,40,30,20,12,8,10,4,7,70,42,28,9,12,5,10
2025-7316,Cary,Hard,32,C,O,20250630,18,D0DP,2,,Liam Draxl,R,185,CAN,23.567,147,403,J0B5,,,Joshua Sheehy,R,180,USA,24.534,360,138,6-2 6-2,3,R16,94,0,3,47,30,24,11,8,0,0,3,3,51,21,15,11,8,4,8
2025-7316,Cary,Hard,32,C,O,20250630,19,GK06,4,,Alexis Galarneau,R,180,CAN,26.33,207,265,M0NP,,,Andres Martin,R,183,USA,23.981,353,140,2-6 6-3 6-3,3,R16,128,4,4,97,60,40,18,13,4,7,3,3,72,47,32,12,13,2,6
2025-7316,Cary,Hard,32,C,O,20250630,20,K0A3,8,,Patrick Kypson,R,188,USA,25.673,240,238,SM88,,,Karue Sell,R,183,BRA,31.628,289,191,7-6(3) 6-3,3,R16,318,7,4,67,34,25,22,10,0,0,7,3,70,41,33,11,11,1,3
2025-7316,Cary,Hard,32,C,O,20250630,21,W0BU,,,Aidan Mayo,R,191,SWE,23.688,492,81,MI01,,,Hiroki Moriya,R,168,JPN,34.705,398,118,6-4 6-4,3,R16,99,5,2,66,33,22,22,10,5,6,1,2,62,38,26,10,10,5,8
2025-7316,Cary,Hard,32,C,O,20250630,22,S0UV,,,Rei Sakamoto,R,193,JPN,19.017,291,187,C0I4,,,Patrick Maloney,R,196,BEL,24.966,441,98,3-6 6-1 6-2,3,R16,110,10,1,61,36,32,13,12,0,1,9,3,70,41,25,16,12,0,4
2025-7316,Cary,Hard,32,C,O,20250630,23,WB32,,,Yibing Wu,R,183,CHN,25.711,285,193,C0I4,,,Kaylan Bigun,R,196,BEL,24.966,441,98,7-5 6-2,3,R16,90,1,5,54,27,22,14,10,1,3,3,1,73,39,22,14,10,6,11
2025-7316,Cary,Hard,32,C,O,20250630,24,Z0BZ,,,Michael Zheng,R,188,USA,21.424,498,79,G0BY,,,Daniil Glinka,L,188,EST,25.133,408,114,6-4 6-4,3,R16,98,4,0,79,50,32,15,10,12,14,5,5,60,34,21,12,10,3,7
2025-7316,Cary,Hard,32,C,O,20250630,25,S0UV,,,Rei Sakamoto,R,193,JPN,19.017,291,187,S0N0,1,,Tristan Schoolkate,R,183,AUS,24.339,104,564,7-6(2) 6-4,3,QF,118,7,2,85,50,34,22,11,8,10,10,5,66,37,29,13,11,4,7
2025-7316,Cary,Hard,32,C,O,20250630,26,D0DP,2,,Liam Draxl,R,185,CAN,23.567,147,403,B0I5,,,Aidan Mayo,R,191,JAM,23.592,922,18,6-2 7-5,3,QF,102,1,4,57,35,25,11,10,0,2,2,3,61,28,16,15,10,3,8
2025-7316,Cary,Hard,32,C,O,20250630,27,K0A3,8,,Patrick Kypson,R,188,USA,25.673,240,238,GK06,4,,Alexis Galarneau,R,180,CAN,26.33,207,265,5-7 6-3 6-4,3,QF,164,9,4,85,49,37,20,16,1,4,7,3,102,60,39,22,15,9,13
2025-7316,Cary,Hard,32,C,O,20250630,28,WB32,,,Yibing Wu,R,183,CHN,25.711,285,193,Z0BZ,,,Michael Zheng,R,188,USA,21.424,498,79,6-2 6-3,3,QF,88,5,6,60,35,26,13,9,6,7,9,2,63,38,26,6,8,7,11
2025-7316,Cary,Hard,32,C,O,20250630,29,D0DP,2,,Liam Draxl,R,185,CAN,23.567,147,403,WB32,,,Yibing Wu,R,183,CHN,25.711,285,193,6-4 6-2,3,SF,102,4,4,65,45,35,8,9,4,4,7,4,65,42,28,7,9,2,5
2025-7316,Cary,Hard,32,C,O,20250630,30,S0UV,,,Rei Sakamoto,R,193,JPN,19.017,291,187,K0A3,8,,Patrick Kypson,R,188,USA,25.673,240,238,7-6(1) 7-6(6),3,SF,138,14,2,84,56,46,14,12,3,3,12,3,87,52,40,19,12,2,2
2025-7316,Cary,Hard,32,C,O,20250630,31,S0UV,,,Rei Sakamoto,R,193,JPN,19.017,291,187,D0DP,2,,Liam Draxl,R,185,CAN,23.567,147,403,6-1 6-4,3,F,97,8,1,55,35,29,10,9,2,2,4,4,61,36,26,8,8,9,12
2025-2907,Nottingham,Grass,32,C,O,20250707,1,P0HP,,,Lukas Pokorny,R,191,SVK,23.354,405,117,S0NV,1,,Abdullah Shelbayh,L,180,JOR,21.64,306,170,7-5 6-2,3,R32,84,7,2,57,36,28,12,10,3,4,2,2,59,37,21,12,10,1,5
2025-2907,Nottingham,Grass,32,C,O,20250707,2,DB59,,,Dennis Novak,R,183,AUT,31.858,427,104,B0MM,2,,Edas Butvilas,R,191,LTU,20.956,248,223,7-6(3) 6-3,3,R32,102,0,1,86,65,46,10,11,8,9,3,6,78,46,31,14,10,4,6
2025-2907,Nottingham,Grass,32,C,O,20250707,3,GB93,,,Norbert Gombos,R,193,SVK,34.899,300,175,CI14,3,,Jay Clarke,R,183,GBR,26.946,186,330,2-6 7-5 6-2,3,R32,123,8,3,81,58,37,8,14,4,10,7,2,89,51,35,14,14,6,13
2025-2907,Nottingham,Grass,32,C,O,20250707,4,K0CJ,,,Sandro Kopp,R,185,AUT,25.114,305,171,M0NB,4,,Aidan Mayo,R,183,USA,22.149,299,172,6-3 6-7(6) 6-3,3,R32,137,8,3,111,79,56,15,16,4,5,15,0,82,48,36,17,14,4,7
2025-2907,Nottingham,Grass,32,C,O,20250707,5,P0HW,5,,Dino Prizmic,R,188,CRO,19.921,121,507,I0AP,,,Kalin Ivanovski,R,196,MKD,21.155,896,20,6-3 7-6(3),3,R32,119,2,1,69,45,36,18,11,5,5,7,1,68,43,29,15,10,1,2
2025-2907,Nottingham,Grass,32,C,O,20250707,6,DC76,,,Viktor Durasovic,R,185,NOR,28.301,313,164,P0GQ,6,,Mili Poljicak,R,185,CRO,20.983,393,120,7-5 6-4,3,R32,93,7,2,73,42,34,17,11,1,1,6,2,65,26,20,23,11,1,3
2025-2907,Nottingham,Grass,32,C,O,20250707,7,S0TX,,,Henry Searle,L,193,GBR,19.274,460,96,GG65,7,,Michael Geerts,R,178,BEL,30.47,280,187,7-6(4) 7-5,3,R32,107,11,2,75,47,37,18,12,3,4,3,7,80,46,36,17,12,3,5
2025-2907,Nottingham,Grass,32,C,O,20250707,8,R0E0,8,,Chris Rodesch,R,198,LUX,23.97,138,456,N0B4,,,Ryan Nijboer,R,180,NED,25.944,454,93,4-6 7-5 6-4,3,R32,148,8,1,87,61,48,14,16,1,3,5,1,110,64,43,26,16,11,14
2025-2907,Nottingham,Grass,32,C,O,20250707,9,BV24,,,Raul Brancaccio,R,183,ITA,28.175,401,118,LC11,,,Tristan Lamasine,R,183,FRA,32.339,529,70,6-4 6-2,3,R32,79,0,3,55,33,23,12,9,4,6,7,0,57,38,23,6,9,3,8
2025-2907,Nottingham,Grass,32,C,O,20250707,10,B0LW,,,Mika Brunold,R,191,SUI,20.761,453,98,GJ05,,,Alexis Gautier,R,198,FRA,28.249,750,33,6-3 6-4,3,R32,88,3,2,60,36,26,15,10,4,6,1,3,62,37,22,10,9,5,9
2025-2907,Nottingham,Grass,32,C,O,20250707,11,K0HG,,,Milos Karol,R,198,SVK,22.565,448,102,Z09F,,,Patrick Zahraj,R,191,GER,25.974,263,205,6-4 7-6(3),3,R32,82,16,3,63,39,32,18,11,1,1,4,1,67,46,37,10,11,1,2
2025-2907,Nottingham,Grass,32,C,O,20250707,12,KC33,,,Dimitar Kuzmanov,R,183,BUL,31.943,267,203,B0U4,,,Nicolai Budkov Kjaer,R,191,NOR,18.847,133,476,6-2 7-5,3,R32,101,3,0,64,41,23,15,10,6,8,1,1,59,39,25,5,10,1,6
2025-2907,Nottingham,Grass,32,C,O,20250707,13,M0FA,,,Anton Matusevich,R,185,GBR,24.104,451,93,MK26,,,Jules Marie,R,185,FRA,33.848,621,53,6-3 6-3,3,R32,54,11,0,47,35,29,7,9,0,0,6,0,52,38,22,8,9,1,4
2025-2907,Nottingham,Grass,32,C,O,20250707,14,M0N1,,,Luka Mikrut,R,188,CRO,21.224,164,361,F0BT,,,Jonas Forejtek,R,183,CZE,24.326,372,127,6-7(2) 6-3 6-1,3,R32,111,15,3,81,56,44,12,14,0,1,7,1,93,65,39,16,14,6,11
2025-2907,Nottingham,Grass,32,C,O,20250707,15,M0JZ,,,Filip Misolic,R,180,AUT,23.912,78,728,V0B2,,,Michael Vrbensky,R,,CZE,25.53,500,79,6-3 7-6(4),3,R32,95,6,2,80,49,34,16,11,3,5,3,3,60,36,26,12,10,2,5
2025-2907,Nottingham,Grass,32,C,O,20250707,16,M0ON,,,Johannus Monday,L,198,GBR,23.455,236,244,PH78,,,Ryan Peniston,L,180,GBR,29.656,234,244,2-6 7-5 6-3,3,R32,139,5,4,85,59,40,15,14,3,6,2,3,93,58,39,17,15,3,7
2025-2907,Nottingham,Grass,32,C,O,20250707,17,M0FA,,,Anton Matusevich,R,185,GBR,24.104,451,93,P0HW,5,,Dino Prizmic,R,188,CRO,19.921,121,507,6-3 6-4,3,R16,86,2,1,59,33,25,16,10,4,5,6,3,54,37,25,7,9,2,5
2025-2907,Nottingham,Grass,32,C,O,20250707,18,R0E0,8,,Chris Rodesch,R,198,LUX,23.97,138,456,M0ON,,,Johannus Monday,L,198,GBR,23.455,236,244,6-4 7-6(4),3,R16,91,3,0,75,65,51,3,11,5,5,4,3,60,40,31,13,11,0,1
2025-2907,Nottingham,Grass,32,C,O,20250707,19,B0LW,,,Mika Brunold,R,191,SUI,20.761,453,98,K0CJ,,,Sandro Kopp,R,185,AUT,25.114,305,171,6-4 7-6(5),3,R16,101,8,3,68,39,33,14,11,2,4,2,3,80,63,41,7,11,6,9
2025-2907,Nottingham,Grass,32,C,O,20250707,20,DC76,,,Viktor Durasovic,R,185,NOR,28.301,313,164,M0JZ,,,Filip Misolic,R,180,AUT,23.912,78,728,6-3 6-2,3,R16,83,5,0,69,45,31,16,9,12,12,5,2,46,26,15,11,8,4,7
2025-2907,Nottingham,Grass,32,C,O,20250707,21,GB93,,,Norbert Gombos,R,193,SVK,34.899,300,175,M0N1,,,Luka Mikrut,R,188,CRO,21.224,164,361,6-4 6-2,3,R16,74,8,1,54,34,26,12,9,3,4,3,3,56,36,25,4,9,1,5
2025-2907,Nottingham,Grass,32,C,O,20250707,22,DB59,,,Dennis Novak,R,183,AUT,31.858,427,104,BV24,,,Raul Brancaccio,R,183,ITA,28.175,401,118,6-3 6-7(5) 6-4,3,R16,136,10,0,99,68,47,20,15,8,9,2,4,118,71,53,17,16,7,11
2025-2907,Nottingham,Grass,32,C,O,20250707,23,P0HP,,,Lukas Pokorny,R,191,SVK,23.354,405,117,K0HG,,,Milos Karol,R,198,SVK,22.565,448,102,6-4 4-6 6-2,3,R16,99,10,1,81,47,40,15,14,6,8,11,4,75,46,33,15,14,7,11
2025-2907,Nottingham,Grass,32,C,O,20250707,24,S0TX,,,Henry Searle,L,193,GBR,19.274,460,96,KC33,,,Dimitar Kuzmanov,R,183,BUL,31.943,267,203,7-6(5) 6-2,3,R16,105,15,1,72,50,36,11,10,3,4,2,2,77,56,34,10,10,4,7
2025-2907,Nottingham,Grass,32,C,O,20250707,25,B0LW,,,Mika Brunold,R,191,SUI,20.761,453,98,R0E0,8,,Chris Rodesch,R,198,LUX,23.97,138,456,6-4 6-4,3,QF,92,3,3,68,47,34,10,10,4,6,3,0,67,53,29,7,10,1,5
2025-2907,Nottingham,Grass,32,C,O,20250707,26,DC76,,,Viktor Durasovic,R,185,NOR,28.301,313,164,DB59,,,Dennis Novak,R,183,AUT,31.858,427,104,6-3 6-7(2) 6-4,3,QF,138,4,2,105,66,47,21,16,5,7,4,1,103,68,48,17,15,8,12
2025-2907,Nottingham,Grass,32,C,O,20250707,27,M0FA,,,Anton Matusevich,R,185,GBR,24.104,451,93,GB93,,,Norbert Gombos,R,193,SVK,34.899,300,175,4-6 6-4 6-3,3,QF,101,11,0,88,57,47,13,15,0,2,9,0,71,57,39,7,14,0,3
2025-2907,Nottingham,Grass,32,C,O,20250707,28,S0TX,,,Henry Searle,L,193,GBR,19.274,460,96,P0HP,,,Lukas Pokorny,R,191,SVK,23.354,405,117,6-2 6-4,3,QF,73,2,2,55,37,28,12,9,3,3,6,1,58,41,26,6,9,3,6
2025-2907,Nottingham,Grass,32,C,O,20250707,29,DC76,,,Viktor Durasovic,R,185,NOR,28.301,313,164,M0FA,,,Anton Matusevich,R,185,GBR,24.104,451,93,6-3 7-5,3,SF,88,6,1,67,45,35,13,11,6,6,7,4,69,38,26,18,10,3,5
2025-2907,Nottingham,Grass,32,C,O,20250707,30,S0TX,,,Henry Searle,L,193,GBR,19.274,460,96,B0LW,,,Mika Brunold,R,191,SUI,20.761,453,98,6-2 6-7(4) 7-6(4),3,SF,149,8,3,115,65,50,20,16,3,6,3,3,101,68,45,16,16,2,7
2025-2907,Nottingham,Grass,32,C,O,20250707,31,DC76,,,Viktor Durasovic,R,185,NOR,28.301,313,164,S0TX,,,Henry Searle,L,193,GBR,19.274,460,96,7-6(6) 3-6 6-1,3,F,129,8,2,87,64,51,13,14,4,5,14,0,99,66,47,17,14,8,10
2025-3007,Nottingham 3,Grass,32,C,O,20250707,1,BI23,,,Liam Broady,L,183,GBR,31.504,557,66,GF95,1,,Hugo Grenier,R,196,FRA,29.29,175,316,7-6(5) 6-4,3,R32,100,3,1,64,41,34,13,11,1,2,7,3,71,48,34,11,11,2,4
2025-3007,Nottingham 3,Grass,32,C,O,20250707,2,W0C4,,,Edward Winter,R,178,AUS,20.808,648,49,M0ON,2,,Johannus Monday,L,198,GBR,23.455,224,249,2-6 7-6(6) 6-2,3,R32,140,7,4,90,57,44,17,14,3,5,8,4,105,63,43,24,14,5,7
2025-3007,Nottingham 3,Grass,32,C,O,20250707,3,C0AK,3,,Oliver Crawford,R,180,GBR,26.188,248,229,BV21,,,Charles Broom,R,178,GBR,27.203,476,87,7-5 6-3,3,R32,93,6,4,68,35,27,19,11,6,7,3,7,67,44,28,10,10,3,6
2025-3007,Nottingham 3,Grass,32,C,O,20250707,4,PH78,4,,Ryan Peniston,L,180,GBR,29.656,263,213,J732,,,Ben Jones,R,193,GBR,27.135,641,50,6-4 6-3,3,R32,80,5,1,55,45,35,6,9,4,4,6,1,51,35,26,5,10,0,3
2025-3007,Nottingham 3,Grass,32,C,O,20250707,5,P0HT,5,,Jack Pinnington Jones,R,180,GBR,22.272,281,196,B0U4,,,Nicolai Budkov Kjaer,R,191,NOR,18.847,303,169,6-3 6-2,3,R32,79,3,4,58,34,27,9,8,5,6,2,7,60,34,23,7,9,1,6
2025-3007,Nottingham 3,Grass,32,C,O,20250707,6,D750,,,Kenny De Schepper,L,203,FRA,38.108,627,52,MW76,6,,Matteo Martineau,R,183,FRA,26.472,292,186,7-6(5) 7-6(7),3,R32,114,6,2,100,66,50,19,12,5,6,6,1,82,56,46,13,12,4,5
2025-3007,Nottingham 3,Grass,32,C,O,20250707,7,L0CF,7,,George Loffhagen,R,188,GBR,24.216,293,185,R0K9,,,Charlie Robertson,R,170,GBR,18.749,1174,8,6-2 6-1,3,R32,59,7,1,39,21,19,13,8,0,0,2,2,44,24,14,7,7,5,9
2025-3007,Nottingham 3,Grass,32,C,O,20250707,8,G0AO,8,,Alastair Gray,R,193,GBR,27.042,374,130,J620,,,Maxime Janvier,R,196,FRA,28.717,433,101,6-3 5-7 7-5,3,R32,151,16,4,103,62,48,23,17,6,8,7,7,121,80,56,18,16,9,12
2025-3007,Nottingham 3,Grass,32,C,O,20250707,9,E831,,,Kyle Edmund,R,188,GBR,30.494,471,89,H0D8,,,Tom Hands,R,185,GBR,28.676,1378,4,6-4 6-4,3,R32,84,3,3,50,31,26,9,10,0,2,1,11,76,43,26,12,10,7,11
2025-3007,Nottingham 3,Grass,32,C,O,20250707,10,I305,,,Ilya Ivashka,R,193,BLR,31.365,858,23,RH50,,,Arthur Reymond,L,180,FRA,26.264,509,76,5-7 6-4 6-4,3,R32,128,3,2,93,65,47,17,16,4,6,8,2,110,64,43,25,16,5,8
2025-3007,Nottingham 3,Grass,32,C,O,20250707,11,M0NJ,,,Lui Maxted,R,180,GBR,21.596,1500,3,R0H6,,,Leonardo Rossi,R,180,ITA,22.921,616,54,6-4 6-2,3,R32,72,2,2,47,30,23,11,9,0,1,7,3,47,33,21,5,9,0,4
2025-3007,Nottingham 3,Grass,32,C,O,20250707,12,S0TX,,,Henry Searle,L,193,GBR,19.274,421,106,B0D6,,,Taha Baadi,R,183,MAR,23.967,764,32,6-2 6-2,3,R32,53,10,0,42,33,28,5,8,1,1,1,3,52,35,22,3,8,5,9
2025-3007,Nottingham 3,Grass,32,C,O,20250707,13,S0EX,,,Hamish Stewart,R,193,GBR,25.938,545,67,S0Y7,,,Matthew Summers,L,180,GBR,26.782,804,27,7-6(2) 6-4,3,R32,93,9,4,63,40,34,14,11,0,0,2,2,79,58,34,15,11,6,7
2025-3007,Nottingham 3,Grass,32,C,O,20250707,14,T0B0,,,Connor Thomson,R,185,GBR,24.471,1764,1,S0H9,,,James Story,R,185,GBR,24.339,562,65,3-6 6-4 7-6(4),3,R32,160,9,3,121,74,54,21,16,10,13,9,3,105,58,40,25,15,5,7
2025-3007,Nottingham 3,Grass,32,C,O,20250707,15,W0AH,,,Harry Wendelken,R,178,GBR,23.551,494,81,B0NV,,,Patrick Brady,R,188,GBR,20.643,860,23,6-3 6-1,3,R32,82,1,2,47,27,18,17,8,1,1,2,3,50,34,20,6,8,2,6
2025-3007,Nottingham 3,Grass,32,C,O,20250707,16,Z09F,,,Patrick Zahraj,R,191,GER,25.974,280,198,N0BA,,,Axel Nefve,L,193,USA,24.958,946,17,6-4 6-4,3,R32,97,2,1,66,39,29,13,10,3,5,5,3,62,51,28,4,10,3,7
2025-3007,Nottingham 3,Grass,32,C,O,20250707,17,C0AK,3,,Oliver Crawford,R,180,GBR,26.188,248,229,I305,,,Ilya Ivashka,R,193,BLR,31.365,858,23,6-0 6-3,3,R16,71,6,1,39,27,24,8,8,0,0,2,1,57,38,22,5,7,8,12
2025-3007,Nottingham 3,Grass,32,C,O,20250707,18,PH78,4,,Ryan Peniston,L,180,GBR,29.656,263,213,S0TX,,,Henry Searle,L,193,GBR,19.274,421,106,4-6 6-1 6-2,3,R16,120,3,5,84,55,41,14,13,8,9,4,2,95,68,42,12,12,7,11
2025-3007,Nottingham 3,Grass,32,C,O,20250707,19,P0HT,5,,Jack Pinnington Jones,R,180,GBR,22.272,281,196,W0AH,,,Harry Wendelken,R,178,GBR,23.551,494,81,6-4 4-6 6-3,3,R16,144,7,9,103,59,39,22,15,6,10,8,3,92,53,38,14,14,6,11
2025-3007,Nottingham 3,Grass,32,C,O,20250707,20,S0EX,,,Hamish Stewart,R,193,GBR,25.938,545,67,L0CF,7,,George Loffhagen,R,188,GBR,24.216,293,185,6-3 6-4,3,R16,77,10,2,56,35,29,14,10,0,0,5,5,61,37,24,13,9,0,2
2025-3007,Nottingham 3,Grass,32,C,O,20250707,21,G0AO,8,,Alastair Gray,R,193,GBR,27.042,374,130,M0NJ,,,Lui Maxted,R,180,GBR,21.596,1500,3,W/O,3,R16,,,,,,,,,,,,,,,,,,,
2025-3007,Nottingham 3,Grass,32,C,O,20250707,22,E831,,,Kyle Edmund,R,188,GBR,30.494,471,89,BI23,,,Liam Broady,L,183,GBR,31.504,557,66,7-6(1) 6-2,3,R16,105,7,1,65,39,30,17,10,4,5,5,1,75,52,28,13,10,6,9
2025-3007,Nottingham 3,Grass,32,C,O,20250707,23,W0C4,,,Edward Winter,R,178,AUS,20.808,648,49,T0B0,,,Connor Thomson,R,185,GBR,24.471,1764,1,6-4 6-1,3,R16,83,2,3,54,38,29,6,9,3,4,5,2,62,39,21,10,8,7,11
2025-3007,Nottingham 3,Grass,32,C,O,20250707,24,Z09F,,,Patrick Zahraj,R,191,GER,25.974,280,198,D750,,,Kenny De Schepper,L,203,FRA,38.108,627,52,6-3 6-2,3,R16,70,10,2,48,32,29,8,9,0,0,5,3,49,36,24,4,8,3,6
2025-3007,Nottingham 3,Grass,32,C,O,20250707,25,C0AK,3,,Oliver Crawford,R,180,GBR,26.188,248,229,G0AO,8,,Alastair Gray,R,193,GBR,27.042,374,130,6-7(6) 7-6(5) 6-3,3,QF,168,7,1,103,72,54,20,17,1,3,14,6,108,70,50,21,16,4,7
2025-3007,Nottingham 3,Grass,32,C,O,20250707,26,S0EX,,,Hamish Stewart,R,193,GBR,25.938,545,67,PH78,4,,Ryan Peniston,L,180,GBR,29.656,263,213,3-6 7-6(5) 6-4,3,QF,150,10,6,97,54,45,19,15,4,7,2,7,97,63,45,19,16,3,6
2025-3007,Nottingham 3,Grass,32,C,O,20250707,27,P0HT,5,,Jack Pinnington Jones,R,180,GBR,22.272,281,196,W0C4,,,Edward Winter,R,178,AUS,20.808,648,49,6-7(6) 6-3 6-4,3,QF,153,6,6,100,60,48,22,16,4,5,9,8,99,54,43,21,15,5,8
2025-3007,Nottingham 3,Grass,32,C,O,20250707,28,E831,,,Kyle Edmund,R,188,GBR,30.494,471,89,Z09F,,,Patrick Zahraj,R,191,GER,25.974,280,198,7-6(4) 4-3 RET,3,QF,110,11,2,53,36,29,9,9,0,1,11,3,75,40,33,12,10,7,9
2025-3007,Nottingham 3,Grass,32,C,O,20250707,29,P0HT,5,,Jack Pinnington Jones,R,180,GBR,22.272,281,196,C0AK,3,,Oliver Crawford,R,180,GBR,26.188,248,229,6-4 6-4,3,SF,87,5,1,66,53,37,7,10,2,3,1,3,54,29,24,12,10,2,5
2025-3007,Nottingham 3,Grass,32,C,O,20250707,30,E831,,,Kyle Edmund,R,188,GBR,30.494,471,89,S0EX,,,Hamish Stewart,R,193,GBR,25.938,545,67,6-1 6-4,3,SF,66,5,1,42,32,28,8,9,0,0,2,4,60,38,23,10,8,3,6
2025-3007,Nottingham 3,Grass,32,C,O,20250707,31,P0HT,5,,Jack Pinnington Jones,R,180,GBR,22.272,281,196,E831,,,Kyle Edmund,R,188,GBR,30.494,471,89,6-4 7-6(1),3,F,99,2,3,84,58,40,15,11,5,6,5,1,57,34,25,13,11,0,2
2025-315,Newport,Grass,32,C,O,20250707,1,H09P,1,,Brandon Holt,R,185,USA,27.253,99,600,C0HT,,,Murphy Cassone,R,188,USA,22.891,190,294,7-6(3) 7-6(1),3,R32,125,5,3,90,60,41,12,12,5,10,6,7,88,46,29,16,12,7,12
2025-315,Newport,Grass,32,C,O,20250707,2,M0RE,,,Patrick Maloney,R,193,USA,25.407,325,158,D994,2,,James Duckworth,R,183,AUS,33.459,103,566,6-2 7-6(5),3,R32,95,4,2,61,36,28,14,10,3,4,9,8,75,35,25,18,10,6,9
2025-315,Newport,Grass,32,C,O,20250707,3,S0N0,3,,Tristan Schoolkate,R,183,AUS,24.359,104,564,BI81,,,Alex Bolt,L,183,AUS,32.501,179,309,7-6(4) 7-6(2),3,R32,114,10,7,86,47,35,18,12,5,8,6,6,76,47,31,14,12,5,8
2025-315,Newport,Grass,32,C,O,20250707,4,ME82,4,,Adrian Mannarino,L,180,FRA,37.021,123,477,U134,,,Yasutaka Uchiyama,R,183,JPN,32.92,205,269,6-3 6-4,3,R32,87,9,1,54,31,29,13,10,1,1,6,2,55,31,21,13,9,1,3
2025-315,Newport,Grass,32,C,O,20250707,5,S0JA,5,,Eliot Spizzirri,R,185,USA,23.537,128,465,Z09K,,,Evan Zhu,R,185,USA,26.894,577,63,7-5 6-2,3,R32,77,10,1,55,41,30,5,10,1,3,2,3,58,33,16,10,10,1,6
2025-315,Newport,Grass,32,C,O,20250707,6,E865,6,,Christopher Eubanks,R,201,USA,29.172,130,454,M0RG,,,Daniel Milavsky,R,193,USA,23.817,585,60,4-6 6-4 6-3,3,R32,92,15,2,79,53,44,16,15,1,2,13,1,74,47,37,18,14,2,4
2025-315,Newport,Grass,32,C,O,20250707,7,KC12,7,,Mitchell Krueger,R,188,USA,31.483,164,344,KE64,,,Stefan Kozlov,R,183,USA,27.428,367,133,6-1 3-6 6-1,3,R32,130,4,1,75,45,32,16,12,3,4,0,1,71,50,29,10,11,5,9
2025-315,Newport,Grass,32,C,O,20250707,8,WB08,8,,Yosuke Watanuki,R,180,JPN,27.236,177,312,J553,,,Omar Jasika,L,183,AUS,28.137,202,271,6-4 6-4,3,R32,73,5,4,52,24,21,19,10,0,0,4,2,64,42,26,13,10,7,9
2025-315,Newport,Grass,32,C,O,20250707,9,G0IW,,,Antoine Ghibaudo,R,191,FRA,20.446,601,56,K0A3,,,Patrick Kypson,R,188,USA,25.692,240,238,7-6(1) 7-5,3,R32,133,4,4,84,50,34,18,12,6,9,7,2,82,53,39,8,12,7,11
2025-315,Newport,Grass,32,C,O,20250707,10,M0NB,,,Aidan Mayo,R,183,USA,22.149,299,172,M0C2,,,Dan Martin,R,175,CAN,26.163,563,65,7-5 4-6 6-3,3,R32,123,10,3,90,50,41,19,15,6,8,1,2,101,72,41,21,16,7,11
2025-315,Newport,Grass,32,C,O,20250707,11,M0OQ,,,James McCabe,R,188,AUS,22.007,181,308,A09P,,,Alafia Ayeni,R,191,USA,25.908,582,61,6-1 6-2,3,R32,67,6,3,49,29,24,11,8,4,4,6,2,42,29,18,4,7,4,8
2025-315,Newport,Grass,32,C,O,20250707,12,S0K7,,,Zachary Svajda,R,175,USA,22.604,229,246,V0DG,,,Quinn Vandecasteele,R,191,USA,22.847,735,36,6-2 6-3,3,R32,71,5,0,40,26,24,9,8,1,1,5,3,66,27,18,17,9,5,9
2025-315,Newport,Grass,32,C,O,20250707,13,TA46,,,Bernard Tomic,R,196,AUS,32.709,214,257,Z0BZ,,,Michael Zheng,R,188,USA,21.443,498,79,6-4 6-3,3,R32,58,8,2,62,41,29,13,10,4,5,6,2,43,26,18,9,9,0,3
2025-315,Newport,Grass,32,C,O,20250707,14,W0ED,,,James Watt,R,206,NZL,25.076,722,38,M0EG,,,Tristan McCormick,R,196,USA,26.267,612,55,7-6(5) 7-6(4),3,R32,109,12,2,73,43,36,22,12,1,2,4,3,83,56,40,17,12,4,5
2025-315,Newport,Grass,32,C,O,20250707,15,W0AX,,,Oscar Weightman,R,188,GBR,23.63,1024,13,P0C1,,,Karl Poling,L,185,USA,25.925,552,67,7-6(5) 3-6 7-6(3),3,R32,158,11,7,117,58,46,30,17,7,11,4,2,92,67,48,16,16,0,2
2025-315,Newport,Grass,32,C,O,20250707,16,Z0AK,,,Tyler Zink,R,185,USA,24.433,311,164,H0B7,,,Trey Hilderbrand,R,196,USA,25.144,711,40,4-6 6-4 6-3,3,R32,120,12,3,104,65,49,21,15,4,5,14,4,80,52,41,12,14,1,3
2025-315,Newport,Grass,32,C,O,20250707,17,S0K7,,,Zachary Svajda,R,175,USA,22.604,229,246,H09P,1,,Brandon Holt,R,185,USA,27.253,99,600,4-6 6-0 6-1,3,R16,75,10,1,55,31,27,19,12,0,1,2,4,66,43,25,7,11,5,10
2025-315,Newport,Grass,32,C,O,20250707,18,S0N0,3,,Tristan Schoolkate,R,183,AUS,24.359,104,564,M0OQ,,,James McCabe,R,188,AUS,22.007,181,308,6-7(5) 7-6(5) 4-0 RET,3,R16,164,17,4,89,58,51,17,14,6,7,8,4,100,59,44,21,14,5,8
2025-315,Newport,Grass,32,C,O,20250707,19,ME82,4,,Adrian Mannarino,L,180,FRA,37.021,123,477,Z0AK,,,Tyler Zink,R,185,USA,24.433,311,164,6-3 7-5,3,R16,85,2,2,63,34,24,15,10,2,4,3,1,55,33,23,7,11,1,6
2025-315,Newport,Grass,32,C,O,20250707,20,S0JA,5,,Eliot Spizzirri,R,185,USA,23.537,128,465,M0NB,,,Aidan Mayo,R,183,USA,22.149,299,172,6-4 6-4,3,R16,80,8,0,51,32,28,12,10,0,0,2,0,56,33,23,14,10,1,3
2025-315,Newport,Grass,32,C,O,20250707,21,TA46,,,Bernard Tomic,R,196,AUS,32.709,214,257,E865,6,,Christopher Eubanks,R,201,USA,29.172,130,454,6-3 6-4,3,R16,59,4,1,51,38,30,7,10,1,2,11,4,56,34,27,7,9,1,4
2025-315,Newport,Grass,32,C,O,20250707,22,G0IW,,,Antoine Ghibaudo,R,191,FRA,20.446,601,56,KC12,7,,Mitchell Krueger,R,188,USA,31.483,164,344,6-4 5-7 6-3,3,R16,158,8,6,107,66,50,17,16,2,6,4,4,92,59,37,15,15,5,10
2025-315,Newport,Grass,32,C,O,20250707,23,WB08,8,,Yosuke Watanuki,R,180,JPN,27.236,177,312,W0AX,,,Oscar Weightman,R,188,GBR,23.63,1024,13,6-2 6-3,3,R16,69,11,6,47,22,18,17,9,0,1,3,2,46,25,14,7,8,1,5
2025-315,Newport,Grass,32,C,O,20250707,24,W0ED,,,James Watt,R,206,NZL,25.076,722,38,M0RE,,,Patrick Maloney,R,193,USA,25.407,325,158,6-3 6-3,3,R16,71,10,4,51,36,28,6,9,0,1,2,2,56,43,22,6,9,7,11
2025-315,Newport,Grass,32,C,O,20250707,25,S0JA,5,,Eliot Spizzirri,R,185,USA,23.537,128,465,S0N0,3,,Tristan Schoolkate,R,183,AUS,24.359,104,564,4-6 6-4 6-4,3,QF,138,7,5,90,53,40,19,15,6,9,10,15,99,55,42,16,15,9,13
2025-315,Newport,Grass,32,C,O,20250707,26,ME82,4,,Adrian Mannarino,L,180,FRA,37.021,123,477,TA46,,,Bernard Tomic,R,196,AUS,32.709,214,257,4-6 6-2 6-1,3,QF,99,10,3,72,49,39,9,13,2,4,5,1,70,32,21,17,12,4,9
2025-315,Newport,Grass,32,C,O,20250707,27,S0K7,,,Zachary Svajda,R,175,USA,22.604,229,246,WB08,8,,Yosuke Watanuki,R,180,JPN,27.236,177,312,7-5 6-4,3,QF,96,7,2,71,32,21,21,11,1,4,1,7,73,28,17,19,11,6,11
2025-315,Newport,Grass,32,C,O,20250707,28,G0IW,,,Antoine Ghibaudo,R,191,FRA,20.446,601,56,W0ED,,,James Watt,R,206,NZL,25.076,722,38,6-3 6-1,3,QF,55,3,3,45,32,27,8,8,1,1,5,2,43,26,18,4,8,1,5
2025-315,Newport,Grass,32,C,O,20250707,29,ME82,4,,Adrian Mannarino,L,180,FRA,37.021,123,477,G0IW,,,Antoine Ghibaudo,R,191,FRA,20.446,601,56,6-2 7-5,3,SF,93,1,3,58,32,19,14,10,3,7,2,6,56,31,18,6,10,1,8
2025-315,Newport,Grass,32,C,O,20250707,30,S0K7,,,Zachary Svajda,R,175,USA,22.604,229,246,S0JA,5,,Eliot Spizzirri,R,185,USA,23.537,128,465,6-3 6-4,3,SF,90,6,1,67,36,30,17,10,5,5,7,2,71,59,38,4,9,7,9
2025-315,Newport,Grass,32,C,O,20250707,31,S0K7,,,Zachary Svajda,R,175,USA,22.604,229,246,ME82,4,,Adrian Mannarino,L,180,FRA,37.021,123,477,7-5 6-3,3,F,89,5,1,65,32,21,23,11,2,4,1,1,56,33,21,9,10,0,4
2025-526,Braunschweig,Clay,32,C,O,20250707,1,P0AY,,,Luka Pavlovic,R,196,FRA,25.27,241,237,EA24,1,,Tomas Martin Etcheverry,R,196,ARG,25.971,53,1025,6-4 6-4,3,R32,103,11,7,91,41,35,20,10,14,15,5,2,60,38,24,14,10,4,7
2025-526,Braunschweig,Clay,32,C,O,20250707,2,CF59,2,,Roberto Carballes Baena,R,183,ESP,32.29,74,849,B0GY,,,Alex Barrena,R,175,ARG,22.741,260,214,7-6(4) 7-6(6),3,R32,142,2,0,85,62,44,11,12,4,7,1,4,85,42,30,20,12,6,9
2025-526,Braunschweig,Clay,32,C,O,20250707,3,C0JP,3,,Raphael Collignon,R,191,BEL,23.48,85,705,GB93,,,Norbert Gombos,R,193,SVK,34.899,328,156,7-5 6-2,3,R32,90,4,4,59,37,28,12,10,3,4,0,1,64,35,22,12,10,7,11
2025-526,Braunschweig,Clay,32,C,O,20250707,4,N0BS,4,,Mariano Navone,R,178,ARG,24.356,91,670,B0ID,,,Ignacio Buse,R,183,PER,21.284,152,383,7-5 6-2,3,R32,104,0,1,59,36,27,12,10,3,5,2,0,69,44,25,11,10,7,12
2025-526,Braunschweig,Clay,32,C,O,20250707,5,V812,5,,Botic van de Zandschulp,R,191,NED,29.758,92,670,CH12,,,Jan Choinski,R,196,GBR,29.073,200,277,6-1 6-0,3,R32,61,4,2,44,25,22,9,7,0,0,0,3,38,24,10,3,6,5,10
2025-526,Braunschweig,Clay,32,C,O,20250707,6,M0JZ,6,,Filip Misolic,R,180,AUT,23.912,111,518,PH64,,,Andrea Pellegrino,R,185,ITA,28.29,139,437,6-4 6-1,3,R32,73,4,1,61,37,25,12,9,2,4,0,2,48,26,15,7,8,3,8
2025-526,Braunschweig,Clay,32,C,O,20250707,7,C0C8,7,,Juan Manuel Cerundolo,L,183,ARG,23.641,112,514,A0BA,,,Federico Arnaboldi,R,185,ITA,25.051,187,295,6-3 6-3,3,R32,89,5,0,62,44,32,10,9,5,5,1,1,53,38,22,8,9,1,4
2025-526,Braunschweig,Clay,32,C,O,20250707,8,P0CT,8,,Francesco Passaro,R,180,ITA,24.496,131,453,V0DZ,,,Luca Van Assche,R,178,FRA,21.155,180,309,7-6(2) 6-7(4) 7-6(2),3,R32,185,11,3,125,74,57,24,18,3,7,4,15,132,75,49,34,18,7,11
2025-526,Braunschweig,Clay,32,C,O,20250707,9,D0LJ,,,Diego Dedura,L,180,GER,17.32,354,140,Y218,,,Elias Ymer,R,185,SWE,29.24,221,251,6-3 6-3,3,R32,94,1,1,67,43,30,11,9,4,5,1,4,68,44,27,9,9,2,6
2025-526,Braunschweig,Clay,32,C,O,20250707,10,F840,,,Nerman Fatic,R,191,BIH,30.702,239,239,B0FV,,,Roman Andres Burruchaga,R,183,ARG,23.452,132,453,4-6 6-3 7-5,3,R32,167,4,2,104,67,49,14,16,8,12,1,2,103,64,39,19,15,4,9
2025-526,Braunschweig,Clay,32,C,O,20250707,11,G0IB,,,Tom Gentzsch,R,191,GER,21.837,402,116,M0AC,,,Rudolf Molleker,R,188,GER,24.695,347,143,6-7(3) 6-2 6-2,3,R32,137,13,3,92,61,43,18,14,1,2,9,6,102,60,39,19,14,4,9
2025-526,Braunschweig,Clay,32,C,O,20250707,12,H997,,,Yannick Hanfmann,R,193,GER,33.648,135,440,T09X,,,Clement Tabur,R,173,FRA,25.451,215,254,6-3 6-4,3,R32,104,2,1,75,38,22,24,10,9,10,1,0,66,37,21,16,9,8,11
2025-526,Braunschweig,Clay,32,C,O,20250707,13,H0CX,,,Max Houkes,L,188,NED,25.01,245,231,P0O9,,,Mika Petkovic,R,180,GER,18.522,1097,11,6-3 6-4,3,R32,86,5,6,79,52,39,13,10,9,9,2,3,53,32,23,12,9,2,4
2025-526,Braunschweig,Clay,32,C,O,20250707,14,J476,,,David Jorda Sanchis,R,198,ESP,31.064,513,76,E0DD,,,Justin Engel,R,185,GER,17.766,219,253,6-2 7-6(7),3,R32,93,3,2,69,44,35,14,10,2,2,3,1,57,35,28,13,10,1,3
2025-526,Braunschweig,Clay,32,C,O,20250707,15,MV14,,,Alex Molcan,L,178,SVK,27.598,480,84,P0EA,,,Saba Purtseladze,R,191,GEO,23.88,249,229,6-4 6-3,3,R32,85,3,1,66,39,30,11,10,3,4,11,2,62,29,20,14,9,3,6
2025-526,Braunschweig,Clay,32,C,O,20250707,16,N731,,,Christoph Negritu,R,193,GER,31.296,282,196,MJ08,,,Thiago Monteiro,L,183,BRA,31.102,142,420,6-4 6-2,3,R32,74,7,0,46,26,24,12,9,0,0,0,0,52,39,25,6,9,1,4
2025-526,Braunschweig,Clay,32,C,O,20250707,17,CF59,2,,Roberto Carballes Baena,R,183,ESP,32.29,74,849,N731,,,Christoph Negritu,R,193,GER,31.296,282,196,1-6 6-3 6-2,3,R16,116,3,0,68,53,39,9,12,3,5,7,5,84,46,35,15,12,3,6
2025-526,Braunschweig,Clay,32,C,O,20250707,18,C0JP,3,,Raphael Collignon,R,191,BEL,23.48,85,705,H0CX,,,Max Houkes,L,188,NED,25.01,245,231,4-6 6-4 6-1,3,R16,112,4,3,73,47,37,15,14,1,3,0,1,69,47,35,9,13,2,6
2025-526,Braunschweig,Clay,32,C,O,20250707,19,N0BS,4,,Mariano Navone,R,178,ARG,24.356,91,670,D0LJ,,,Diego Dedura,L,180,GER,17.32,354,140,6-1 6-2,3,R16,68,0,1,44,32,22,8,7,2,3,0,4,54,34,16,6,8,4,10
2025-526,Braunschweig,Clay,32,C,O,20250707,20,V812,5,,Botic van de Zandschulp,R,191,NED,29.758,92,670,J476,,,David Jorda Sanchis,R,198,ESP,31.064,513,76,6-1 6-1,3,R16,73,0,4,47,25,18,11,7,1,2,0,5,52,28,13,6,7,5,11
2025-526,Braunschweig,Clay,32,C,O,20250707,21,M0JZ,6,,Filip Misolic,R,180,AUT,23.912,111,518,G0IB,,,Tom Gentzsch,R,191,GER,21.837,402,116,7-6(3) 6-3,3,R16,91,1,2,73,53,44,9,11,3,3,10,3,65,45,35,7,10,1,2
2025-526,Braunschweig,Clay,32,C,O,20250707,22,C0C8,7,,Juan Manuel Cerundolo,L,183,ARG,23.641,112,514,F840,,,Nerman Fatic,R,191,BIH,30.702,239,239,6-3 6-4,3,R16,83,2,1,65,43,31,12,10,2,3,1,2,52,36,20,11,9,0,3
2025-526,Braunschweig,Clay,32,C,O,20250707,23,MV14,,,Alex Molcan,L,178,SVK,27.598,480,84,P0CT,8,,Francesco Passaro,R,180,ITA,24.496,131,453,6-3 6-3,3,R16,66,3,1,57,38,30,9,9,4,5,3,0,55,29,18,10,9,2,6
2025-526,Braunschweig,Clay,32,C,O,20250707,24,H997,,,Yannick Hanfmann,R,193,GER,33.648,135,440,P0AY,,,Luka Pavlovic,R,196,FRA,25.27,241,237,7-6(2) 6-4,3,R16,118,2,1,66,42,30,16,11,4,5,7,3,95,44,36,18,11,7,9
2025-526,Braunschweig,Clay,32,C,O,20250707,25,MV14,,,Alex Molcan,L,178,SVK,27.598,480,84,CF59,2,,Roberto Carballes Baena,R,183,ESP,32.29,74,849,6-3 1-0 RET,3,QF,63,2,1,27,19,16,2,5,2,3,1,0,49,31,17,6,5,7,10
2025-526,Braunschweig,Clay,32,C,O,20250707,26,C0C8,7,,Juan Manuel Cerundolo,L,183,ARG,23.641,112,514,C0JP,3,,Raphael Collignon,R,191,BEL,23.48,85,705,4-6 6-3 6-4,3,QF,154,4,0,80,50,36,16,15,0,4,1,5,99,55,35,19,14,7,12
2025-526,Braunschweig,Clay,32,C,O,20250707,27,N0BS,4,,Mariano Navone,R,178,ARG,24.356,91,670,V812,5,,Botic van de Zandschulp,R,191,NED,29.758,92,670,6-3 7-5,3,QF,108,1,3,76,49,31,11,11,6,10,1,2,55,31,15,11,10,2,8
2025-526,Braunschweig,Clay,32,C,O,20250707,28,M0JZ,6,,Filip Misolic,R,180,AUT,23.912,111,518,H997,,,Yannick Hanfmann,R,193,GER,33.648,135,440,7-6(3) 7-5,3,QF,120,1,2,88,49,31,24,12,5,7,2,3,88,61,41,10,12,5,8
2025-526,Braunschweig,Clay,32,C,O,20250707,29,N0BS,4,,Mariano Navone,R,178,ARG,24.356,91,670,M0JZ,6,,Filip Misolic,R,180,AUT,23.912,111,518,5-7 6-4 6-3,3,SF,154,1,1,75,43,30,19,15,1,6,1,0,117,73,40,22,16,16,23
2025-526,Braunschweig,Clay,32,C,O,20250707,30,C0C8,7,,Juan Manuel Cerundolo,L,183,ARG,23.641,112,514,MV14,,,Alex Molcan,L,178,SVK,27.598,480,84,1-6 6-4 6-2,3,SF,109,5,1,66,43,29,11,13,0,4,1,3,72,51,31,11,12,6,10
2025-526,Braunschweig,Clay,32,C,O,20250707,31,N0BS,4,,Mariano Navone,R,178,ARG,24.356,91,670,C0C8,7,,Juan Manuel Cerundolo,L,183,ARG,23.641,112,514,6-3 7-5,3,F,94,1,1,65,50,33,8,11,0,3,0,0,50,28,14,11,10,2,7
2025-7542,Winnipeg,Hard,32,C,O,20250707,1,B0PG,1,,Alexander Blockx,R,193,BEL,20.246,141,423,T0IZ,,,Alvin Nicholas Tudorica,L,178,CAN,23.395,435,101,7-5 6-2,3,R32,76,1,5,70,43,33,14,10,5,6,0,3,53,32,17,12,10,1,5
2025-7542,Winnipeg,Hard,32,C,O,20250707,2,D0DP,2,,Liam Draxl,R,185,CAN,23.587,147,403,MI01,,,Hiroki Moriya,R,168,JPN,34.724,398,118,6-3 6-1,3,R32,67,1,1,41,29,22,10,8,0,0,0,2,52,36,21,6,8,4,8
2025-7542,Winnipeg,Hard,32,C,O,20250707,3,SY67,3,,Sho Shimabukuro,R,180,JPN,27.937,186,295,LI10,,,Christian Langmo,R,191,USA,29.098,341,145,6-2 6-4,3,R32,61,6,3,51,33,25,9,9,0,1,0,3,48,35,22,6,9,1,5
2025-7542,Winnipeg,Hard,32,C,O,20250707,4,M0NP,,,Andres Martin,R,183,USA,24,353,140,GK06,,,Alexis Galarneau,R,180,CAN,26.349,207,265,6-2 6-4,3,R32,80,3,3,62,37,28,12,9,4,5,1,2,52,32,21,6,9,4,8
2025-7542,Winnipeg,Hard,32,C,O,20250707,5,S0AQ,5,,Yuta Shimizu,L,163,JPN,26.078,218,253,SM88,,,Karue Sell,R,183,BRA,31.647,289,191,2-6 7-6(6) 7-6(4),3,R32,158,3,4,110,75,51,16,16,3,9,3,6,118,84,59,14,16,5,9
2025-7542,Winnipeg,Hard,32,C,O,20250707,6,N09U,6,,Rio Noguchi,R,168,JPN,26.524,222,251,I0B0,,,Andre Ilagan,L,173,USA,24.638,371,132,6-3 3-6 6-1,3,R32,110,2,0,85,64,39,9,13,4,8,4,3,79,53,32,10,12,5,11
2025-7542,Winnipeg,Hard,32,C,O,20250707,7,H09F,7,,Yu Hsiou Hsu,R,178,TPE,26.264,242,235,B0F8,,,Justin Boulais,L,183,CAN,23.713,685,44,6-0 7-5,3,R32,96,1,6,71,44,30,12,9,8,10,3,5,62,35,19,8,9,6,12
2025-7542,Winnipeg,Hard,32,C,O,20250707,8,AG08,,,Andres Andrade,R,180,ECU,26.563,262,213,M0AW,8,,Nicolas Mejia,R,183,COL,25.402,243,234,1-6 7-5 7-5,3,R32,178,5,4,94,50,33,21,15,4,9,9,3,103,70,47,11,16,4,9
2025-7542,Winnipeg,Hard,32,C,O,20250707,9,A0K3,,,Nicolas Arseneault,L,183,CAN,18.467,714,40,A09W,,,Juan Carlos Aguilar,R,170,CAN,26.628,409,113,6-3 4-6 7-6(8),3,R32,146,2,9,105,63,38,22,16,4,10,2,6,97,72,39,14,15,4,10
2025-7542,Winnipeg,Hard,32,C,O,20250707,10,B0EK,,,Moerani Bouzige,R,180,AUS,25.985,348,143,G09C,,,Marek Gengel,R,185,CZE,29.804,255,222,6-4 7-5,3,R32,79,5,5,56,32,19,13,11,0,4,0,1,54,33,21,7,11,0,6
2025-7542,Winnipeg,Hard,32,C,O,20250707,11,I426,,,Masamichi Imamura,R,178,JPN,26.62,370,132,G0BY,,,Daniil Glinka,L,188,EST,25.153,408,114,6-3 6-2,3,R32,72,2,4,55,36,28,10,9,3,4,1,1,43,27,15,8,8,1,5
2025-7542,Winnipeg,Hard,32,C,O,20250707,12,J0B5,,,Garrett Johns,R,180,USA,24.553,360,138,CH27,,,Hyeon Chung,R,188,KOR,29.133,381,126,6-3 2-6 7-6(4),3,R32,161,5,2,95,62,42,16,14,4,8,1,7,86,50,36,19,15,2,6
2025-7542,Winnipeg,Hard,32,C,O,20250707,13,J0A4,,,Paul Jubb,R,180,GBR,25.684,422,105,R0FS,,,Leandro Riedi,R,191,SUI,23.441,503,77,6-2 5-7 6-4,3,R32,115,2,8,92,54,42,18,15,8,10,9,6,89,56,40,14,15,2,6
2025-7542,Winnipeg,Hard,32,C,O,20250707,14,M0RX,,,Kenta Miyoshi,R,185,JPN,21.309,565,64,S0TI,,,Philip Sekulic,R,191,AUS,21.837,477,86,6-4 7-5,3,R32,103,4,1,63,35,28,16,11,3,4,0,3,67,39,27,15,11,4,7
2025-7542,Winnipeg,Hard,32,C,O,20250707,15,S0UV,,,Rei Sakamoto,R,193,JPN,19.036,291,187,N707,,,Naoki Nakagawa,R,180,JPN,28.63,336,148,7-6(4) 2-6 6-3,3,R32,164,6,6,104,71,50,14,15,3,7,5,7,106,67,45,17,14,14,17
2025-7542,Winnipeg,Hard,32,C,O,20250707,16,Z0CQ,,,Yi Zhou,R,193,CHN,20.315,321,159,W857,,,Tung-Lin Wu,R,188,TPE,27.154,278,201,3-6 7-6(2) 6-4,3,R32,144,7,1,95,53,37,26,15,3,6,5,6,105,64,45,20,16,5,8
2025-7542,Winnipeg,Hard,32,C,O,20250707,17,B0PG,1,,Alexander Blockx,R,193,BEL,20.246,141,423,S0UV,,,Rei Sakamoto,R,193,JPN,19.036,291,187,6-2 7-5,3,R16,93,8,3,71,36,25,22,10,5,6,1,3,61,36,22,13,10,2,6
2025-7542,Winnipeg,Hard,32,C,O,20250707,18,D0DP,2,,Liam Draxl,R,185,CAN,23.587,147,403,M0RX,,,Kenta Miyoshi,R,185,JPN,21.309,565,64,6-1 5-7 6-2,3,R16,161,3,6,87,56,37,12,13,3,8,5,6,91,51,27,16,14,3,12
2025-7542,Winnipeg,Hard,32,C,O,20250707,19,SY67,3,,Sho Shimabukuro,R,180,JPN,27.937,186,295,J0B5,,,Garrett Johns,R,180,USA,24.553,360,138,6-3 7-6(3),3,R16,109,5,4,70,38,30,17,11,1,2,3,2,68,36,22,18,10,1,3
2025-7542,Winnipeg,Hard,32,C,O,20250707,20,S0AQ,5,,Yuta Shimizu,L,163,JPN,26.078,218,253,B0EK,,,Moerani Bouzige,R,180,AUS,25.985,348,143,6-4 6-3,3,R16,74,4,3,51,32,26,10,9,1,2,6,1,59,31,18,13,10,1,5
2025-7542,Winnipeg,Hard,32,C,O,20250707,21,N09U,6,,Rio Noguchi,R,168,JPN,26.524,222,251,A0K3,,,Nicolas Arseneault,L,183,CAN,18.467,714,40,7-5 6-2,3,R16,95,1,2,65,46,31,10,10,4,6,1,2,74,38,22,16,10,7,12
2025-7542,Winnipeg,Hard,32,C,O,20250707,22,H09F,7,,Yu Hsiou Hsu,R,178,TPE,26.264,242,235,J0A4,,,Paul Jubb,R,180,GBR,25.684,422,105,6-1 7-6(5),3,R16,107,4,2,74,51,36,10,10,5,7,2,3,81,56,29,14,9,8,12
2025-7542,Winnipeg,Hard,32,C,O,20250707,23,AG08,,,Andres Andrade,R,180,ECU,26.563,262,213,I426,,,Masamichi Imamura,R,178,JPN,26.62,370,132,6-3 6-1,3,R16,73,3,1,52,41,25,6,8,3,5,1,3,64,34,18,10,8,9,15
2025-7542,Winnipeg,Hard,32,C,O,20250707,24,Z0CQ,,,Yi Zhou,R,193,CHN,20.315,321,159,M0NP,,,Andres Martin,R,183,USA,24,353,140,6-4 6-3,3,R16,80,7,2,61,46,35,10,10,1,1,1,0,51,37,23,9,9,0,2
2025-7542,Winnipeg,Hard,32,C,O,20250707,25,B0PG,1,,Alexander Blockx,R,193,BEL,20.246,141,423,S0AQ,5,,Yuta Shimizu,L,163,JPN,26.078,218,253,6-2 6-4,3,QF,80,2,2,61,41,28,7,9,7,10,0,1,54,32,15,9,9,2,8
2025-7542,Winnipeg,Hard,32,C,O,20250707,26,D0DP,2,,Liam Draxl,R,185,CAN,23.587,147,403,N09U,6,,Rio Noguchi,R,168,JPN,26.524,222,251,6-1 6-2,3,QF,65,4,1,36,21,18,10,8,0,1,3,3,55,31,15,9,7,6,11
2025-7542,Winnipeg,Hard,32,C,O,20250707,27,SY67,3,,Sho Shimabukuro,R,180,JPN,27.937,186,295,H09F,7,,Yu Hsiou Hsu,R,178,TPE,26.264,242,235,7-6(3) 2-6 6-3,3,QF,159,7,2,110,71,46,22,15,7,10,3,2,118,71,43,26,14,12,14
2025-7542,Winnipeg,Hard,32,C,O,20250707,28,Z0CQ,,,Yi Zhou,R,193,CHN,20.315,321,159,AG08,,,Andres Andrade,R,180,ECU,26.563,262,213,6-3 6-1,3,QF,67,3,0,38,21,16,16,8,0,0,3,2,60,38,22,9,8,2,6
2025-7542,Winnipeg,Hard,32,C,O,20250707,29,B0PG,1,,Alexander Blockx,R,193,BEL,20.246,141,423,SY67,3,,Sho Shimabukuro,R,180,JPN,27.937,186,295,6-1 3-6 7-5,3,SF,105,7,2,73,47,36,18,14,0,2,5,2,92,56,38,19,14,6,10
2025-7542,Winnipeg,Hard,32,C,O,20250707,30,D0DP,2,,Liam Draxl,R,185,CAN,23.587,147,403,Z0CQ,,,Yi Zhou,R,193,CHN,20.315,321,159,6-2 6-4,3,SF,88,5,2,49,34,29,10,9,0,0,5,5,75,48,28,14,9,9,12
2025-7542,Winnipeg,Hard,32,C,O,20250707,31,D0DP,2,,Liam Draxl,R,185,CAN,23.587,147,403,B0PG,1,,Alexander Blockx,R,193,BEL,20.246,141,423,1-6 6-3 6-4,3,F,118,1,3,79,58,38,10,13,6,9,4,0,76,47,26,20,13,0,3
2025-8394,Iasi,Clay,32,C,O,20250707,1,DA31,1,,Hugo Dellien,R,180,BOL,32.057,79,751,P0DF,,,Matheus Pucinelli De Almeida,R,183,BRA,24.266,287,192,6-3 3-6 6-4,3,R32,151,3,2,97,66,49,14,14,3,5,9,2,113,72,44,21,14,7,10
2025-8394,Iasi,Clay,32,C,O,20250707,2,A829,,,Radu Albot,R,175,MDA,35.652,298,172,G09O,2,,Hugo Gaston,L,173,FRA,24.778,86,693,1-6 6-3 7-5,3,R32,158,1,9,94,56,37,17,14,5,10,4,4,115,58,37,23,14,11,16
2025-8394,Iasi,Clay,32,C,O,20250707,3,TE16,3,,Carlos Taberner,R,183,ESP,27.912,102,576,HG94,,,Benjamin Hassan,R,183,LBN,30.42,193,284,4-6 6-3 6-3,3,R32,142,2,5,89,48,38,20,14,9,12,6,4,98,54,38,18,14,9,14
2025-8394,Iasi,Clay,32,C,O,20250707,4,M0K4,4,,Elmer Moller,R,183,DEN,21.996,117,499,R0FP,,,Daniel Rincon,L,185,ESP,22.497,203,271,4-6 6-1 6-1,3,R32,94,1,2,71,43,32,17,12,1,2,3,3,64,42,26,8,12,7,12
2025-8394,Iasi,Clay,32,C,O,20250707,5,MW75,5,,Felipe Meligeni Alves,R,185,BRA,27.379,145,406,V0DP,,,Adolfo Daniel Vallejo,R,183,PAR,21.191,232,243,7-6(10) 6-3,3,R32,121,1,3,75,48,41,15,11,3,4,10,1,81,52,37,14,10,5,7
2025-8394,Iasi,Clay,32,C,O,20250707,6,W367,,,Stan Wawrinka,R,183,SUI,40.277,153,382,B0MM,,,Edas Butvilas,R,191,LTU,20.956,252,225,6-4 6-3,3,R32,85,1,2,74,47,34,14,10,1,2,5,2,51,32,28,4,9,3,6
2025-8394,Iasi,Clay,32,C,O,20250707,7,J09X,,,Filip Cristian Jianu,R,180,ROU,23.8,274,204,HB48,7,,Calvin Hemery,R,191,FRA,30.439,178,310,5-1 RET,3,R32,,,,,,,,,,,,,,,,,,,
2025-8394,Iasi,Clay,32,C,O,20250707,8,A0CJ,8,,Duje Ajdukovic,R,188,CRO,24.416,183,307,M0G4,,,Harold Mayot,R,180,FRA,23.42,184,304,4-6 7-6(5) 6-2,3,R32,153,8,5,105,66,47,22,15,8,10,10,4,99,59,44,19,15,9,12
2025-8394,Iasi,Clay,32,C,O,20250707,9,DC48,,,Murkel Dellien,R,193,BOL,27.806,223,250,G0EQ,,,Sebastian Gima,L,0,ROU,23.14,658,48,7-6(3) 6-3,3,R32,145,3,2,89,61,44,10,11,4,6,0,4,85,54,34,12,10,6,9
2025-8394,Iasi,Clay,32,C,O,20250707,10,D0DW,,,Titouan Droguet,R,191,FRA,24.06,194,283,C0B2,,,Cezar Cretu,R,188,ROU,24.203,346,143,6-1 7-5,3,R32,82,2,6,59,37,29,11,10,2,3,0,2,47,27,20,5,9,2,6
2025-8394,Iasi,Clay,32,C,O,20250707,11,M0IF,,,Francesco Maestrelli,R,196,ITA,22.543,237,240,L0CX,,,Pablo Llamas Ruiz,R,188,ESP,22.732,573,63,3-6 6-1 6-4,3,R32,116,9,4,82,54,42,14,13,9,10,2,2,73,56,39,8,13,3,6
2025-8394,Iasi,Clay,32,C,O,20250707,12,P0ME,,,Luca Preda,R,201,ROU,19.302,861,23,T0FI,,,Marko Topo,R,185,GER,21.815,276,202,6-2 0-6 6-4,3,R32,123,3,3,81,53,35,11,12,9,14,6,9,88,56,37,9,12,8,13
2025-8394,Iasi,Clay,32,C,O,20250707,13,R0A7,,,Joao Lucas Reis Da Silva,R,178,BRA,25.281,250,226,CG33,,,Kimmer Coppejans,R,178,BEL,31.411,236,240,6-4 6-4,3,R32,93,2,0,70,53,38,9,10,2,2,6,2,64,42,31,11,10,8,10
2025-8394,Iasi,Clay,32,C,O,20250707,14,RB60,,,Oriol Roca Batalla,R,175,ESP,32.186,318,161,KC33,,,Dimitar Kuzmanov,R,183,BUL,31.943,226,248,7-6(4) 6-3,3,R32,116,9,1,80,45,38,19,11,5,5,3,0,65,49,36,9,10,1,2
2025-8394,Iasi,Clay,32,C,O,20250707,15,S0EK,,,Matias Soto,R,170,CHI,26.196,271,206,SN54,,,Frederico Ferreira Silva,L,178,POR,30.305,264,212,7-5 7-5,3,R32,155,7,5,79,51,36,15,12,2,4,4,0,83,53,30,17,12,6,10
2025-8394,Iasi,Clay,32,C,O,20250707,16,V0B2,,,Michael Vrbensky,R,,CZE,25.53,500,79,G0DH,,,Alvaro Guillen Meza,R,175,ECU,22.511,233,242,7-6(2) 3-0 RET,3,R32,86,1,0,51,35,27,9,8,2,3,0,2,46,37,21,4,7,1,3
2025-8394,Iasi,Clay,32,C,O,20250707,17,D0DW,,,Titouan Droguet,R,191,FRA,24.06,194,283,DA31,1,,Hugo Dellien,R,180,BOL,32.057,79,751,4-6 7-6(3) 6-3,3,R16,166,6,6,99,51,37,25,16,3,7,2,1,119,91,54,13,15,16,20
2025-8394,Iasi,Clay,32,C,O,20250707,18,DC48,,,Murkel Dellien,R,193,BOL,27.806,223,250,TE16,3,,Carlos Taberner,R,183,ESP,27.912,102,576,6-2 6-3,3,R16,105,3,0,49,29,20,12,8,2,4,0,4,72,41,20,13,9,12,18
2025-8394,Iasi,Clay,32,C,O,20250707,19,M0K4,4,,Elmer Moller,R,183,DEN,21.996,117,499,RB60,,,Oriol Roca Batalla,R,175,ESP,32.186,318,161,6-3 6-2,3,R16,83,2,2,68,43,29,13,9,3,4,2,2,53,31,17,9,8,6,10
2025-8394,Iasi,Clay,32,C,O,20250707,20,R0A7,,,Joao Lucas Reis Da Silva,R,178,BRA,25.281,250,226,MW75,5,,Felipe Meligeni Alves,R,185,BRA,27.379,145,406,7-6(3) RET,3,R16,73,5,1,45,32,22,9,6,4,5,1,1,45,30,19,8,6,2,3
2025-8394,Iasi,Clay,32,C,O,20250707,21,W367,,,Stan Wawrinka,R,183,SUI,40.277,153,382,V0B2,,,Michael Vrbensky,R,,CZE,25.53,500,79,6-4 6-3,3,R16,87,5,1,51,34,26,10,9,2,3,1,3,77,51,30,10,10,9,13
2025-8394,Iasi,Clay,32,C,O,20250707,22,A0CJ,8,,Duje Ajdukovic,R,188,CRO,24.416,183,307,P0ME,,,Luca Preda,R,201,ROU,19.302,861,23,4-6 7-5 6-4,3,R16,150,9,4,112,67,50,19,16,9,13,0,3,95,63,42,15,16,2,7
2025-8394,Iasi,Clay,32,C,O,20250707,23,A829,,,Radu Albot,R,175,MDA,35.652,298,172,S0EK,,,Matias Soto,R,170,CHI,26.196,271,206,6-4 6-3,3,R16,91,2,0,56,37,25,13,9,0,1,4,1,65,36,27,10,10,5,9
2025-8394,Iasi,Clay,32,C,O,20250707,24,M0IF,,,Francesco Maestrelli,R,196,ITA,22.543,237,240,J09X,,,Filip Cristian Jianu,R,180,ROU,23.8,274,204,6-4 3-6 6-0,3,R16,137,7,2,76,50,30,12,13,4,9,2,2,108,67,37,13,12,15,22
2025-8394,Iasi,Clay,32,C,O,20250707,25,M0K4,4,,Elmer Moller,R,183,DEN,21.996,117,499,M0IF,,,Francesco Maestrelli,R,196,ITA,22.543,237,240,2-6 6-2 6-3,3,QF,126,3,5,93,61,43,9,13,8,12,4,2,74,44,26,16,12,7,12
2025-8394,Iasi,Clay,32,C,O,20250707,26,W367,,,Stan Wawrinka,R,183,SUI,40.277,153,382,A829,,,Radu Albot,R,175,MDA,35.652,298,172,6-3 7-5,3,QF,90,9,0,60,40,31,10,11,2,4,0,2,65,45,26,10,10,5,9
2025-8394,Iasi,Clay,32,C,O,20250707,27,A0CJ,8,,Duje Ajdukovic,R,188,CRO,24.416,183,307,DC48,,,Murkel Dellien,R,193,BOL,27.806,223,250,6-4 1-6 6-1,3,QF,127,2,3,85,49,30,17,12,3,7,1,2,77,48,25,14,12,5,10
2025-8394,Iasi,Clay,32,C,O,20250707,28,D0DW,,,Titouan Droguet,R,191,FRA,24.06,194,283,R0A7,,,Joao Lucas Reis Da Silva,R,178,BRA,25.281,250,226,6-7(4) 6-2 6-1,3,QF,125,7,2,76,42,32,20,13,2,4,1,2,95,63,35,14,14,8,15
2025-8394,Iasi,Clay,32,C,O,20250707,29,M0K4,4,,Elmer Moller,R,183,DEN,21.996,117,499,W367,,,Stan Wawrinka,R,183,SUI,40.277,153,382,6-2 7-6(4),3,SF,107,3,3,75,42,28,17,10,7,10,3,1,69,32,21,14,10,2,7
2025-8394,Iasi,Clay,32,C,O,20250707,30,D0DW,,,Titouan Droguet,R,191,FRA,24.06,194,283,A0CJ,8,,Duje Ajdukovic,R,188,CRO,24.416,183,307,6-3 6-3,3,SF,74,1,2,58,41,32,10,9,2,2,3,1,54,34,25,8,9,5,8
2025-8394,Iasi,Clay,32,C,O,20250707,31,M0K4,4,,Elmer Moller,R,183,DEN,21.996,117,499,D0DW,,,Titouan Droguet,R,191,FRA,24.06,194,283,3-6 6-1 7-6(2),3,F,149,0,3,90,50,36,18,14,7,11,3,9,110,55,35,23,14,8,13
2025-9351,Trieste,Clay,32,C,O,20250707,1,N897,,,Sumit Nagal,R,178,IND,27.89,296,180,T0AP,1,,Chun-Hsin Tseng,R,175,TPE,23.912,96,643,6-1 2-6 7-6(5),3,R32,168,0,3,96,55,37,16,13,9,14,3,4,85,43,33,14,14,1,7
2025-9351,Trieste,Clay,32,C,O,20250707,2,BS86,2,,Tomas Barrios Vera,R,191,CHI,27.573,108,528,G0IX,,,Arthur Gea,R,180,FRA,20.509,290,190,6-4 6-7(2) 6-2,3,R32,174,3,2,111,70,45,19,15,11,15,1,2,93,61,31,19,15,1,8
2025-9351,Trieste,Clay,32,C,O,20250707,3,D0L3,,,Matej Dodig,R,188,CRO,19.967,368,133,S0GD,3,,Dalibor Svrcina,R,178,CZE,22.762,114,513,6-4 6-2,3,R32,97,2,0,63,37,21,17,9,6,8,0,4,61,36,23,7,9,5,10
2025-9351,Trieste,Clay,32,C,O,20250707,4,TA12,,,Stefano Travaglia,R,185,ITA,33.525,310,164,B0EJ,4,,Tristan Boyer,R,188,USA,24.211,120,486,7-6(5) 6-3,3,R32,131,0,4,81,45,30,19,11,6,8,0,2,71,37,22,18,10,7,10
2025-9351,Trieste,Clay,32,C,O,20250707,5,T0A1,5,,Thiago Agustin Tirante,R,185,ARG,24.241,121,486,R0GO,,,Henrique Rocha,R,180,POR,21.251,157,366,6-0 6-4,3,R32,73,2,2,48,28,18,11,8,2,4,1,8,52,27,12,8,8,3,9
2025-9351,Trieste,Clay,32,C,O,20250707,6,M0SE,,,Maxim Mrva,R,178,CZE,17.93,501,78,BG23,6,,Nikoloz Basilashvili,R,185,GEO,33.369,126,474,3-6 6-2 6-0,3,R32,81,4,1,61,35,23,16,11,1,4,0,5,72,33,14,19,12,3,10
2025-9351,Trieste,Clay,32,C,O,20250707,7,CC66,,,Andrea Collarini,L,183,ARG,33.432,225,249,G0GD,7,,Matteo Gigante,L,180,ITA,23.504,133,449,7-5 7-6(4),3,R32,130,1,4,77,44,32,15,12,4,8,2,6,85,42,26,18,12,6,11
2025-9351,Trieste,Clay,32,C,O,20250707,8,KI63,,,Lukas Klein,R,193,SVK,27.294,185,298,G0FW,8,,Vilius Gaubas,R,178,LTU,20.52,140,435,6-7(4) 6-2 6-4,3,R32,184,1,3,113,80,51,17,15,8,11,5,4,114,66,39,24,15,10,16
2025-9351,Trieste,Clay,32,C,O,20250707,9,BV16,,,Ugo Blanchet,R,175,FRA,26.502,173,317,J0AZ,,,Andrea Picchione,R,175,FRA,24.156,148,389,7-6(3) 6-2,3,R32,122,2,6,73,36,23,22,10,9,11,1,1,85,54,33,10,10,7,11
2025-9351,Trieste,Clay,32,C,O,20250707,10,CF01,,,Marco Cecchinato,R,185,ITA,32.767,300,171,MJ98,,,Facundo Mena,R,183,ARG,32.789,254,222,7-6(1) 6-0,3,R32,93,1,5,59,34,30,15,9,0,0,4,4,73,34,22,17,9,8,11
2025-9351,Trieste,Clay,32,C,O,20250707,11,C0NB,,,Federico Cina,R,185,ITA,18.272,279,198,FA43,,,Juan Pablo Ficovich,R,188,ARG,28.449,155,373,6-7(5) 7-5 6-3,3,R32,147,2,3,110,64,51,21,17,5,8,1,2,109,65,42,23,16,6,11
2025-9351,Trieste,Clay,32,C,O,20250707,12,D0CG,,,Facundo Diaz Acosta,L,183,ARG,24.559,199,277,J0AZ,,,Kyrian Jacquet,R,175,FRA,24.156,148,389,6-3 6-0,3,R32,74,4,4,51,25,21,14,8,3,4,4,4,47,20,12,8,7,5,10
2025-9351,Trieste,Clay,32,C,O,20250707,13,N0CS,,,Lukas Neumayer,R,183,AUT,22.834,169,338,GJ16,,,Federico Agustin Gomez,R,191,ARG,28.611,161,360,6-3 6-0,3,R32,72,2,2,46,23,18,14,7,0,0,1,2,54,29,16,9,8,3,8
2025-9351,Trieste,Clay,32,C,O,20250707,14,R09X,,,Jurij Rodionov,L,191,AUT,26.144,195,283,Z0A1,,,Giulio Zeppieri,L,183,ITA,23.581,351,140,2-6 6-4 RET,3,R32,82,1,4,62,33,21,14,9,3,7,0,1,55,35,20,12,9,3,6
2025-9351,Trieste,Clay,32,C,O,20250707,15,RH59,,,Santiago Rodriguez Taverna,R,191,ARG,25.977,191,288,M0E1,,,Daniel Michalski,R,180,POL,25.487,297,176,7-5 6-2,3,R32,88,3,3,66,37,23,15,10,1,4,0,4,61,26,14,13,10,2,8
2025-9351,Trieste,Clay,32,C,O,20250707,16,SS25,,,Vitaliy Sachko,R,188,UKR,27.981,210,262,K0EP,,,Jerome Kym,R,198,SUI,22.398,162,355,4-6 6-2 6-4,3,R32,137,6,10,93,44,34,18,14,8,13,3,4,88,50,29,18,14,5,12
2025-9351,Trieste,Clay,32,C,O,20250707,17,RH59,,,Santiago Rodriguez Taverna,R,191,ARG,25.977,191,288,BS86,2,,Tomas Barrios Vera,R,191,CHI,27.573,108,528,6-3 6-4,3,R16,,,,,,,,,,,,,,,,,,,
2025-9351,Trieste,Clay,32,C,O,20250707,18,T0A1,5,,Thiago Agustin Tirante,R,185,ARG,24.241,121,486,BV16,,,Ugo Blanchet,R,175,FRA,26.502,173,317,6-1 6-1,3,R16,,,,,,,,,,,,,,,,,,,
2025-9351,Trieste,Clay,32,C,O,20250707,19,D0CG,,,Facundo Diaz Acosta,L,183,ARG,24.559,199,277,KI63,,,Lukas Klein,R,193,SVK,27.294,185,298,7-6(7) 6-2,3,R16,145,6,3,94,57,40,17,10,7,8,1,2,86,56,35,14,10,5,8
2025-9351,Trieste,Clay,32,C,O,20250707,20,D0L3,,,Matej Dodig,R,188,CRO,19.967,368,133,R09X,,,Jurij Rodionov,L,191,AUT,26.144,195,283,6-4 6-3,3,R16,92,0,4,63,38,27,14,10,2,3,1,1,59,34,21,13,9,6,9
2025-9351,Trieste,Clay,32,C,O,20250707,21,M0SE,,,Maxim Mrva,R,178,CZE,17.93,501,78,C0NB,,,Federico Cina,R,185,ITA,18.272,279,198,6-4 7-5,3,R16,99,3,5,82,36,29,25,11,6,7,1,2,76,40,24,20,11,6,9
2025-9351,Trieste,Clay,32,C,O,20250707,22,N897,,,Sumit Nagal,R,178,IND,27.89,296,180,CF01,,,Marco Cecchinato,R,185,ITA,32.767,300,171,6-2 6-4,3,R16,87,0,1,55,42,31,9,9,2,2,1,4,63,34,21,15,9,4,7
2025-9351,Trieste,Clay,32,C,O,20250707,23,N0CS,,,Lukas Neumayer,R,183,AUT,22.834,169,338,CC66,,,Andrea Collarini,L,183,ARG,33.432,225,249,6-4 5-7 6-4,3,R16,178,7,2,109,64,45,20,16,5,10,3,6,107,64,41,18,16,7,13
2025-9351,Trieste,Clay,32,C,O,20250707,24,TA12,,,Stefano Travaglia,R,185,ITA,33.525,310,164,SS25,,,Vitaliy Sachko,R,188,UKR,27.981,210,262,3-6 7-6(4) 6-2,3,R16,143,1,3,99,55,38,22,15,2,6,0,4,81,45,29,19,14,2,6
2025-9351,Trieste,Clay,32,C,O,20250707,25,T0A1,5,,Thiago Agustin Tirante,R,185,ARG,24.241,121,486,RH59,,,Santiago Rodriguez Taverna,R,191,ARG,25.977,191,288,6-2 6-2,3,QF,82,5,2,50,31,26,10,8,3,3,1,2,41,28,11,9,8,1,5
2025-9351,Trieste,Clay,32,C,O,20250707,26,D0CG,,,Facundo Diaz Acosta,L,183,ARG,24.559,199,277,TA12,,,Stefano Travaglia,R,185,ITA,33.525,310,164,6-1 6-2,3,QF,70,5,0,38,27,22,11,8,2,2,0,2,53,39,21,5,7,8,12
2025-9351,Trieste,Clay,32,C,O,20250707,27,D0L3,,,Matej Dodig,R,188,CRO,19.967,368,133,N0CS,,,Lukas Neumayer,R,183,AUT,22.834,169,338,7-6(5) 6-2,3,QF,119,7,1,81,44,29,24,10,9,10,1,1,65,30,17,23,10,1,4
2025-9351,Trieste,Clay,32,C,O,20250707,28,N897,,,Sumit Nagal,R,178,IND,27.89,296,180,M0SE,,,Maxim Mrva,R,178,CZE,17.93,501,78,6-1 3-6 6-1,3,QF,,,,,,,,,,,,,,,,,,,
2025-9351,Trieste,Clay,32,C,O,20250707,29,T0A1,5,,Thiago Agustin Tirante,R,185,ARG,24.241,121,486,D0CG,,,Facundo Diaz Acosta,L,183,ARG,24.559,199,277,6-4 6-4,3,SF,,,,,,,,,,,,,,,,,,,
2025-9351,Trieste,Clay,32,C,O,20250707,30,D0L3,,,Matej Dodig,R,188,CRO,19.967,368,133,N897,,,Sumit Nagal,R,178,IND,27.89,296,180,6-3 6-4,3,SF,94,3,1,61,38,29,14,10,2,3,1,4,56,42,27,7,9,0,3
2025-9351,Trieste,Clay,32,C,O,20250707,31,D0L3,,,Matej Dodig,R,188,CRO,19.967,368,133,T0A1,5,,Thiago Agustin Tirante,R,185,ARG,24.241,121,486,6-3 6-4,3,F,105,0,1,71,33,24,21,10,9,10,4,6,64,38,27,7,9,7,10
2025-472,Pozoblanco,Hard,32,C,O,20250714,1,GF95,1,,Hugo Grenier,R,196,FRA,29.309,187,301,S0NV,,,Abdullah Shelbayh,L,180,JOR,21.659,363,134,6-1 6-2,3,R32,70,4,1,57,38,28,10,8,1,1,1,3,44,31,17,5,7,3,7
2025-472,Pozoblanco,Hard,32,C,O,20250714,2,PH78,,,Ryan Peniston,L,180,GBR,29.676,249,225,K926,2,,Mikhail Kukushkin,R,183,KAZ,37.55,197,278,6-3 6-4,3,R32,96,1,1,55,41,24,7,9,1,5,1,2,69,46,19,9,10,8,15
2025-472,Pozoblanco,Hard,32,C,O,20250714,3,M0HT,3,,Alejandro Moro Canas,R,183,ESP,24.6,267,206,A09T,,,Dan Added,R,183,FRA,26.253,319,159,6-1 7-5,3,R32,88,7,4,67,45,34,11,9,3,3,3,2,52,24,18,13,10,2,6
2025-472,Pozoblanco,Hard,32,C,O,20250714,4,M0ON,4,,Johannus Monday,L,198,GBR,23.474,227,246,E0AC,,,Fabrizio Andaloro,R,188,FRA,23.715,268,206,6-4 7-6(5),3,R32,107,8,2,70,48,35,14,11,2,3,9,2,78,43,30,19,11,3,5
2025-472,Pozoblanco,Hard,32,C,O,20250714,5,J09X,5,,Daniel Merida,R,180,ROU,23.819,271,204,L0GH,,,Robin Bertrand,R,191,EST,22.174,185,306,6-7(5) 6-1 6-1,3,R32,139,1,3,97,67,45,16,13,6,8,1,4,91,68,37,9,13,3,10
2025-472,Pozoblanco,Hard,32,C,O,20250714,6,SX90,6,,Fajing Sun,R,178,CHN,28.778,242,228,E768,,,Antoine Escoffier,R,185,FRA,33.372,240,237,7-5 7-5,3,R32,119,6,0,83,54,33,18,12,5,7,5,2,71,39,25,18,12,6,10
2025-472,Pozoblanco,Hard,32,C,O,20250714,7,SR81,7,,Khumoyun Sultanov,R,180,UZB,26.713,265,211,P0EA,,,Saba Purtseladze,R,191,GEO,23.899,254,221,3-6 7-6(6) 7-6(6),3,R32,173,9,1,107,68,53,21,17,3,5,28,5,124,71,56,27,16,7,7
2025-472,Pozoblanco,Hard,32,C,O,20250714,8,C0AK,8,,Oliver Crawford,R,180,GBR,26.207,234,243,S0WT,,,Miguel Cejudo,L,188,AUT,19.461,384,124,6-0 6-2,3,R32,52,6,0,35,28,22,6,7,0,0,1,7,43,26,14,4,7,1,6
2025-472,Pozoblanco,Hard,32,C,O,20250714,9,B0NO,,,Darwin Blanch,L,185,USA,17.793,410,113,O660,,,Alex Martinez,R,175,ARG,26.943,308,167,7-6(4) 6-2,3,R32,94,5,0,66,38,31,17,10,3,3,1,1,73,50,32,11,10,0,2
2025-472,Pozoblanco,Hard,32,C,O,20250714,10,B0MM,,,Edas Butvilas,R,191,LTU,20.975,260,215,C0AJ,,,Jie Cui,R,183,CHN,27.469,290,191,6-2 6-4,3,R32,85,7,0,62,44,31,10,9,7,9,0,0,53,29,14,10,9,4,9
2025-472,Pozoblanco,Hard,32,C,O,20250714,11,E698,,,Gastao Elias,R,180,POR,34.637,328,153,S0GZ,,,Nikolas Sanchez Izquierdo,R,185,ESP,26.333,307,168,6-4 4-6 6-3,3,R32,128,5,4,78,45,37,17,15,1,4,0,3,80,59,40,10,14,4,8
2025-472,Pozoblanco,Hard,32,C,O,20250714,12,J0DZ,,,Rafael Jodar,R,191,ESP,18.823,555,66,A09U,,,Nicolas Alvarez Varona,R,188,ESP,24.156,302,172,3-6 6-2 6-4,3,R32,116,4,3,78,51,35,18,14,2,5,5,2,81,58,39,10,13,8,12
2025-472,Pozoblanco,Hard,32,C,O,20250714,13,AG08,,,Tiago Pereira,R,180,ECU,26.582,248,225,P0IY,,,Alejandro Lopez Escribano,R,185,BOL,20.356,266,209,6-3 6-3,3,R32,89,0,0,62,41,28,13,9,8,9,0,0,58,42,22,8,9,3,7
2025-472,Pozoblanco,Hard,32,C,O,20250714,14,BU54,,,Aryan Shah,R,180,FRA,26.932,272,202,DF92,,,Eliakim Coulibaly,L,188,FRA,28.104,303,170,3-6 6-1 7-5,3,R32,143,6,3,108,71,47,12,14,4,9,4,3,87,52,28,16,14,4,11
2025-472,Pozoblanco,Hard,32,C,O,20250714,15,B0C0,,,Matias Soto,R,185,ROU,26.01,349,142,MW76,,,Matteo Martineau,R,183,FRA,26.491,284,193,6-4 3-6 7-6(3),3,R32,139,11,4,95,52,39,29,15,5,6,13,3,100,73,57,14,16,6,7
2025-472,Pozoblanco,Hard,32,C,O,20250714,16,E0AC,,,Edward Winter,R,188,FRA,23.715,268,206,D0AR,,,Mateus Alves,R,193,BRA,24.471,356,137,6-2 6-3,3,R32,77,3,0,44,28,22,12,8,0,0,3,2,59,33,19,11,9,2,6
2025-472,Pozoblanco,Hard,32,C,O,20250714,17,GF95,1,,Hugo Grenier,R,196,FRA,29.309,187,301,GJ16,,,Edward Winter,R,191,ARG,28.63,210,262,6-2 6-4,3,R16,98,8,5,64,47,38,4,9,3,3,0,3,57,39,25,7,9,3,6
2025-472,Pozoblanco,Hard,32,C,O,20250714,18,B0MM,,,Edas Butvilas,R,191,LTU,20.975,260,215,M0HT,3,,Alejandro Moro Canas,R,183,ESP,24.6,267,206,6-4 6-3,3,R16,110,7,1,62,41,33,9,10,0,1,2,4,80,52,29,14,9,12,15
2025-472,Pozoblanco,Hard,32,C,O,20250714,19,M0ON,4,,Johannus Monday,L,198,GBR,23.474,227,246,J09X,,,Matias Soto,R,180,ROU,23.819,271,204,7-6(4) 7-6(8),3,R16,107,8,4,82,57,50,12,12,0,1,9,1,71,46,40,16,12,0,1
2025-472,Pozoblanco,Hard,32,C,O,20250714,20,N0AM,5,,Daniel Merida,R,185,USA,23.614,123,495,J0DZ,,,Rafael Jodar,R,191,ESP,18.823,555,66,7-5 6-3,3,R16,76,1,2,63,46,33,11,11,0,1,0,1,53,37,24,9,10,1,4
2025-472,Pozoblanco,Hard,32,C,O,20250714,21,SX90,6,,Fajing Sun,R,178,CHN,28.778,242,228,B0NO,,,Darwin Blanch,L,185,USA,17.793,410,113,6-2 6-7(6) 6-3,3,R16,148,3,4,98,60,44,20,15,1,4,6,1,98,57,32,25,14,7,13
2025-472,Pozoblanco,Hard,32,C,O,20250714,22,S0JA,,,Tiago Pereira,R,185,USA,23.556,132,461,SR81,7,,Khumoyun Sultanov,R,180,UZB,26.713,265,211,6-1 6-1,3,R16,57,5,0,40,28,22,8,7,1,1,1,1,56,35,16,8,7,11,16
2025-472,Pozoblanco,Hard,32,C,O,20250714,23,C0AK,8,,Oliver Crawford,R,180,GBR,26.207,234,243,E698,,,Gastao Elias,R,180,POR,34.637,328,153,6-3 3-6 7-6(5),3,R16,135,3,3,98,67,52,18,15,7,8,14,1,92,57,47,20,15,4,5
2025-472,Pozoblanco,Hard,32,C,O,20250714,24,AG08,,,Aryan Shah,R,180,ECU,26.582,248,225,PH78,,,Ryan Peniston,L,180,GBR,29.676,249,225,6-3 6-2,3,R16,91,7,1,58,35,29,11,9,6,7,1,2,53,29,17,9,8,3,7
2025-472,Pozoblanco,Hard,32,C,O,20250714,25,C0AK,8,,Oliver Crawford,R,180,GBR,26.207,234,243,GF95,1,,Hugo Grenier,R,196,FRA,29.309,187,301,4-6 6-4 6-3,3,QF,121,2,1,83,53,38,15,15,0,3,14,7,76,45,34,14,14,4,8
2025-472,Pozoblanco,Hard,32,C,O,20250714,26,W857,5,,Daniel Merida,R,188,TPE,27.173,278,195,M0ON,4,,Johannus Monday,L,198,GBR,23.474,227,246,6-3 5-7 6-4,3,QF,122,1,2,92,67,51,12,16,7,9,2,5,95,55,39,18,15,3,6
2025-472,Pozoblanco,Hard,32,C,O,20250714,27,SX90,6,,Fajing Sun,R,178,CHN,28.778,242,228,D0DP,,,Aryan Shah,R,185,CAN,23.606,121,510,6-4 6-4,3,QF,87,8,1,62,45,35,12,10,4,4,3,1,53,29,20,15,10,0,2
2025-472,Pozoblanco,Hard,32,C,O,20250714,28,N0AM,,,Tiago Pereira,R,185,USA,23.614,123,495,B0MM,,,Edas Butvilas,R,191,LTU,20.975,260,215,6-2 6-4,3,QF,72,1,1,53,30,25,12,9,2,3,3,1,52,24,16,12,9,1,5
2025-472,Pozoblanco,Hard,32,C,O,20250714,29,M0AW,5,,Daniel Merida,R,183,COL,25.421,244,226,C0AK,8,,Oliver Crawford,R,180,GBR,26.207,234,243,6-3 7-6(4),3,SF,85,8,2,59,40,29,10,10,1,3,0,4,71,42,24,15,11,3,7
2025-472,Pozoblanco,Hard,32,C,O,20250714,30,SX90,6,,Fajing Sun,R,178,CHN,28.778,242,228,E0AC,,,Tiago Pereira,R,188,FRA,23.715,268,206,5-7 6-4 6-3,3,SF,135,2,5,97,59,43,23,16,6,9,6,2,92,55,37,17,15,6,10
2025-472,Pozoblanco,Hard,32,C,O,20250714,31,MW76,5,,Daniel Merida,R,183,FRA,26.491,284,193,SX90,6,,Fajing Sun,R,178,CHN,28.778,242,228,6-3 6-4,3,F,86,3,6,61,38,22,16,10,3,6,1,2,64,42,22,8,9,4,9
2025-877,Granby,Hard,32,C,O,20250714,1,S0JA,1,,Eliot Spizzirri,R,185,USA,23.556,132,461,J0A4,,,Paul Jubb,R,180,GBR,25.703,397,119,6-4 6-7(4) 6-2,3,R32,157,4,2,101,58,42,23,15,4,6,5,13,105,58,39,20,15,6,11
2025-877,Granby,Hard,32,C,O,20250714,2,B0PG,2,,Alexander Blockx,R,193,BEL,20.266,128,477,M0NP,,,Andres Martin,R,183,USA,24.019,339,146,7-5 6-2,3,R32,91,1,0,50,31,21,12,10,1,3,2,4,65,41,24,9,10,4,9
2025-877,Granby,Hard,32,C,O,20250714,3,D0DP,3,,Liam Draxl,R,185,CAN,23.606,121,510,PL39,,,Alfredo Perez,R,193,USA,28.145,379,127,3-6 7-5 6-2,3,R32,148,7,5,88,56,39,16,15,6,10,5,6,85,51,31,16,14,5,10
2025-877,Granby,Hard,32,C,O,20250714,4,WB08,4,,Yosuke Watanuki,R,180,JPN,27.255,162,344,SM88,,,Karue Sell,R,183,BRA,31.666,276,197,6-3 6-4,3,R32,90,9,4,70,41,34,13,10,3,3,1,3,58,37,23,12,9,4,6
2025-877,Granby,Hard,32,C,O,20250714,5,SY67,5,,Sho Shimabukuro,R,180,JPN,27.956,208,265,A09W,,,Juan Carlos Aguilar,R,170,CAN,26.648,412,112,6-2 6-1,3,R32,60,8,4,52,29,22,13,8,3,4,0,0,42,32,13,5,7,3,8
2025-877,Granby,Hard,32,C,O,20250714,6,H09N,6,,August Holmgren,R,188,DEN,27.228,146,411,W0ED,,,James Watt,R,206,NZL,25.095,608,57,6-7(5) 7-6(3) 6-4,3,R32,154,15,8,125,72,61,28,17,5,5,15,1,107,74,58,21,17,2,3
2025-877,Granby,Hard,32,C,O,20250714,7,T0BW,7,,James Trotter,R,183,JPN,25.96,195,283,A0K3,,,Nicolas Arseneault,L,183,CAN,18.486,621,53,2-6 7-5 6-3,3,R32,140,11,5,95,51,38,20,15,7,11,3,5,89,50,33,21,14,4,8
2025-877,Granby,Hard,32,C,O,20250714,8,J553,8,,Omar Jasika,L,183,AUS,28.156,203,271,B0F8,,,Justin Boulais,L,183,CAN,23.732,590,60,7-5 6-2,3,R32,106,3,1,73,48,27,14,10,10,14,3,7,76,50,23,10,10,7,14
2025-877,Granby,Hard,32,C,O,20250714,9,GK06,,,Alexis Galarneau,R,180,CAN,26.368,204,271,M0NB,,,Aidan Mayo,R,183,USA,22.168,291,188,6-3 6-4,3,R32,98,4,1,54,33,26,15,10,0,0,5,5,71,31,22,20,9,9,11
2025-877,Granby,Hard,32,C,O,20250714,10,G09C,,,Marek Gengel,R,185,CZE,29.823,252,222,Z0CQ,,,Yi Zhou,R,193,CHN,20.334,310,165,6-2 7-6(2),3,R32,92,2,4,80,51,37,14,10,9,11,5,2,63,36,21,12,10,3,7
2025-877,Granby,Hard,32,C,O,20250714,11,H09F,,,Yu Hsiou Hsu,R,178,TPE,26.283,226,247,M0RE,,,Patrick Maloney,R,193,USA,25.426,325,155,7-5 6-3,3,R32,93,5,2,62,44,32,11,10,5,6,10,7,74,44,31,10,11,6,10
2025-877,Granby,Hard,32,C,O,20250714,12,K0A3,,,Patrick Kypson,R,188,USA,25.711,218,252,N707,,,Naoki Nakagawa,R,180,JPN,28.649,344,144,6-3 6-1,3,R32,68,6,0,43,24,20,12,8,0,0,7,2,46,27,17,8,8,3,7
2025-877,Granby,Hard,32,C,O,20250714,13,N09U,,,Rio Noguchi,R,168,JPN,26.543,209,263,S0TI,,,Philip Sekulic,R,191,AUS,21.856,544,68,6-2 6-4,3,R32,85,3,1,55,29,20,14,9,3,5,3,8,62,33,23,8,9,5,10
2025-877,Granby,Hard,32,C,O,20250714,14,S0AQ,,,Yuta Shimizu,L,163,JPN,26.097,225,247,W857,,,Tung-Lin Wu,R,188,TPE,27.173,278,195,6-4 1-6 7-5,3,R32,157,4,4,76,38,23,23,14,0,4,4,2,113,77,49,17,15,8,12
2025-877,Granby,Hard,32,C,O,20250714,15,VA23,,,Kris Van Wyk,R,185,RSA,28.789,454,96,R0KK,,,Alexander Rozin,,,CAN,19.992,1246,6,6-2 6-7(2) 6-3,3,R32,159,12,6,103,58,47,22,15,7,8,1,3,83,52,37,15,14,0,4
2025-877,Granby,Hard,32,C,O,20250714,16,Z0AK,,,Tyler Zink,R,185,USA,24.452,304,170,AG08,,,Andres Andrade,R,180,ECU,26.582,248,225,3-6 7-5 6-4,3,R32,152,4,4,107,55,34,22,16,8,15,2,11,115,59,33,28,15,10,17
2025-877,Granby,Hard,32,C,O,20250714,17,S0JA,1,,Eliot Spizzirri,R,185,USA,23.556,132,461,Z0AK,,,Tyler Zink,R,185,USA,24.452,304,170,6-2 7-6(3),3,R16,96,2,3,77,54,37,13,10,5,6,5,3,63,37,26,10,10,3,6
2025-877,Granby,Hard,32,C,O,20250714,18,B0PG,2,,Alexander Blockx,R,193,BEL,20.266,128,477,H09F,,,Yu Hsiou Hsu,R,178,TPE,26.283,226,247,7-5 6-0,3,R16,91,5,2,56,37,26,11,9,2,3,0,3,76,49,26,9,9,9,14
2025-877,Granby,Hard,32,C,O,20250714,19,D0DP,3,,Liam Draxl,R,185,CAN,23.606,121,510,VA23,,,Kris Van Wyk,R,185,RSA,28.789,454,96,6-0 6-1,3,R16,69,1,0,33,19,14,11,6,2,2,2,4,48,20,9,9,7,3,9
2025-877,Granby,Hard,32,C,O,20250714,20,S0AQ,,,Yuta Shimizu,L,163,JPN,26.097,225,247,WB08,4,,Yosuke Watanuki,R,180,JPN,27.255,162,344,W/O,3,R16,,,,,,,,,,,,,,,,,,,
2025-877,Granby,Hard,32,C,O,20250714,21,SY67,5,,Sho Shimabukuro,R,180,JPN,27.956,208,265,N09U,,,Rio Noguchi,R,168,JPN,26.543,209,263,6-3 5-7 6-2,3,R16,142,6,5,99,49,33,24,15,3,7,3,5,106,59,34,26,14,7,13
2025-877,Granby,Hard,32,C,O,20250714,22,H09N,6,,August Holmgren,R,188,DEN,27.228,146,411,G09C,,,Marek Gengel,R,185,CZE,29.823,252,222,6-3 6-4,3,R16,72,9,1,49,30,26,15,10,0,0,6,3,51,30,23,9,9,0,2
2025-877,Granby,Hard,32,C,O,20250714,23,T0BW,7,,James Trotter,R,183,JPN,25.96,195,283,K0A3,,,Patrick Kypson,R,188,USA,25.711,218,252,7-6(5) 6-7(5) 6-4,3,R16,191,20,5,109,58,44,33,17,0,1,5,5,110,75,57,18,17,5,7
2025-877,Granby,Hard,32,C,O,20250714,24,GK06,,,Alexis Galarneau,R,180,CAN,26.368,204,271,J553,8,,Omar Jasika,L,183,AUS,28.156,203,271,6-1 6-1,3,R16,84,3,0,39,25,20,10,7,1,1,2,1,48,34,14,6,7,4,9
2025-877,Granby,Hard,32,C,O,20250714,25,S0JA,1,,Eliot Spizzirri,R,185,USA,23.556,132,461,T0BW,7,,James Trotter,R,183,JPN,25.96,195,283,6-4 6-0,3,QF,97,2,2,53,35,24,10,8,4,5,3,4,71,40,26,7,8,4,9
2025-877,Granby,Hard,32,C,O,20250714,26,B0PG,2,,Alexander Blockx,R,193,BEL,20.266,128,477,SY67,5,,Sho Shimabukuro,R,180,JPN,27.956,208,265,6-2 6-3,3,QF,68,3,0,52,31,25,13,9,0,0,1,3,50,26,15,15,8,1,4
2025-877,Granby,Hard,32,C,O,20250714,27,D0DP,3,,Liam Draxl,R,185,CAN,23.606,121,510,GK06,,,Alexis Galarneau,R,180,CAN,26.368,204,271,6-1 4-6 6-1,3,QF,134,3,6,87,65,44,11,12,9,10,4,4,74,43,30,13,12,4,9
2025-877,Granby,Hard,32,C,O,20250714,28,H09N,6,,August Holmgren,R,188,DEN,27.228,146,411,S0AQ,,,Yuta Shimizu,L,163,JPN,26.097,225,247,6-4 4-6 6-3,3,QF,135,15,6,88,48,40,20,14,6,8,0,4,109,68,47,20,15,10,14
2025-877,Granby,Hard,32,C,O,20250714,29,H09N,6,,August Holmgren,R,188,DEN,27.228,146,411,S0JA,1,,Eliot Spizzirri,R,185,USA,23.556,132,461,6-4 6-1,3,SF,78,10,7,55,29,26,15,9,3,3,2,3,48,29,20,10,8,2,5
2025-877,Granby,Hard,32,C,O,20250714,30,D0DP,3,,Liam Draxl,R,185,CAN,23.606,121,510,B0PG,2,,Alexander Blockx,R,193,BEL,20.266,128,477,6-4 7-6(5),3,SF,101,2,2,79,54,39,14,11,4,5,8,0,64,50,35,7,11,0,2
2025-877,Granby,Hard,32,C,O,20250714,31,H09N,6,,August Holmgren,R,188,DEN,27.228,146,411,D0DP,3,,Liam Draxl,R,185,CAN,23.606,121,510,6-3 6-3,3,F,76,8,1,45,25,23,13,9,0,0,2,4,59,36,23,10,9,4,7
2025-9198,Bunschoten,Clay,32,C,O,20250714,1,M0BN,,,Marvin Moeller,R,178,GER,26.486,411,112,P09O,1,,Zsombor Piros,R,180,HUN,25.752,166,340,6-3 7-6(4),3,R32,94,2,0,68,43,27,16,10,2,4,3,1,67,39,26,14,11,1,5
2025-9198,Bunschoten,Clay,32,C,O,20250714,2,D0H9,2,,Guy Den Ouden,R,183,NED,23.266,184,308,P0DF,,,Matheus Pucinelli De Almeida,R,183,BRA,24.285,279,194,6-3 3-6 6-4,3,R32,136,3,4,89,55,38,15,14,3,6,6,1,96,67,44,14,14,8,12
2025-9198,Bunschoten,Clay,32,C,O,20250714,3,HG94,3,,Benjamin Hassan,R,183,LBN,30.439,196,280,R0KD,,,Mees Rottgering,L,180,NED,18.021,644,50,6-4 6-4,3,R32,86,4,4,60,33,22,12,10,3,6,0,2,70,46,23,13,10,2,7
2025-9198,Bunschoten,Clay,32,C,O,20250714,4,D0DW,4,,Titouan Droguet,R,191,FRA,24.079,174,324,M0FA,,,Anton Matusevich,R,185,GBR,24.123,460,93,6-3 6-1,3,R32,61,6,1,54,34,25,9,8,3,4,0,4,47,28,15,6,8,3,8
2025-9198,Bunschoten,Clay,32,C,O,20250714,5,CH12,5,,Jan Choinski,R,196,GBR,29.092,176,319,B0W4,,,Manvydas Balciunas,,,NED,19.294,1192,8,6-1 6-2,3,R32,69,7,2,41,30,27,6,8,2,2,2,1,65,41,19,12,7,4,8
2025-9198,Bunschoten,Clay,32,C,O,20250714,6,O0A2,6,,Gauthier Onclin,R,180,BEL,24.378,200,274,GA79,,,Lorenzo Giustino,R,180,ITA,33.843,300,179,7-5 6-2,3,R32,85,2,3,53,36,29,9,10,1,2,2,0,70,47,27,13,10,11,15
2025-9198,Bunschoten,Clay,32,C,O,20250714,7,BU54,,,Geoffrey Blancaneaux,R,180,FRA,26.932,272,202,T09X,7,,Clement Tabur,R,173,FRA,25.47,221,248,7-6(5) 7-6(17),3,R32,166,2,4,100,67,44,12,12,4,8,2,4,93,61,38,15,12,7,11
2025-9198,Bunschoten,Clay,32,C,O,20250714,8,KC33,8,,Dimitar Kuzmanov,R,183,BUL,31.962,222,248,K0FY,,,Martin Krumich,R,188,CZE,22.549,509,77,6-3 3-6 6-3,3,R32,137,4,0,92,76,53,8,14,3,4,5,0,75,49,35,15,13,5,7
2025-9198,Bunschoten,Clay,32,C,O,20250714,9,B0GY,,,Alex Barrena,R,175,ARG,22.76,256,218,J09X,,,Filip Cristian Jianu,R,180,ROU,23.819,271,204,6-4 6-3,3,R32,84,5,0,63,39,26,16,9,1,1,0,0,66,43,27,11,10,4,7
2025-9198,Bunschoten,Clay,32,C,O,20250714,10,B0PE,,,Federico Bondioli,L,185,ITA,20.162,400,118,SG56,,,Daniel Dutra da Silva,L,,BRA,37.024,337,147,6-4 7-6(8),3,R32,105,6,3,89,59,43,16,11,7,7,5,3,62,40,35,11,11,0,1
2025-9198,Bunschoten,Clay,32,C,O,20250714,11,CG33,,,Kimmer Coppejans,R,178,BEL,31.431,237,240,R0A7,,,Joao Lucas Reis Da Silva,R,178,BRA,25.3,238,238,1-6 7-5 6-4,3,R32,137,3,2,98,68,42,15,14,7,11,2,0,92,60,40,18,15,10,14
2025-9198,Bunschoten,Clay,32,C,O,20250714,12,D0L3,,,Matej Dodig,R,188,CRO,19.986,246,225,S0E6,,,Stijn Slump,R,188,NED,26.478,674,46,4-6 6-4 6-3,3,R32,127,7,1,90,64,49,13,15,0,2,9,5,87,46,38,18,14,4,7
2025-9198,Bunschoten,Clay,32,C,O,20250714,13,E0AC,,,Mathys Erhard,R,188,FRA,23.715,268,206,F0GS,,,Abel Forger,R,,NED,19.97,743,35,6-4 6-7(2) 6-3,3,R32,160,7,2,123,80,60,18,16,8,9,1,3,96,59,42,19,15,7,10
2025-9198,Bunschoten,Clay,32,C,O,20250714,14,SN54,,,Frederico Ferreira Silva,L,178,POR,30.324,250,224,GE28,,,Ivan Gakhov,L,191,RUS,28.69,285,193,7-6(1) 4-6 6-4,3,R32,169,3,3,99,65,45,21,16,3,6,5,4,109,70,46,18,16,8,11
2025-9198,Bunschoten,Clay,32,C,O,20250714,15,H0CX,,,Max Houkes,L,188,NED,25.029,270,205,GG65,,,Michael Geerts,R,178,BEL,30.489,299,180,6-4 6-4,3,R32,96,7,2,64,46,38,7,10,5,5,3,4,54,38,28,8,10,0,2
2025-9198,Bunschoten,Clay,32,C,O,20250714,16,KC29,,,Nicolas Kicker,R,178,ARG,32.909,394,119,SO20,,,Jelle Sels,R,188,NED,29.927,311,164,7-6(2) 7-5,3,R32,143,1,0,103,82,54,12,12,15,16,4,0,81,51,33,17,12,2,4
2025-9198,Bunschoten,Clay,32,C,O,20250714,17,D0H9,2,,Guy Den Ouden,R,183,NED,23.266,184,308,E0AC,,,Mathys Erhard,R,188,FRA,23.715,268,206,6-4 6-3,3,R16,85,2,6,64,42,32,10,10,1,2,2,2,53,39,24,7,9,2,5
2025-9198,Bunschoten,Clay,32,C,O,20250714,18,HG94,3,,Benjamin Hassan,R,183,LBN,30.439,196,280,SN54,,,Frederico Ferreira Silva,L,178,POR,30.324,250,224,6-1 1-6 6-0,3,R16,94,10,2,66,37,25,16,10,2,4,1,3,61,32,19,12,10,4,9
2025-9198,Bunschoten,Clay,32,C,O,20250714,19,B0GY,,,Alex Barrena,R,175,ARG,22.76,256,218,D0DW,4,,Titouan Droguet,R,191,FRA,24.079,174,324,2-6 6-2 7-5,3,R16,129,3,3,93,56,37,20,14,3,6,3,5,96,57,35,21,14,6,10
2025-9198,Bunschoten,Clay,32,C,O,20250714,20,CH12,5,,Jan Choinski,R,196,GBR,29.092,176,319,D0L3,,,Matej Dodig,R,188,CRO,19.986,246,225,6-4 7-5,3,R16,125,7,1,78,50,33,15,11,8,10,2,4,94,59,36,15,11,14,18
2025-9198,Bunschoten,Clay,32,C,O,20250714,21,O0A2,6,,Gauthier Onclin,R,180,BEL,24.378,200,274,H0CX,,,Max Houkes,L,188,NED,25.029,270,205,6-4 7-5,3,R16,103,2,3,71,46,30,12,11,3,5,5,3,73,47,34,8,11,5,9
2025-9198,Bunschoten,Clay,32,C,O,20250714,22,CG33,,,Kimmer Coppejans,R,178,BEL,31.431,237,240,KC33,8,,Dimitar Kuzmanov,R,183,BUL,31.962,222,248,7-6(4) 7-5,3,R16,125,3,3,82,46,30,23,12,2,4,1,1,80,53,33,12,12,7,10
2025-9198,Bunschoten,Clay,32,C,O,20250714,23,BU54,,,Geoffrey Blancaneaux,R,180,FRA,26.932,272,202,B0PE,,,Federico Bondioli,L,185,ITA,20.162,400,118,7-6(4) 3-6 7-5,3,R16,185,0,6,101,66,45,19,16,3,7,1,1,111,80,51,18,17,5,9
2025-9198,Bunschoten,Clay,32,C,O,20250714,24,KC29,,,Nicolas Kicker,R,178,ARG,32.909,394,119,M0BN,,,Marvin Moeller,R,178,GER,26.486,411,112,7-5 6-4,3,R16,97,0,0,59,42,25,10,11,1,5,3,1,60,41,24,8,11,3,9
2025-9198,Bunschoten,Clay,32,C,O,20250714,25,D0H9,2,,Guy Den Ouden,R,183,NED,23.266,184,308,O0A2,6,,Gauthier Onclin,R,180,BEL,24.378,200,274,6-2 6-3,3,QF,91,3,6,66,37,25,16,9,5,6,5,2,62,41,24,7,8,7,11
2025-9198,Bunschoten,Clay,32,C,O,20250714,26,CH12,5,,Jan Choinski,R,196,GBR,29.092,176,319,HG94,3,,Benjamin Hassan,R,183,LBN,30.439,196,280,6-2 6-2,3,QF,66,4,0,55,34,24,13,8,4,4,4,2,44,24,17,8,8,3,7
2025-9198,Bunschoten,Clay,32,C,O,20250714,27,B0GY,,,Alex Barrena,R,175,ARG,22.76,256,218,BU54,,,Geoffrey Blancaneaux,R,180,FRA,26.932,272,202,6-4 6-4,3,QF,115,2,4,81,45,33,15,10,9,11,0,4,57,34,23,9,10,4,8
2025-9198,Bunschoten,Clay,32,C,O,20250714,28,CG33,,,Kimmer Coppejans,R,178,BEL,31.431,237,240,KC29,,,Nicolas Kicker,R,178,ARG,32.909,394,119,7-5 4-6 6-0,3,QF,141,8,2,80,50,38,10,14,1,5,1,3,93,65,34,13,14,8,15
2025-9198,Bunschoten,Clay,32,C,O,20250714,29,CH12,5,,Jan Choinski,R,196,GBR,29.092,176,319,D0H9,2,,Guy Den Ouden,R,183,NED,23.266,184,308,7-6(5) 5-7 6-2,3,SF,153,11,4,118,70,51,27,16,13,14,7,7,104,65,50,20,16,2,4
2025-9198,Bunschoten,Clay,32,C,O,20250714,30,CG33,,,Kimmer Coppejans,R,178,BEL,31.431,237,240,B0GY,,,Alex Barrena,R,175,ARG,22.76,256,218,3-6 6-2 7-6(4),3,SF,135,4,4,96,67,43,15,15,2,6,2,1,92,57,34,17,14,4,8
2025-9198,Bunschoten,Clay,32,C,O,20250714,31,CH12,5,,Jan Choinski,R,196,GBR,29.092,176,319,CG33,,,Kimmer Coppejans,R,178,BEL,31.431,237,240,6-4 3-6 6-3,3,F,116,8,1,84,63,45,11,14,4,6,8,2,77,53,35,15,14,3,6
2025-9540,San Marino,Clay,32,C,O,20250714,1,R0EB,1,,Valentin Royer,R,188,FRA,24.126,108,579,MJ98,,,Facundo Mena,R,183,ARG,32.808,251,222,3-6 6-2 6-2,3,R32,105,5,4,76,46,32,17,13,3,5,4,3,73,33,24,19,12,5,9
2025-9540,San Marino,Clay,32,C,O,20250714,2,T0A1,2,,Thiago Agustin Tirante,R,185,ARG,24.26,118,526,F840,,,Nerman Fatic,R,191,BIH,30.721,245,225,6-2 7-6(2),3,R32,93,2,1,58,40,31,12,10,1,2,7,2,66,40,29,12,10,5,8
2025-9540,San Marino,Clay,32,C,O,20250714,3,G0GD,3,,Matteo Gigante,L,180,ITA,23.524,137,441,I0AP,,,Kalin Ivanovski,R,196,MKD,21.175,853,24,6-7(10) 6-3 6-3,3,R32,159,3,1,100,64,44,22,15,4,6,7,7,112,64,49,16,15,6,11
2025-9540,San Marino,Clay,32,C,O,20250714,4,J0AZ,4,,Kyrian Jacquet,R,175,FRA,24.175,165,341,A0BA,,,Federico Arnaboldi,R,185,ITA,25.07,220,251,6-1 7-5,3,R32,100,2,3,82,45,32,19,9,7,7,5,1,60,30,16,18,10,3,7
2025-9540,San Marino,Clay,32,C,O,20250714,5,P0HW,5,,Dino Prizmic,R,188,CRO,19.94,157,356,G0DH,,,Alvaro Guillen Meza,R,175,ECU,22.53,223,248,7-5 6-1,3,R32,97,0,2,53,34,29,13,10,0,0,0,2,51,33,22,7,9,2,5
2025-9540,San Marino,Clay,32,C,O,20250714,6,GJ16,6,,Federico Agustin Gomez,R,191,ARG,28.63,210,262,SS25,,,Vitaliy Sachko,R,188,UKR,28,213,259,6-2 4-6 7-6(6),3,R32,154,8,8,103,67,52,15,15,3,5,1,5,102,57,39,22,15,3,6
2025-9540,San Marino,Clay,32,C,O,20250714,7,N0CS,7,,Lukas Neumayer,R,183,AUT,22.853,168,336,CC66,,,Andrea Collarini,L,183,ARG,33.451,239,238,7-6(4) 6-2,3,R32,104,4,2,66,43,32,13,10,4,5,5,1,61,39,25,12,10,0,3
2025-9540,San Marino,Clay,32,C,O,20250714,8,C0LK,,,Carlo Alberto Caniato,R,188,ITA,19.702,689,44,BV16,8,,Ugo Blanchet,R,175,FRA,26.522,173,325,7-6(5) 7-5,3,R32,125,3,5,91,50,34,27,12,5,6,4,4,84,42,32,20,12,3,5
2025-9540,San Marino,Clay,32,C,O,20250714,9,C0NB,,,Federico Cina,R,185,ITA,18.292,243,227,KE69,,,Mariano Kestelboim,R,185,ARG,29.435,415,110,6-2 6-1,3,R32,61,4,2,44,26,19,13,8,3,4,0,3,44,21,10,9,7,2,7
2025-9540,San Marino,Clay,32,C,O,20250714,10,E0DD,,,Justin Engel,R,185,GER,17.785,228,246,R0FP,,,Daniel Rincon,L,185,ESP,22.516,202,271,7-5 6-4,3,R32,101,3,2,72,50,35,14,11,2,3,6,2,66,41,29,11,11,4,7
2025-9540,San Marino,Clay,32,C,O,20250714,11,KI63,,,Lukas Klein,R,193,SVK,27.313,186,305,DC48,,,Murkel Dellien,R,193,BOL,27.825,289,191,6-2 0-6 6-3,3,R32,134,2,1,92,58,36,17,12,9,12,2,2,80,55,35,11,11,6,9
2025-9540,San Marino,Clay,32,C,O,20250714,12,M0G4,,,Harold Mayot,R,180,FRA,23.439,178,315,G0IX,,,Arthur Gea,R,180,FRA,20.528,286,193,6-1 7-6(4),3,R32,123,6,5,91,56,44,14,10,9,10,0,2,66,45,28,9,9,5,8
2025-9540,San Marino,Clay,32,C,O,20250714,13,P0AY,,,Luka Pavlovic,R,196,FRA,25.29,194,289,K0HG,,,Milos Karol,R,198,SVK,22.585,374,129,6-1 6-4,3,R32,72,2,0,49,27,23,14,9,0,0,0,4,61,33,18,16,8,4,7
2025-9540,San Marino,Clay,32,C,O,20250714,14,P0GQ,,,Mili Poljicak,R,185,CRO,21.002,274,200,BE90,,,Ricardas Berankis,R,175,LTU,35.064,395,119,5-7 7-5 7-6(6),3,R32,212,18,2,122,66,48,32,18,4,6,5,6,135,78,59,26,18,11,13
2025-9540,San Marino,Clay,32,C,O,20250714,15,PL64,,,Oleg Prihodko,R,180,UKR,27.778,335,148,V821,,,Gonzalo Villanueva,R,175,ARG,30.5,381,127,6-3 3-6 6-4,3,R32,132,8,3,80,47,37,19,14,3,4,0,1,89,61,42,15,14,4,6
2025-9540,San Marino,Clay,32,C,O,20250714,16,V0DP,,,Adolfo Daniel Vallejo,R,183,PAR,21.21,257,218,B0VX,,,Pierluigi Basile,R,188,ITA,18.516,566,64,6-3 6-3,3,R32,99,1,6,54,25,20,16,9,4,5,2,1,73,39,29,9,9,5,9
2025-9540,San Marino,Clay,32,C,O,20250714,17,KI63,,,Lukas Klein,R,193,SVK,27.313,186,305,R0EB,1,,Valentin Royer,R,188,FRA,24.126,108,579,7-6(4) 3-6 6-4,3,R16,128,5,4,98,65,44,20,16,4,7,5,4,82,49,38,19,15,2,4
2025-9540,San Marino,Clay,32,C,O,20250714,18,T0A1,2,,Thiago Agustin Tirante,R,185,ARG,24.26,118,526,C0NB,,,Federico Cina,R,185,ITA,18.292,243,227,6-3 6-3,3,R16,91,4,3,59,23,15,23,9,2,3,1,1,64,42,24,10,9,8,12
2025-9540,San Marino,Clay,32,C,O,20250714,19,G0GD,3,,Matteo Gigante,L,180,ITA,23.524,137,441,P0GQ,,,Mili Poljicak,R,185,CRO,21.002,274,200,1-6 6-4 6-1,3,R16,112,1,5,80,49,32,10,12,8,13,5,2,74,43,29,9,12,6,12
2025-9540,San Marino,Clay,32,C,O,20250714,20,E0DD,,,Justin Engel,R,185,GER,17.785,228,246,J0AZ,4,,Kyrian Jacquet,R,175,FRA,24.175,165,341,2-6 6-4 6-2,3,R16,121,4,0,88,50,35,21,13,7,9,5,4,82,38,26,23,13,4,7
2025-9540,San Marino,Clay,32,C,O,20250714,21,P0HW,5,,Dino Prizmic,R,188,CRO,19.94,157,356,PL64,,,Oleg Prihodko,R,180,UKR,27.778,335,148,6-2 6-4,3,R16,71,5,3,46,30,26,10,9,0,0,2,2,54,38,25,7,9,5,8
2025-9540,San Marino,Clay,32,C,O,20250714,22,P0AY,,,Luka Pavlovic,R,196,FRA,25.29,194,289,GJ16,6,,Federico Agustin Gomez,R,191,ARG,28.63,210,262,3-6 7-6(3) 1-1 RET,3,R16,110,6,7,79,34,27,21,11,2,4,7,5,91,67,46,12,12,8,9
2025-9540,San Marino,Clay,32,C,O,20250714,23,N0CS,7,,Lukas Neumayer,R,183,AUT,22.853,168,336,V0DP,,,Adolfo Daniel Vallejo,R,183,PAR,21.21,257,218,6-2 3-6 6-4,3,R16,131,5,1,72,46,34,12,13,2,5,2,3,89,46,29,23,14,5,10
2025-9540,San Marino,Clay,32,C,O,20250714,24,M0G4,,,Harold Mayot,R,180,FRA,23.439,178,315,C0LK,,,Carlo Alberto Caniato,R,188,ITA,19.702,689,44,4-6 6-2 6-4,3,R16,138,3,4,97,52,37,28,14,5,6,12,4,86,50,32,22,14,4,7
2025-9540,San Marino,Clay,32,C,O,20250714,25,T0A1,2,,Thiago Agustin Tirante,R,185,ARG,24.26,118,526,M0G4,,,Harold Mayot,R,180,FRA,23.439,178,315,6-3 6-3,3,QF,81,4,3,52,35,28,9,9,5,6,4,3,61,37,23,8,9,4,8
2025-9540,San Marino,Clay,32,C,O,20250714,26,G0GD,3,,Matteo Gigante,L,180,ITA,23.524,137,441,P0AY,,,Luka Pavlovic,R,196,FRA,25.29,194,289,3-6 6-4 6-3,3,QF,110,0,3,78,47,32,14,14,4,9,10,7,84,38,27,18,14,8,14
2025-9540,San Marino,Clay,32,C,O,20250714,27,P0HW,5,,Dino Prizmic,R,188,CRO,19.94,157,356,E0DD,,,Justin Engel,R,185,GER,17.785,228,246,6-2 6-2,3,QF,78,4,2,48,34,22,8,8,4,6,1,3,50,31,15,6,8,7,13
2025-9540,San Marino,Clay,32,C,O,20250714,28,KI63,,,Lukas Klein,R,193,SVK,27.313,186,305,N0CS,7,,Lukas Neumayer,R,183,AUT,22.853,168,336,6-7(3) 6-4 6-4,3,QF,149,6,3,97,69,51,17,16,2,2,5,3,112,64,51,24,16,4,6
2025-9540,San Marino,Clay,32,C,O,20250714,29,P0HW,5,,Dino Prizmic,R,188,CRO,19.94,157,356,T0A1,2,,Thiago Agustin Tirante,R,185,ARG,24.26,118,526,6-1 4-6 6-3,3,SF,148,2,7,78,36,27,20,13,0,4,2,1,82,51,26,16,13,4,11
2025-9540,San Marino,Clay,32,C,O,20250714,30,KI63,,,Lukas Klein,R,193,SVK,27.313,186,305,G0GD,3,,Matteo Gigante,L,180,ITA,23.524,137,441,7-6(5) 6-4,3,SF,99,5,1,78,43,35,19,11,4,4,3,3,67,32,26,19,11,2,3
2025-9540,San Marino,Clay,32,C,O,20250714,31,KI63,,,Lukas Klein,R,193,SVK,27.313,186,305,P0HW,5,,Dino Prizmic,R,188,CRO,19.94,157,356,6-3 6-4,3,F,88,4,1,63,43,29,12,10,1,2,3,2,53,36,22,10,9,3,6
2025-221,Tampere,Clay,32,C,O,20250721,1,N897,,,Sumit Nagal,R,178,IND,27.929,306,166,CI14,1,,Jay Clarke,R,183,GBR,26.984,200,275,7-6(4) 6-1,3,R32,117,0,4,72,51,31,9,10,4,8,2,2,70,43,21,9,9,9,15
2025-221,Tampere,Clay,32,C,O,20250721,2,O0A2,2,,Gauthier Onclin,R,180,BEL,24.397,196,278,T0EI,,,Aristotelis Thanos,R,193,GRE,24.287,471,87,6-4 6-3,3,R32,88,0,2,62,40,21,13,9,6,9,5,7,59,26,17,11,10,3,9
2025-221,Tampere,Clay,32,C,O,20250721,3,R0FP,3,,Daniel Rincon,L,185,ESP,22.535,223,249,N731,,,Christoph Negritu,R,193,GER,31.335,269,201,6-2 6-4,3,R32,80,6,0,56,35,27,12,9,2,2,1,2,57,33,21,12,9,4,7
2025-221,Tampere,Clay,32,C,O,20250721,4,B0QC,,,Gilles Arnaud Bailly,R,180,BEL,19.836,459,92,PG20,4,,Dmitry Popko,R,191,KAZ,28.739,215,255,6-3 6-2,3,R32,92,2,1,63,34,24,17,9,3,4,2,0,46,23,17,8,8,1,5
2025-221,Tampere,Clay,32,C,O,20250721,5,DC76,5,,Viktor Durasovic,R,185,NOR,28.339,228,245,Z09F,,,Patrick Zahraj,R,191,GER,26.012,271,199,6-3 6-7(4) 7-5,3,R32,165,8,9,115,57,44,29,17,9,11,12,10,109,48,37,29,16,7,11
2025-221,Tampere,Clay,32,C,O,20250721,6,G0GW,,,Sascha Gueymard Wayenburg,R,191,FRA,21.971,249,223,CG33,6,,Kimmer Coppejans,R,178,BEL,31.45,194,281,6-3 3-6 6-4,3,R32,132,4,11,93,57,38,13,14,7,12,4,8,98,49,29,21,14,4,10
2025-221,Tampere,Clay,32,C,O,20250721,7,C0NB,7,,Federico Cina,R,185,ITA,18.311,238,235,P0DF,,,Matheus Pucinelli De Almeida,R,183,BRA,24.304,279,192,6-3 6-2,3,R32,66,2,2,50,34,31,7,9,1,1,0,1,51,31,16,13,8,3,6
2025-221,Tampere,Clay,32,C,O,20250721,8,SN54,8,,Frederico Ferreira Silva,L,178,POR,30.344,251,222,V993,,,Eero Vasa,R,185,FIN,28.465,502,78,7-6(4) 6-3,3,R32,99,6,4,64,37,31,17,11,0,1,5,1,71,37,28,19,10,4,6
2025-221,Tampere,Clay,32,C,O,20250721,9,B0OU,,,Hynek Barton,R,183,CZE,21.292,328,152,M0E1,,,Daniel Michalski,R,180,POL,25.525,297,175,6-1 6-3,3,R32,67,3,0,48,28,18,15,8,5,6,1,3,47,24,12,10,8,2,7
2025-221,Tampere,Clay,32,C,O,20250721,10,B0U4,,,Nicolai Budkov Kjaer,R,191,NOR,18.886,253,218,B0GY,,,Alex Barrena,R,175,ARG,22.779,233,239,6-3 6-2,3,R32,72,2,0,64,42,23,16,9,4,6,0,3,46,24,13,9,8,2,7
2025-221,Tampere,Clay,32,C,O,20250721,11,E0AC,,,Mathys Erhard,R,188,FRA,23.734,262,207,P0N6,,,Oskari Paldanius,R,185,FIN,18.111,965,15,6-3 6-1,3,R32,84,0,3,54,30,23,13,8,2,3,1,7,64,35,22,8,8,5,10
2025-221,Tampere,Clay,32,C,O,20250721,12,F0HO,,,Thomas Faurel,R,178,FRA,19.496,785,30,S0GR,,,Timofey Skatov,R,173,KAZ,24.496,309,165,7-6(2) 4-0 RET,3,R32,103,2,3,56,34,24,13,8,3,4,0,5,53,29,17,11,8,2,5
2025-221,Tampere,Clay,32,C,O,20250721,13,GE28,,,Ivan Gakhov,L,191,RUS,28.709,256,216,MV14,,,Alex Molcan,L,178,SVK,27.636,384,124,6-4 4-6 6-2,3,R32,123,12,10,90,46,38,18,14,3,6,1,5,82,47,34,12,14,3,8
2025-221,Tampere,Clay,32,C,O,20250721,14,H0CX,,,Max Houkes,L,188,NED,25.049,288,181,A0G9,,,Vesa Ahti,,,FIN,26.141,1142,9,6-2 7-5,3,R32,87,4,2,55,37,26,15,10,4,5,0,2,64,35,22,13,10,3,7
2025-221,Tampere,Clay,32,C,O,20250721,15,KC29,,,Nicolas Kicker,R,178,ARG,32.928,361,135,GG65,,,Michael Geerts,R,178,BEL,30.508,293,180,6-2 3-6 6-1,3,R32,123,2,1,64,48,36,8,12,0,2,1,0,72,39,20,18,12,3,8
2025-221,Tampere,Clay,32,C,O,20250721,16,R0A7,,,Joao Lucas Reis Da Silva,R,178,BRA,25.32,234,238,B0GR,,,Gonzalo Bueno,R,173,PER,21.298,282,190,6-2 6-2,3,R32,77,2,1,50,33,25,8,8,1,2,0,4,57,36,20,6,8,4,9
2025-221,Tampere,Clay,32,C,O,20250721,17,E0AC,,,Mathys Erhard,R,188,FRA,23.734,262,207,O0A2,2,,Gauthier Onclin,R,180,BEL,24.397,196,278,6-2 7-5,3,R16,117,4,5,90,62,42,10,10,8,10,1,0,66,41,25,10,10,3,8
2025-221,Tampere,Clay,32,C,O,20250721,18,B0OU,,,Hynek Barton,R,183,CZE,21.292,328,152,R0FP,3,,Daniel Rincon,L,185,ESP,22.535,223,249,4-6 6-2 6-1,3,R16,119,3,4,76,40,29,16,13,2,6,0,6,79,41,21,16,12,6,13
2025-221,Tampere,Clay,32,C,O,20250721,19,KC29,,,Nicolas Kicker,R,178,ARG,32.928,361,135,DC76,5,,Viktor Durasovic,R,185,NOR,28.339,228,245,3-6 6-3 6-4,3,R16,135,0,4,93,54,35,21,14,5,9,2,1,79,42,27,17,14,6,11
2025-221,Tampere,Clay,32,C,O,20250721,20,C0NB,7,,Federico Cina,R,185,ITA,18.311,238,235,GE28,,,Ivan Gakhov,L,191,RUS,28.709,256,216,6-3 6-4,3,R16,78,0,0,54,31,26,15,10,0,0,2,5,66,40,29,11,9,5,7
2025-221,Tampere,Clay,32,C,O,20250721,21,B0U4,,,Nicolai Budkov Kjaer,R,191,NOR,18.886,253,218,SN54,8,,Frederico Ferreira Silva,L,178,POR,30.344,251,222,7-5 6-4,3,R16,132,2,8,84,52,28,14,11,7,12,0,5,79,37,26,10,11,9,16
2025-221,Tampere,Clay,32,C,O,20250721,22,B0QC,,,Gilles Arnaud Bailly,R,180,BEL,19.836,459,92,F0HO,,,Thomas Faurel,R,178,FRA,19.496,785,30,6-4 6-4,3,R16,136,4,2,86,49,34,15,10,6,8,0,3,66,35,20,16,10,2,6
2025-221,Tampere,Clay,32,C,O,20250721,23,G0GW,,,Sascha Gueymard Wayenburg,R,191,FRA,21.971,249,223,R0A7,,,Joao Lucas Reis Da Silva,R,178,BRA,25.32,234,238,6-4 6-3,3,R16,100,5,4,74,40,25,21,10,4,6,3,6,63,36,20,14,9,11,15
2025-221,Tampere,Clay,32,C,O,20250721,24,N897,,,Sumit Nagal,R,178,IND,27.929,306,166,H0CX,,,Max Houkes,L,188,NED,25.049,288,181,6-2 6-4,3,R16,123,0,4,95,72,45,10,9,11,12,4,7,66,38,24,10,9,7,11
2025-221,Tampere,Clay,32,C,O,20250721,25,B0OU,,,Hynek Barton,R,183,CZE,21.292,328,152,C0NB,7,,Federico Cina,R,185,ITA,18.311,238,235,6-2 3-6 6-2,3,QF,106,3,0,68,38,30,17,12,2,3,1,2,95,59,38,15,13,9,13
2025-221,Tampere,Clay,32,C,O,20250721,26,B0U4,,,Nicolai Budkov Kjaer,R,191,NOR,18.886,253,218,E0AC,,,Mathys Erhard,R,188,FRA,23.734,262,207,6-0 4-0 RET,3,QF,47,0,1,42,28,21,6,5,7,7,1,3,23,14,3,0,5,0,5
2025-221,Tampere,Clay,32,C,O,20250721,27,G0GW,,,Sascha Gueymard Wayenburg,R,191,FRA,21.971,249,223,B0QC,,,Gilles Arnaud Bailly,R,180,BEL,19.836,459,92,6-3 6-4,3,QF,86,3,4,62,34,26,18,10,2,2,1,1,52,24,16,15,9,0,2
2025-221,Tampere,Clay,32,C,O,20250721,28,N897,,,Sumit Nagal,R,178,IND,27.929,306,166,KC29,,,Nicolas Kicker,R,178,ARG,32.928,361,135,6-4 6-3,3,QF,104,1,3,55,43,29,6,9,6,8,0,3,63,41,22,9,10,6,11
2025-221,Tampere,Clay,32,C,O,20250721,29,B0U4,,,Nicolai Budkov Kjaer,R,191,NOR,18.886,253,218,B0OU,,,Hynek Barton,R,183,CZE,21.292,328,152,6-4 7-6(4),3,SF,121,0,2,70,41,26,17,11,3,7,2,6,90,49,33,15,11,9,14
2025-221,Tampere,Clay,32,C,O,20250721,30,G0GW,,,Sascha Gueymard Wayenburg,R,191,FRA,21.971,249,223,N897,,,Sumit Nagal,R,178,IND,27.929,306,166,7-5 6-2,3,SF,110,2,5,67,35,26,13,10,7,9,0,1,75,52,28,9,10,7,12
2025-221,Tampere,Clay,32,C,O,20250721,31,B0U4,,,Nicolai Budkov Kjaer,R,191,NOR,18.886,253,218,G0GW,,,Sascha Gueymard Wayenburg,R,191,FRA,21.971,249,223,7-6(5) 6-7(2) 6-2,3,F,165,3,5,100,59,40,26,16,1,4,1,7,125,66,41,30,16,4,9
2025-2785,Zug,Clay,32,C,O,20250721,1,P09O,1,,Zsombor Piros,R,180,HUN,25.771,168,334,RC04,,,Alexander Ritschard,R,193,SUI,31.326,314,161,6-3 6-2,3,R32,61,3,2,48,29,24,12,9,0,0,1,4,47,20,16,11,8,4,7
2025-2785,Zug,Clay,32,C,O,20250721,2,HH06,2,,Marc-Andrea Huesler,L,196,SUI,29.073,170,332,M0N7,,,Daniel Merida,R,188,ESP,20.816,175,318,7-6(5) 6-3,3,R32,74,6,3,68,49,40,10,11,6,7,6,5,61,42,32,8,10,2,4
2025-2785,Zug,Clay,32,C,O,20250721,3,HB48,3,,Calvin Hemery,R,191,FRA,30.478,166,338,Y171,,,Denis Yevseyev,R,188,KAZ,32.164,322,156,6-3 6-3,3,R32,63,8,1,56,46,34,3,9,7,8,1,2,46,29,15,8,9,0,4
2025-2785,Zug,Clay,32,C,O,20250721,4,M0G4,4,,Harold Mayot,R,180,FRA,23.458,171,331,B0OV,,,Petr Brunclik,L,188,CZE,19.012,478,85,7-5 6-1,3,R32,76,7,0,55,38,27,11,10,3,4,3,7,59,44,27,4,9,7,11
2025-2785,Zug,Clay,32,C,O,20250721,5,B0LW,,,Mika Brunold,R,191,SUI,20.799,300,168,M0IF,5,,Francesco Maestrelli,R,196,ITA,22.582,179,315,6-4 7-5,3,R32,96,0,2,64,42,30,12,11,5,7,10,4,65,38,26,12,11,4,8
2025-2785,Zug,Clay,32,C,O,20250721,6,KI63,,,Lukas Klein,R,193,SVK,27.332,147,405,RH59,6,,Santiago Rodriguez Taverna,R,191,ARG,26.015,187,298,6-3 6-3,3,R32,71,3,2,57,35,26,14,9,5,5,3,1,57,31,19,13,9,2,5
2025-2785,Zug,Clay,32,C,O,20250721,7,D0CG,7,,Facundo Diaz Acosta,L,183,ARG,24.597,186,298,S0MN,,,Marat Sharipov,R,188,RUS,22.782,280,191,6-4 6-3,3,R32,76,4,0,50,31,27,13,10,0,0,4,1,52,36,27,7,9,1,3
2025-2785,Zug,Clay,32,C,O,20250721,8,S0KT,,,Stefanos Sakellaridis,R,198,GRE,20.851,393,121,HG94,8,,Benjamin Hassan,R,183,LBN,30.459,189,292,6-4 6-3,3,R32,68,6,1,51,38,27,8,9,2,4,5,1,62,31,19,12,10,7,12
2025-2785,Zug,Clay,32,C,O,20250721,9,B0TP,,,Henry Bernet,R,191,SUI,18.486,731,37,DC48,,,Murkel Dellien,R,193,BOL,27.844,287,183,6-3 7-6(5),3,R32,99,7,2,69,49,38,15,11,0,0,2,4,76,48,32,18,10,9,10
2025-2785,Zug,Clay,32,C,O,20250721,10,BU54,,,Geoffrey Blancaneaux,R,180,FRA,26.951,257,214,GA79,,,Lorenzo Giustino,R,180,ITA,33.862,294,179,7-6(7) 6-4,3,R32,124,2,7,74,38,22,18,11,1,5,5,1,72,50,32,6,11,1,6
2025-2785,Zug,Clay,32,C,O,20250721,11,B0FV,,,Roman Andres Burruchaga,R,183,ARG,23.491,124,488,S0LA,,,Dominic Stricker,L,183,SUI,22.93,205,270,7-5 6-4,3,R32,84,4,2,61,38,30,14,11,4,5,5,2,65,42,30,11,11,4,7
2025-2785,Zug,Clay,32,C,O,20250721,12,CC66,,,Andrea Collarini,L,183,ARG,33.47,235,238,F0F4,,,Kilian Feldbausch,R,191,SUI,19.869,386,124,6-4 7-6(6),3,R32,126,1,2,87,58,35,13,11,6,10,0,2,71,45,24,12,11,5,10
2025-2785,Zug,Clay,32,C,O,20250721,13,F840,,,Nerman Fatic,R,191,BIH,30.741,248,225,KC33,,,Dimitar Kuzmanov,R,183,BUL,31.981,264,204,5-7 6-4 6-2,3,R32,124,8,0,77,47,36,19,15,3,6,5,1,91,53,40,14,15,2,7
2025-2785,Zug,Clay,32,C,O,20250721,14,P0D0,,,Jakub Paul,R,180,SUI,26.333,350,141,N663,,,Maximilian Neuchrist,R,,AUT,33.999,406,114,6-4 6-3,3,R32,91,3,0,56,36,26,13,9,5,6,1,3,72,45,32,6,10,7,11
2025-2785,Zug,Clay,32,C,O,20250721,15,V0DP,,,Adolfo Daniel Vallejo,R,183,PAR,21.229,246,226,MJ98,,,Facundo Mena,R,183,ARG,32.827,252,221,6-1 6-2,3,R32,61,0,0,36,26,23,6,7,0,0,1,3,48,28,13,7,8,0,5
2025-2785,Zug,Clay,32,C,O,20250721,16,Y218,,,Elias Ymer,R,185,SWE,29.279,237,236,BU70,,,Remy Bertola,R,175,SUI,26.888,352,141,4-6 6-3 7-6(4),3,R32,143,11,1,96,64,45,15,16,3,7,2,9,115,75,54,11,15,7,11
2025-2785,Zug,Clay,32,C,O,20250721,17,P09O,1,,Zsombor Piros,R,180,HUN,25.771,168,334,F840,,,Nerman Fatic,R,191,BIH,30.741,248,225,6-3 6-4,3,R16,73,3,0,50,26,22,15,10,0,1,5,2,61,42,24,10,9,7,10
2025-2785,Zug,Clay,32,C,O,20250721,18,HH06,2,,Marc-Andrea Huesler,L,196,SUI,29.073,170,332,B0FV,,,Roman Andres Burruchaga,R,183,ARG,23.491,124,488,7-6(6) 6-2,3,R16,92,5,3,63,33,29,14,10,0,2,5,4,72,48,32,9,10,6,10
2025-2785,Zug,Clay,32,C,O,20250721,19,P0D0,,,Jakub Paul,R,180,SUI,26.333,350,141,HB48,3,,Calvin Hemery,R,191,FRA,30.478,166,338,6-3 6-1,3,R16,71,3,0,43,31,26,7,8,1,1,1,1,47,28,15,10,8,2,6
2025-2785,Zug,Clay,32,C,O,20250721,20,M0G4,4,,Harold Mayot,R,180,FRA,23.458,171,331,Y218,,,Elias Ymer,R,185,SWE,29.279,237,236,6-3 6-1,3,R16,73,6,1,52,39,28,6,8,4,5,3,2,55,37,19,6,8,5,10
2025-2785,Zug,Clay,32,C,O,20250721,21,D0CG,7,,Facundo Diaz Acosta,L,183,ARG,24.597,186,298,V0DP,,,Adolfo Daniel Vallejo,R,183,PAR,21.229,246,226,7-6(5) 6-2,3,R16,119,5,1,69,49,36,12,10,4,5,1,4,77,45,28,16,10,9,12
2025-2785,Zug,Clay,32,C,O,20250721,22,B0LW,,,Mika Brunold,R,191,SUI,20.799,300,168,CC66,,,Andrea Collarini,L,183,ARG,33.47,235,238,3-6 6-1 6-2,3,R16,120,4,3,90,59,41,14,12,9,11,3,2,75,57,32,9,12,4,9
2025-2785,Zug,Clay,32,C,O,20250721,23,KI63,,,Lukas Klein,R,193,SVK,27.332,147,405,B0TP,,,Henry Bernet,R,191,SUI,18.486,731,37,6-4 3-6 6-3,3,R16,119,5,3,83,58,47,8,14,1,2,4,4,93,56,40,22,14,6,8
2025-2785,Zug,Clay,32,C,O,20250721,24,S0KT,,,Stefanos Sakellaridis,R,198,GRE,20.851,393,121,BU54,,,Geoffrey Blancaneaux,R,180,FRA,26.951,257,214,6-4 6-3,3,R16,77,8,0,50,37,29,9,9,2,2,0,3,59,36,25,11,10,2,5
2025-2785,Zug,Clay,32,C,O,20250721,25,S0KT,,,Stefanos Sakellaridis,R,198,GRE,20.851,393,121,P09O,1,,Zsombor Piros,R,180,HUN,25.771,168,334,5-7 7-6(4) 6-4,3,QF,157,11,3,115,59,45,30,17,9,12,5,6,107,67,50,20,17,3,6
2025-2785,Zug,Clay,32,C,O,20250721,26,KI63,,,Lukas Klein,R,193,SVK,27.332,147,405,HH06,2,,Marc-Andrea Huesler,L,196,SUI,29.073,170,332,6-2 7-5,3,QF,95,12,2,59,36,31,13,10,5,5,4,2,88,46,30,20,10,16,19
2025-2785,Zug,Clay,32,C,O,20250721,27,M0G4,4,,Harold Mayot,R,180,FRA,23.458,171,331,B0LW,,,Mika Brunold,R,191,SUI,20.799,300,168,6-3 6-4,3,QF,79,3,2,58,35,29,13,10,1,1,3,1,53,35,24,11,9,2,4
2025-2785,Zug,Clay,32,C,O,20250721,28,P0D0,,,Jakub Paul,R,180,SUI,26.333,350,141,D0CG,7,,Facundo Diaz Acosta,L,183,ARG,24.597,186,298,6-2 7-5,3,QF,110,2,2,90,60,35,13,10,9,13,1,1,69,41,21,9,10,9,16
2025-2785,Zug,Clay,32,C,O,20250721,29,M0G4,4,,Harold Mayot,R,180,FRA,23.458,171,331,S0KT,,,Stefanos Sakellaridis,R,198,GRE,20.851,393,121,6-3 6-7(3) 6-3,3,SF,120,7,0,98,61,50,20,16,1,1,9,2,88,57,38,20,14,1,3
2025-2785,Zug,Clay,32,C,O,20250721,30,KI63,,,Lukas Klein,R,193,SVK,27.332,147,405,P0D0,,,Jakub Paul,R,180,SUI,26.333,350,141,6-1 6-4,3,SF,56,3,1,46,34,29,9,9,1,1,2,0,46,33,21,5,8,2,5
2025-2785,Zug,Clay,32,C,O,20250721,31,KI63,,,Lukas Klein,R,193,SVK,27.332,147,405,M0G4,4,,Harold Mayot,R,180,FRA,23.458,171,331,6-2 6-7(4) 6-4,3,F,107,11,2,81,56,44,18,15,0,0,8,7,90,54,43,16,15,2,5
2025-2883,Bloomfield Hills,Hard,32,C,O,20250721,1,H09F,,,Yu Hsiou Hsu,R,178,TPE,26.303,236,237,B0NN,1,,Nishesh Basavareddy,R,180,USA,20.219,112,580,6-3 6-4,3,R32,84,8,1,55,35,30,11,10,0,0,2,1,65,44,29,9,9,4,6
2025-2883,Bloomfield Hills,Hard,32,C,O,20250721,2,N09U,,,Rio Noguchi,R,168,JPN,26.563,213,259,M0HU,2,,Shintaro Mochizuki,R,175,JPN,22.136,123,491,6-4 RET,3,R32,53,0,0,35,23,14,5,5,4,6,1,3,36,17,10,8,5,5,8
2025-2883,Bloomfield Hills,Hard,32,C,O,20250721,3,B0PG,3,,Alexander Blockx,R,193,BEL,20.285,122,493,H0B5,,,Tsung-Hao Huang,R,173,TPE,25.662,544,69,6-2 6-1,3,R32,53,0,1,40,26,18,8,8,0,2,0,6,47,17,9,8,7,3,9
2025-2883,Bloomfield Hills,Hard,32,C,O,20250721,4,E865,4,,Christopher Eubanks,R,201,USA,29.21,155,362,U134,,,Yasutaka Uchiyama,R,183,JPN,32.958,226,247,6-7(3) 7-6(4) 6-3,3,R32,139,14,7,92,61,59,17,17,0,0,10,1,97,59,42,29,16,0,1
2025-2883,Bloomfield Hills,Hard,32,C,O,20250721,5,S0JA,5,,Eliot Spizzirri,R,185,USA,23.576,131,458,S0UV,,,Rei Sakamoto,R,193,JPN,19.075,206,268,3-6 6-3 6-4,3,R32,150,4,6,94,63,46,12,14,7,10,8,3,106,73,47,14,14,11,15
2025-2883,Bloomfield Hills,Hard,32,C,O,20250721,6,H09N,6,,August Holmgren,R,188,DEN,27.247,146,411,J0B5,,,Garrett Johns,R,180,USA,24.591,344,144,6-1 6-4,3,R32,69,3,3,47,25,23,14,9,0,0,7,1,54,28,24,9,8,5,8
2025-2883,Bloomfield Hills,Hard,32,C,O,20250721,7,TC01,7,,Li Tu,R,183,AUS,29.15,163,344,K0LX,,,Nicolas Ian Kotzen,R,196,USA,22.333,1249,6,4-6 6-3 6-4,3,R32,133,13,5,80,42,39,18,15,0,1,5,7,102,61,45,19,14,10,12
2025-2883,Bloomfield Hills,Hard,32,C,O,20250721,8,M0NP,,,Andres Martin,R,183,USA,24.038,335,148,HF80,8,,Hady Habib,R,188,LBN,26.916,174,320,6-2 6-2,3,R32,60,2,0,44,33,22,6,8,1,3,3,4,49,29,16,5,8,5,11
2025-2883,Bloomfield Hills,Hard,32,C,O,20250721,9,F0DM,,,Arthur Fery,R,175,GBR,23.025,349,141,BI81,,,Alex Bolt,L,183,AUS,32.539,227,246,6-4 4-6 6-2,3,R32,138,10,5,82,50,35,20,14,1,3,9,3,117,67,39,25,14,6,10
2025-2883,Bloomfield Hills,Hard,32,C,O,20250721,10,GK06,,,Alexis Galarneau,R,180,CAN,26.387,198,277,K0A3,,,Patrick Kypson,R,188,USA,25.73,214,258,6-4 6-7(2) 6-3,3,R32,155,8,2,89,54,46,20,16,2,3,16,4,101,59,48,19,15,3,6
2025-2883,Bloomfield Hills,Hard,32,C,O,20250721,11,L0GH,,,Mark Lajal,R,191,EST,22.193,181,309,J553,,,Omar Jasika,L,183,AUS,28.175,202,274,6-0 6-3,3,R32,52,5,0,38,27,25,7,8,0,0,0,0,44,28,12,9,7,2,6
2025-2883,Bloomfield Hills,Hard,32,C,O,20250721,12,M0NB,,,Aidan Mayo,R,183,USA,22.188,289,181,K0E6,,,Alibek Kachmazov,R,185,RUS,22.927,183,308,7-6(5) 6-2,3,R32,133,5,7,98,47,31,24,10,11,14,7,5,76,39,25,14,10,6,11
2025-2883,Bloomfield Hills,Hard,32,C,O,20250721,13,S0AQ,,,Yuta Shimizu,L,163,JPN,26.116,211,259,M0AW,,,Nicolas Mejia,R,183,COL,25.44,240,233,6-4 6-2,3,R32,84,1,2,56,33,24,12,9,2,3,1,1,54,31,20,9,9,2,6
2025-2883,Bloomfield Hills,Hard,32,C,O,20250721,14,W857,,,Tung-Lin Wu,R,188,TPE,27.192,286,183,M0RE,,,Patrick Maloney,R,193,USA,25.446,324,155,7-6(11) 6-2,3,R32,107,5,1,68,44,36,14,10,1,1,11,1,71,47,35,12,10,1,3
2025-2883,Bloomfield Hills,Hard,32,C,O,20250721,15,Z0BZ,,,Michael Zheng,R,188,USA,21.481,453,95,P0J1,,,Rodrigo Pacheco Mendez,L,191,MEX,20.238,220,252,7-5 6-2,3,R32,93,10,2,63,40,30,12,10,4,5,3,2,62,36,21,13,10,4,8
2025-2883,Bloomfield Hills,Hard,32,C,O,20250721,16,Z0CQ,,,Yi Zhou,R,193,CHN,20.353,310,165,SY67,,,Sho Shimabukuro,R,180,JPN,27.975,207,265,6-3 5-7 6-4,3,R32,154,7,3,105,66,50,19,16,5,7,13,5,123,66,45,31,15,11,14
2025-2883,Bloomfield Hills,Hard,32,C,O,20250721,17,F0DM,,,Arthur Fery,R,175,GBR,23.025,349,141,B0PG,3,,Alexander Blockx,R,193,BEL,20.285,122,493,6-4 6-3,3,R16,78,2,1,57,33,23,13,9,2,4,7,0,60,41,23,6,10,3,8
2025-2883,Bloomfield Hills,Hard,32,C,O,20250721,18,Z0CQ,,,Yi Zhou,R,193,CHN,20.353,310,165,E865,4,,Christopher Eubanks,R,201,USA,29.21,155,362,7-6(5) 6-1,3,R16,83,5,0,54,39,33,8,9,0,0,8,4,68,42,28,14,10,3,6
2025-2883,Bloomfield Hills,Hard,32,C,O,20250721,19,S0JA,5,,Eliot Spizzirri,R,185,USA,23.576,131,458,Z0BZ,,,Michael Zheng,R,188,USA,21.481,453,95,6-4 4-6 7-6(4),3,R16,171,7,2,107,67,42,23,16,0,4,1,1,100,37,26,35,16,6,10
2025-2883,Bloomfield Hills,Hard,32,C,O,20250721,20,L0GH,,,Mark Lajal,R,191,EST,22.193,181,309,H09N,6,,August Holmgren,R,188,DEN,27.247,146,411,6-1 6-2,3,R16,59,4,3,47,32,28,7,8,0,0,3,6,35,19,16,1,7,1,5
2025-2883,Bloomfield Hills,Hard,32,C,O,20250721,21,W857,,,Tung-Lin Wu,R,188,TPE,27.192,286,183,TC01,7,,Li Tu,R,183,AUS,29.15,163,344,3-6 7-6(2) 6-4,3,R16,133,4,3,95,69,52,17,15,10,11,20,3,94,52,42,25,16,3,4
2025-2883,Bloomfield Hills,Hard,32,C,O,20250721,22,GK06,,,Alexis Galarneau,R,180,CAN,26.387,198,277,N09U,,,Rio Noguchi,R,168,JPN,26.563,213,259,6-1 6-4,3,R16,91,2,1,53,32,25,13,9,1,1,1,1,76,50,29,11,8,10,13
2025-2883,Bloomfield Hills,Hard,32,C,O,20250721,23,H09F,,,Yu Hsiou Hsu,R,178,TPE,26.303,236,237,M0NB,,,Aidan Mayo,R,183,USA,22.188,289,181,6-3 6-2,3,R16,95,4,1,52,33,23,14,9,0,0,6,6,58,30,20,12,8,5,8
2025-2883,Bloomfield Hills,Hard,32,C,O,20250721,24,M0NP,,,Andres Martin,R,183,USA,24.038,335,148,S0AQ,,,Yuta Shimizu,L,163,JPN,26.116,211,259,7-5 6-3,3,R16,91,1,2,67,45,33,11,11,3,4,2,3,62,36,22,14,10,4,7
2025-2883,Bloomfield Hills,Hard,32,C,O,20250721,25,S0JA,5,,Eliot Spizzirri,R,185,USA,23.576,131,458,Z0CQ,,,Yi Zhou,R,193,CHN,20.353,310,165,6-1 6-2,3,QF,81,2,2,51,33,23,12,7,3,3,2,4,56,29,14,12,8,4,9
2025-2883,Bloomfield Hills,Hard,32,C,O,20250721,26,H09F,,,Yu Hsiou Hsu,R,178,TPE,26.303,236,237,W857,,,Tung-Lin Wu,R,188,TPE,27.192,286,183,7-6(5) 3-6 7-6(4),3,QF,191,5,4,116,72,48,23,16,6,10,5,1,128,92,58,22,17,10,13
2025-2883,Bloomfield Hills,Hard,32,C,O,20250721,27,L0GH,,,Mark Lajal,R,191,EST,22.193,181,309,F0DM,,,Arthur Fery,R,175,GBR,23.025,349,141,6-1 5-7 6-3,3,QF,137,5,2,84,51,38,17,14,4,6,2,4,82,38,24,22,14,6,11
2025-2883,Bloomfield Hills,Hard,32,C,O,20250721,28,M0NP,,,Andres Martin,R,183,USA,24.038,335,148,GK06,,,Alexis Galarneau,R,180,CAN,26.387,198,277,4-6 7-6(6) 6-1,3,QF,180,5,3,103,62,43,20,14,7,10,6,7,102,63,41,18,15,5,10
2025-2883,Bloomfield Hills,Hard,32,C,O,20250721,29,M0NP,,,Andres Martin,R,183,USA,24.038,335,148,S0JA,5,,Eliot Spizzirri,R,185,USA,23.576,131,458,6-1 7-6(5),3,SF,102,1,1,62,43,30,13,10,0,1,1,2,52,26,18,13,9,1,4
2025-2883,Bloomfield Hills,Hard,32,C,O,20250721,30,L0GH,,,Mark Lajal,R,191,EST,22.193,181,309,H09F,,,Yu Hsiou Hsu,R,178,TPE,26.303,236,237,6-3 6-0,3,SF,61,8,1,39,24,23,9,8,0,0,1,3,46,28,15,7,7,5,9
2025-2883,Bloomfield Hills,Hard,32,C,O,20250721,31,L0GH,,,Mark Lajal,R,191,EST,22.193,181,309,M0NP,,,Andres Martin,R,183,USA,24.038,335,148,6-7(7) 7-5 7-6(9),3,F,203,7,9,124,62,45,36,18,6,9,9,5,113,65,46,28,18,1,5
2025-783,Segovia,Hard,32,C,O,20250721,1,S0W8,,,Aryan Shah,R,183,IND,19.663,442,99,A0CJ,1,,Duje Ajdukovic,R,188,CRO,24.454,267,203,4-6 6-4 6-4,3,R32,99,10,0,78,45,39,19,15,2,4,10,2,88,56,40,17,15,3,6
2025-783,Segovia,Hard,32,C,O,20250721,2,GF95,2,,Hugo Grenier,R,196,FRA,29.328,190,291,G0G2,,,Mario Gonzalez Fernandez,R,185,ESP,23.231,683,46,6-3 6-1,3,R32,67,4,3,42,23,19,11,8,0,1,1,6,45,27,12,7,8,1,6
2025-783,Segovia,Hard,32,C,O,20250721,3,DF88,3,,Aziz Dougaz,L,188,TUN,28.32,225,247,C0JT,,,Robin Catry,R,196,FRA,23.376,626,52,6-3 3-6 7-5,3,R32,129,5,5,81,50,43,16,15,1,2,3,2,98,62,44,20,15,5,7
2025-783,Segovia,Hard,32,C,O,20250721,4,S0BT,,,Adria Soriano Barrera,R,191,COL,26.136,308,166,B0ER,4,,Arthur Bouquier,R,188,FRA,24.569,217,254,6-1 1-6 6-2,3,R32,79,7,4,57,39,30,8,11,1,4,11,9,64,31,23,12,11,3,8
2025-783,Segovia,Hard,32,C,O,20250721,5,M0ON,5,,Johannus Monday,L,198,GBR,23.493,216,255,RH50,,,Arthur Reymond,L,180,FRA,26.303,511,76,6-4 7-6(4),3,R32,95,8,4,66,38,34,14,11,0,0,8,2,77,37,26,25,11,4,5
2025-783,Segovia,Hard,32,C,O,20250721,6,C0AK,6,,Oliver Crawford,R,180,GBR,26.226,232,240,S0EK,,,Matias Soto,R,170,CHI,26.234,254,217,6-3 7-6(2),3,R32,103,6,3,71,42,30,17,11,3,5,3,7,71,40,25,14,10,3,6
2025-783,Segovia,Hard,32,C,O,20250721,7,MW76,,,Matteo Martineau,R,183,FRA,26.511,276,193,C0BH,7,,Clement Chidekh,R,180,FRA,24.104,231,244,6-4 3-6 6-1,3,R32,114,9,8,77,43,36,15,13,2,4,3,9,81,45,33,16,13,4,8
2025-783,Segovia,Hard,32,C,O,20250721,8,E768,8,,Antoine Escoffier,R,185,FRA,33.391,261,210,E0AU,,,John Echeverria,R,180,ESP,23.639,587,60,6-4 1-6 6-3,3,R32,142,7,7,99,66,39,19,13,6,9,3,4,75,41,29,19,13,5,8
2025-783,Segovia,Hard,32,C,O,20250721,9,A09U,,,Nicolas Alvarez Varona,R,188,ESP,24.175,298,172,SX90,,,Fajing Sun,R,178,CHN,28.797,201,274,6-3 6-2,3,R32,71,6,1,45,31,27,9,9,0,0,2,2,49,26,18,11,8,4,7
2025-783,Segovia,Hard,32,C,O,20250721,10,B0JJ,,,Robin Bertrand,R,178,FRA,22.352,330,151,C0AJ,,,Jie Cui,R,183,CHN,27.488,281,191,6-0 7-6(9),3,R32,110,2,2,68,53,37,7,9,4,6,2,3,71,51,30,8,9,4,9
2025-783,Segovia,Hard,32,C,O,20250721,11,BV24,,,Raul Brancaccio,R,183,ITA,28.214,332,150,C0HB,,,Eliakim Coulibaly,L,180,CIV,23.211,272,196,7-6(5) 7-6(5),3,R32,99,7,4,81,56,38,12,12,4,7,3,7,76,35,27,19,12,2,5
2025-783,Segovia,Hard,32,C,O,20250721,12,B0MM,,,Edas Butvilas,R,191,LTU,20.994,245,227,S0NV,,,Abdullah Shelbayh,L,180,JOR,21.678,364,135,6-1 6-3,3,R32,75,3,3,57,38,33,7,8,2,2,4,7,52,28,19,8,8,2,6
2025-783,Segovia,Hard,32,C,O,20250721,13,J0DZ,,,Rafael Jodar,R,191,ESP,18.842,532,72,W0BB,,,Max Wiskandt,R,191,GER,23.466,420,108,6-2 6-3,3,R32,84,2,1,50,26,20,18,9,3,3,3,3,67,41,26,11,8,7,10
2025-783,Segovia,Hard,32,C,O,20250721,14,L0CF,,,George Loffhagen,R,188,GBR,24.255,292,180,PH78,,,Ryan Peniston,L,180,GBR,29.695,241,232,6-2 7-5,3,R32,119,6,1,65,37,25,17,10,2,4,5,8,78,40,28,14,10,13,18
2025-783,Segovia,Hard,32,C,O,20250721,15,M0NL,,,Inaki Montes-De La Torre,R,178,ESP,22.798,376,130,D0AR,,,Mateus Alves,R,193,BRA,24.49,355,138,6-4 6-4,3,R32,92,3,4,57,32,27,17,10,1,1,7,4,79,49,33,13,10,5,7
2025-783,Segovia,Hard,32,C,O,20250721,16,P0EA,,,Saba Purtseladze,R,191,GEO,23.918,273,196,SR81,,,Khumoyun Sultanov,R,180,UZB,26.732,268,201,4-6 6-4 6-3,3,R32,128,12,9,104,60,38,18,15,10,15,5,7,87,46,32,18,14,8,14
2025-783,Segovia,Hard,32,C,O,20250721,17,L0CF,,,George Loffhagen,R,188,GBR,24.255,292,180,GF95,2,,Hugo Grenier,R,196,FRA,29.328,190,291,7-6(4) 6-7(4) 6-4,3,R16,181,14,9,114,65,51,28,17,2,3,7,8,110,69,56,22,17,7,9
2025-783,Segovia,Hard,32,C,O,20250721,18,A09U,,,Nicolas Alvarez Varona,R,188,ESP,24.175,298,172,DF88,3,,Aziz Dougaz,L,188,TUN,28.32,225,247,W/O,3,R16,,,,,,,,,,,,,,,,,,,
2025-783,Segovia,Hard,32,C,O,20250721,19,M0ON,5,,Johannus Monday,L,198,GBR,23.493,216,255,M0NL,,,Inaki Montes-De La Torre,R,178,ESP,22.798,376,130,4-6 7-5 6-3,3,R16,168,11,5,107,65,45,23,16,7,10,3,7,112,70,49,18,15,15,19
2025-783,Segovia,Hard,32,C,O,20250721,20,C0AK,6,,Oliver Crawford,R,180,GBR,26.226,232,240,B0JJ,,,Robin Bertrand,R,178,FRA,22.352,330,151,6-1 6-2,3,R16,73,4,0,45,28,19,12,8,1,2,1,0,49,35,14,7,7,2,7
2025-783,Segovia,Hard,32,C,O,20250721,21,B0MM,,,Edas Butvilas,R,191,LTU,20.994,245,227,E768,8,,Antoine Escoffier,R,185,FRA,33.391,261,210,3-6 6-1 6-1,3,R16,102,2,4,67,43,33,9,12,2,5,4,6,69,33,22,10,11,5,11
2025-783,Segovia,Hard,32,C,O,20250721,22,J0DZ,,,Rafael Jodar,R,191,ESP,18.842,532,72,MW76,,,Matteo Martineau,R,183,FRA,26.511,276,193,6-7(4) 7-6(4) 6-3,3,R16,160,6,4,122,81,59,26,17,4,5,5,5,113,81,62,14,16,7,9
2025-783,Segovia,Hard,32,C,O,20250721,23,S0W8,,,Aryan Shah,R,183,IND,19.663,442,99,P0EA,,,Saba Purtseladze,R,191,GEO,23.918,273,196,6-4 6-4,3,R16,81,2,1,52,24,18,21,10,3,4,8,3,62,30,23,15,10,4,7
2025-783,Segovia,Hard,32,C,O,20250721,24,S0BT,,,Adria Soriano Barrera,R,191,COL,26.136,308,166,BV24,,,Raul Brancaccio,R,183,ITA,28.214,332,150,7-6(3) 6-7(5) 7-6(4),3,R16,167,12,6,150,94,68,25,18,12,14,2,11,114,70,51,24,18,2,4
2025-783,Segovia,Hard,32,C,O,20250721,25,A09U,,,Nicolas Alvarez Varona,R,188,ESP,24.175,298,172,M0ON,5,,Johannus Monday,L,198,GBR,23.493,216,255,6-4 7-6(5),3,QF,113,4,6,78,55,35,12,11,5,7,9,8,85,45,29,18,11,6,9
2025-783,Segovia,Hard,32,C,O,20250721,26,S0W8,,,Aryan Shah,R,183,IND,19.663,442,99,C0AK,6,,Oliver Crawford,R,180,GBR,26.226,232,240,7-6(4) 6-4,3,QF,96,7,4,72,33,26,16,11,1,4,7,0,61,41,22,12,11,0,4
2025-783,Segovia,Hard,32,C,O,20250721,27,B0MM,,,Edas Butvilas,R,191,LTU,20.994,245,227,S0BT,,,Adria Soriano Barrera,R,191,COL,26.136,308,166,7-6(8) 7-6(5),3,QF,124,5,1,98,70,54,14,12,5,6,5,0,88,65,47,15,12,3,4
2025-783,Segovia,Hard,32,C,O,20250721,28,L0CF,,,George Loffhagen,R,188,GBR,24.255,292,180,J0DZ,,,Rafael Jodar,R,191,ESP,18.842,532,72,6-4 7-6(5),3,QF,109,6,3,65,32,25,23,11,3,4,0,1,75,42,28,20,11,3,5
2025-783,Segovia,Hard,32,C,O,20250721,29,A09U,,,Nicolas Alvarez Varona,R,188,ESP,24.175,298,172,S0W8,,,Aryan Shah,R,183,IND,19.663,442,99,7-5 2-6 6-3,3,SF,132,12,1,99,72,46,18,15,6,9,8,3,87,40,30,26,14,2,5
2025-783,Segovia,Hard,32,C,O,20250721,30,L0CF,,,George Loffhagen,R,188,GBR,24.255,292,180,B0MM,,,Edas Butvilas,R,191,LTU,20.994,245,227,6-3 3-6 7-6(5),3,SF,119,12,8,86,47,37,25,15,0,2,4,1,82,59,45,16,15,1,3
2025-783,Segovia,Hard,32,C,O,20250721,31,L0CF,,,George Loffhagen,R,188,GBR,24.255,292,180,A09U,,,Nicolas Alvarez Varona,R,188,ESP,24.175,298,172,7-6(4) 6-7(4) 6-4,3,F,177,19,6,113,64,53,26,17,6,7,2,1,108,78,57,19,17,5,7
2025-586,Lexington,Hard,32,C,O,20250728,1,B0NN,1,,Nishesh Basavareddy,R,180,USA,20.238,110,580,P0J1,,,Rodrigo Pacheco Mendez,L,191,MEX,20.257,220,252,6-3 6-3,3,R32,85,6,1,50,28,20,15,9,1,2,5,4,61,35,22,9,9,7,11
2025-586,Lexington,Hard,32,C,O,20250728,2,S0JA,,,Eliot Spizzirri,R,185,USA,23.595,124,477,D0D4,,,Stefan Dostanic,R,188,USA,23.729,424,107,6-3 6-2,3,R32,94,5,0,53,43,30,5,9,1,3,5,1,80,56,32,6,8,9,14
2025-586,Lexington,Hard,32,C,O,20250728,3,E687,3,,Daniel Evans,R,175,GBR,35.181,129,465,AG08,,,Andres Andrade,R,180,ECU,26.62,251,215,6-3 6-3,3,R32,89,5,6,55,30,25,13,9,2,3,0,3,60,27,19,11,9,7,11
2025-586,Lexington,Hard,32,C,O,20250728,4,M0AW,,,Nicolas Mejia,R,183,COL,25.459,242,231,H09N,4,,August Holmgren,R,188,DEN,27.266,144,418,6-7(5) 7-5 5-1 RET,3,R32,167,7,2,89,52,39,26,15,1,2,16,9,99,56,40,22,15,10,14
2025-586,Lexington,Hard,32,C,O,20250728,5,S0DE,,,Dhakshineswar Suresh,R,196,IND,25.331,788,29,HD68,5,,Billy Harris,R,193,GBR,30.505,146,405,6-3 7-5,3,R32,86,9,1,56,36,30,12,11,1,2,3,2,70,35,24,17,10,8,11
2025-586,Lexington,Hard,32,C,O,20250728,6,S0K7,6,,Zachary Svajda,R,175,USA,22.661,148,399,RG42,,,Alex Rybakov,L,185,USA,28.498,314,159,6-2 7-6(10),3,R32,99,13,0,64,39,33,18,10,3,3,9,0,80,62,42,8,10,6,8
2025-586,Lexington,Hard,32,C,O,20250728,7,E865,7,,Christopher Eubanks,R,201,USA,29.229,155,369,M0NB,,,Aidan Mayo,R,183,USA,22.207,285,182,7-6(4) 3-6 6-3,3,R32,152,5,8,106,62,50,18,15,7,9,7,5,98,51,35,27,15,6,8
2025-586,Lexington,Hard,32,C,O,20250728,8,HF80,8,,Hady Habib,R,188,LBN,26.935,169,320,Z0CQ,,,Yi Zhou,R,193,CHN,20.372,327,154,6-1 6-2,3,R32,59,12,4,48,28,23,11,8,1,1,3,3,46,27,16,7,7,4,8
2025-586,Lexington,Hard,32,C,O,20250728,9,H09F,,,Yu Hsiou Hsu,R,178,TPE,26.322,217,254,C0HT,,,Murphy Cassone,R,188,USA,22.949,175,312,6-2 6-3,3,R32,71,0,0,43,29,20,12,8,0,0,5,5,66,37,23,13,9,8,12
2025-586,Lexington,Hard,32,C,O,20250728,10,H0DC,,,Giles Hussey,L,185,GBR,28.172,446,97,BI81,,,Alex Bolt,L,183,AUS,32.559,226,246,6-4 3-6 6-3,3,R32,124,8,2,88,54,40,17,14,5,7,2,4,83,54,39,15,14,4,7
2025-586,Lexington,Hard,32,C,O,20250728,11,K0E6,,,Alibek Kachmazov,R,185,RUS,22.946,179,304,Z09Z,,,Beibit Zhukayev,R,198,KAZ,24.791,203,269,7-6(3) 6-7(2) 7-6(1),3,R32,198,12,9,125,72,57,25,18,5,8,15,6,120,65,52,27,18,5,8
2025-586,Lexington,Hard,32,C,O,20250728,12,L0GH,,,Mark Lajal,R,191,EST,22.212,147,403,HG86,,,Lloyd Harris,R,193,RSA,28.422,376,129,7-5 4-2 RET,3,R32,101,5,5,70,38,29,18,9,7,7,8,11,61,32,27,10,9,3,5
2025-586,Lexington,Hard,32,C,O,20250728,13,M0G0,,,Ryuki Matsuda,R,157,JPN,25.582,503,79,J553,,,Omar Jasika,L,183,AUS,28.194,204,269,6-7(2) 7-5 1-0 RET,3,R32,164,2,0,95,50,33,24,13,11,13,3,5,88,53,37,18,12,7,10
2025-586,Lexington,Hard,32,C,O,20250728,14,S0UV,,,Rei Sakamoto,R,193,JPN,19.094,205,268,G0IW,,,Antoine Ghibaudo,R,191,FRA,20.504,470,87,1-6 6-4 6-2,3,R32,120,7,3,67,36,26,15,12,0,4,4,4,85,55,38,10,13,7,12
2025-586,Lexington,Hard,32,C,O,20250728,15,TA46,,,Bernard Tomic,R,196,AUS,32.767,211,262,B0I6,,,Samir Banerjee,R,188,USA,21.821,516,75,6-4 6-4,3,R32,79,3,3,52,26,20,18,10,0,1,5,4,65,41,25,13,10,9,12
2025-586,Lexington,Hard,32,C,O,20250728,16,Z0BZ,,,Michael Zheng,R,188,USA,21.5,444,98,M0NP,,,Andres Martin,R,183,USA,24.057,275,195,6-4 6-4,3,R32,95,4,0,51,35,30,11,10,3,3,2,2,70,32,22,21,10,5,7
2025-586,Lexington,Hard,32,C,O,20250728,17,B0NN,1,,Nishesh Basavareddy,R,180,USA,20.238,110,580,K0E6,,,Alibek Kachmazov,R,185,RUS,22.946,179,304,7-5 6-0,3,R16,94,5,2,51,32,27,9,9,5,6,5,5,59,28,18,11,9,3,8
2025-586,Lexington,Hard,32,C,O,20250728,18,S0JA,,,Eliot Spizzirri,R,185,USA,23.595,124,477,S0UV,,,Rei Sakamoto,R,193,JPN,19.094,205,268,7-6(5) 6-7(7) 4-3 RET,3,R16,161,5,4,113,69,50,27,16,5,7,14,3,98,63,45,21,15,2,4
2025-586,Lexington,Hard,32,C,O,20250728,19,Z0BZ,,,Michael Zheng,R,188,USA,21.5,444,98,E687,3,,Daniel Evans,R,175,GBR,35.181,129,465,6-1 6-3,3,R16,75,7,1,40,23,18,12,8,0,1,1,3,54,29,15,9,8,4,9
2025-586,Lexington,Hard,32,C,O,20250728,20,S0K7,6,,Zachary Svajda,R,175,USA,22.661,148,399,M0G0,,,Ryuki Matsuda,R,157,JPN,25.582,503,79,6-1 6-0,3,R16,60,5,4,42,24,22,8,7,1,1,0,1,46,27,13,5,6,2,7
2025-586,Lexington,Hard,32,C,O,20250728,21,H09F,,,Yu Hsiou Hsu,R,178,TPE,26.322,217,254,E865,7,,Christopher Eubanks,R,201,USA,29.229,155,369,6-4 6-4,3,R16,73,7,0,53,39,30,11,10,2,2,11,1,56,38,27,11,10,1,3
2025-586,Lexington,Hard,32,C,O,20250728,22,H0DC,,,Giles Hussey,L,185,GBR,28.172,446,97,HF80,8,,Hady Habib,R,188,LBN,26.935,169,320,7-6(7) 6-3,3,R16,111,4,3,66,41,31,16,11,0,1,7,3,74,47,39,8,10,7,9
2025-586,Lexington,Hard,32,C,O,20250728,23,S0DE,,,Dhakshineswar Suresh,R,196,IND,25.331,788,29,L0GH,,,Mark Lajal,R,191,EST,22.212,147,403,6-7(4) 6-4 6-4,3,R16,161,9,5,111,65,52,29,16,6,6,8,13,108,68,54,20,16,5,7
2025-586,Lexington,Hard,32,C,O,20250728,24,TA46,,,Bernard Tomic,R,196,AUS,32.767,211,262,M0AW,,,Nicolas Mejia,R,183,COL,25.459,242,231,7-6(4) 6-3,3,R16,138,10,0,74,45,34,17,11,2,3,3,0,77,48,30,17,10,5,7
2025-586,Lexington,Hard,32,C,O,20250728,25,S0K7,6,,Zachary Svajda,R,175,USA,22.661,148,399,B0NN,1,,Nishesh Basavareddy,R,180,USA,20.238,110,580,1-6 7-5 6-4,3,QF,119,7,3,89,48,33,22,15,10,14,4,3,80,45,29,20,14,2,5
2025-586,Lexington,Hard,32,C,O,20250728,26,S0JA,,,Eliot Spizzirri,R,185,USA,23.595,124,477,S0DE,,,Dhakshineswar Suresh,R,196,IND,25.331,788,29,7-6(4) 6-4,3,QF,109,7,1,69,47,38,15,11,1,1,8,2,80,51,36,18,11,3,4
2025-586,Lexington,Hard,32,C,O,20250728,27,H09F,,,Yu Hsiou Hsu,R,178,TPE,26.322,217,254,Z0BZ,,,Michael Zheng,R,188,USA,21.5,444,98,6-1 7-5,3,QF,87,2,1,57,42,34,10,10,2,2,1,0,59,34,21,14,9,4,7
2025-586,Lexington,Hard,32,C,O,20250728,28,TA46,,,Bernard Tomic,R,196,AUS,32.767,211,262,H0DC,,,Giles Hussey,L,185,GBR,28.172,446,97,7-6(5) 6-3,3,QF,102,4,0,71,42,29,20,10,2,2,2,4,72,42,30,14,11,2,4
2025-586,Lexington,Hard,32,C,O,20250728,29,TA46,,,Bernard Tomic,R,196,AUS,32.767,211,262,S0JA,,,Eliot Spizzirri,R,185,USA,23.595,124,477,6-3 2-6 7-6(3),3,SF,144,8,3,109,71,46,19,15,7,11,13,5,107,76,54,8,14,14,17
2025-586,Lexington,Hard,32,C,O,20250728,30,S0K7,6,,Zachary Svajda,R,175,USA,22.661,148,399,H09F,,,Yu Hsiou Hsu,R,178,TPE,26.322,217,254,6-1 6-3,3,SF,62,5,0,43,23,19,11,8,2,3,1,3,46,34,17,4,8,3,8
2025-586,Lexington,Hard,32,C,O,20250728,31,S0K7,6,,Zachary Svajda,R,175,USA,22.661,148,399,TA46,,,Bernard Tomic,R,196,AUS,32.767,211,262,2-6 6-3 6-2,3,F,83,7,1,76,44,32,20,13,4,6,4,4,66,42,30,11,12,1,4
2025-6795,Liberec,Clay,32,C,O,20250728,1,CE77,1,,Federico Coria,R,180,ARG,33.385,154,376,K0FY,,,Martin Krumich,R,188,CZE,22.587,500,80,6-2 3-6 6-3,3,R32,126,3,2,82,59,38,15,13,2,4,3,1,70,30,22,19,13,0,4
2025-6795,Liberec,Clay,32,C,O,20250728,2,M0SE,,,Maxim Mrva,R,178,CZE,17.988,447,96,RH59,2,,Santiago Rodriguez Taverna,R,191,ARG,26.034,185,295,6-2 6-3,3,R32,53,5,3,61,33,23,15,9,1,2,2,3,38,23,13,7,8,1,5
2025-6795,Liberec,Clay,32,C,O,20250728,3,P0HT,3,,Jack Pinnington Jones,R,180,GBR,22.33,196,277,G0EQ,,,Sebastian Gima,L,0,ROU,23.198,660,49,4-6 6-3 6-1,3,R32,100,2,2,72,51,37,14,13,1,2,3,2,74,41,26,17,13,3,7
2025-6795,Liberec,Clay,32,C,O,20250728,4,TA12,4,,Stefano Travaglia,R,185,ITA,33.582,228,244,MV14,,,Alex Molcan,L,178,SVK,27.655,378,128,4-6 7-5 7-6(3),3,R32,173,3,3,104,63,42,17,17,10,17,5,3,137,87,52,22,17,11,18
2025-6795,Liberec,Clay,32,C,O,20250728,5,B0GY,5,,Alex Barrena,R,175,ARG,22.798,236,239,K0K5,,,Jonas Kucera,R,,CZE,18.867,1326,5,6-2 6-3,3,R32,66,0,2,43,19,14,15,8,2,4,0,4,59,31,15,11,9,3,9
2025-6795,Liberec,Clay,32,C,O,20250728,6,CC66,6,,Andrea Collarini,L,183,ARG,33.489,240,233,P0EV,,,Andrew Paulson,R,191,CZE,23.696,566,63,6-4 7-6(6),3,R32,99,3,1,75,50,33,17,11,2,2,5,6,66,36,30,16,11,0,1
2025-6795,Liberec,Clay,32,C,O,20250728,7,G0GW,7,,Sascha Gueymard Wayenburg,R,191,FRA,21.99,206,267,BV24,,,Raul Brancaccio,R,183,ITA,28.233,353,140,6-2 2-6 6-3,3,R32,100,7,4,76,48,29,10,13,2,8,3,2,83,48,28,12,12,6,13
2025-6795,Liberec,Clay,32,C,O,20250728,8,GB93,,,Norbert Gombos,R,193,SVK,34.957,261,203,BU54,8,,Geoffrey Blancaneaux,R,180,FRA,26.971,256,206,1-6 7-5 6-1,3,R32,121,0,0,82,43,29,23,13,4,7,5,3,79,42,29,19,13,2,6
2025-6795,Liberec,Clay,32,C,O,20250728,9,B0GR,,,Gonzalo Bueno,R,173,PER,21.317,294,176,B0OU,,,Hynek Barton,R,183,CZE,21.311,297,174,6-7(3) 6-3 7-5,3,R32,138,1,5,100,71,46,15,16,4,8,4,6,109,68,42,18,17,7,14
2025-6795,Liberec,Clay,32,C,O,20250728,10,D0LJ,,,Diego Dedura,L,180,GER,17.377,352,142,BU10,,,Jacopo Berrettini,R,191,ITA,26.667,319,158,6-1 5-7 6-3,3,R32,127,1,2,87,63,38,10,14,5,10,4,4,92,52,28,15,14,12,20
2025-6795,Liberec,Clay,32,C,O,20250728,11,MF35,,,Andrej Martin,R,183,SVK,35.852,336,148,V993,,,Eero Vasa,R,185,FIN,28.485,525,74,7-6(4) 6-7(3) 6-2,3,R32,127,7,6,111,63,47,28,16,5,7,6,5,97,58,43,20,16,1,5
2025-6795,Liberec,Clay,32,C,O,20250728,12,M0E1,,,Daniel Michalski,R,180,POL,25.544,296,175,Z09F,,,Patrick Zahraj,R,191,GER,26.031,270,199,6-2 6-1,3,R32,82,0,1,58,38,25,9,8,3,5,2,4,54,31,16,5,7,7,13
2025-6795,Liberec,Clay,32,C,O,20250728,13,N0D9,,,Jakub Nicod,R,183,CZE,21.018,441,99,DC48,,,Murkel Dellien,R,193,BOL,27.863,284,183,6-3 7-5,3,R32,90,1,4,67,34,26,14,11,4,7,1,2,57,35,23,5,10,0,5
2025-6795,Liberec,Clay,32,C,O,20250728,14,O660,,,Genaro Alberto Olivieri,R,175,ARG,26.982,300,169,K0HG,,,Milos Karol,R,198,SVK,22.623,366,132,6-3 6-2,3,R32,76,1,1,60,43,26,13,9,5,6,3,1,53,26,17,10,8,4,8
2025-6795,Liberec,Clay,32,C,O,20250728,15,SK94,,,Cedrik-Marcel Stebe,L,180,GER,34.801,889,21,GG65,,,Michael Geerts,R,178,BEL,30.527,304,166,4-6 7-6(2) 6-3,3,R32,160,5,3,85,50,40,20,15,0,2,6,5,116,59,42,27,16,5,8
2025-6795,Liberec,Clay,32,C,O,20250728,16,VA25,,,Valentin Vacherot,R,193,MON,26.697,253,213,B0OV,,,Petr Brunclik,L,188,CZE,19.031,460,90,7-6(3) 6-4,3,R32,110,4,1,75,46,32,16,11,7,9,5,8,82,42,30,16,11,5,8
2025-6795,Liberec,Clay,32,C,O,20250728,17,M0E1,,,Daniel Michalski,R,180,POL,25.544,296,175,CE77,1,,Federico Coria,R,180,ARG,33.385,154,376,7-5 1-6 6-4,3,R16,138,1,2,84,50,32,16,15,5,11,1,5,92,61,35,15,14,5,10
2025-6795,Liberec,Clay,32,C,O,20250728,18,P0HT,3,,Jack Pinnington Jones,R,180,GBR,22.33,196,277,N0D9,,,Jakub Nicod,R,183,CZE,21.018,441,99,7-6(0) 6-4,3,R16,115,5,3,80,51,33,21,11,1,2,2,4,84,60,40,11,11,5,7
2025-6795,Liberec,Clay,32,C,O,20250728,19,B0GR,,,Gonzalo Bueno,R,173,PER,21.317,294,176,TA12,4,,Stefano Travaglia,R,185,ITA,33.582,228,244,6-0 6-2,3,R16,66,0,0,42,18,13,17,7,3,3,0,0,46,29,16,3,7,3,8
2025-6795,Liberec,Clay,32,C,O,20250728,20,O660,,,Genaro Alberto Olivieri,R,175,ARG,26.982,300,169,B0GY,5,,Alex Barrena,R,175,ARG,22.798,236,239,6-0 1-0 RET,3,R16,45,0,1,45,30,20,7,4,3,3,0,0,17,10,2,3,3,1,4
2025-6795,Liberec,Clay,32,C,O,20250728,21,CC66,6,,Andrea Collarini,L,183,ARG,33.489,240,233,SK94,,,Cedrik-Marcel Stebe,L,180,GER,34.801,889,21,6-4 6-2,3,R16,88,1,1,61,39,29,13,9,2,2,2,6,58,30,19,13,9,4,7
2025-6795,Liberec,Clay,32,C,O,20250728,22,VA25,,,Valentin Vacherot,R,193,MON,26.697,253,213,G0GW,7,,Sascha Gueymard Wayenburg,R,191,FRA,21.99,206,267,6-7(6) 6-3 7-6(3),3,R16,147,6,0,115,72,47,23,17,7,12,10,7,107,63,40,21,16,3,9
2025-6795,Liberec,Clay,32,C,O,20250728,23,GB93,,,Norbert Gombos,R,193,SVK,34.957,261,203,D0LJ,,,Diego Dedura,L,180,GER,17.377,352,142,7-6(5) 5-7 7-5,3,R16,183,7,5,130,70,43,33,18,7,12,4,3,136,98,60,21,18,9,14
2025-6795,Liberec,Clay,32,C,O,20250728,24,M0SE,,,Maxim Mrva,R,178,CZE,17.988,447,96,MF35,,,Andrej Martin,R,183,SVK,35.852,336,148,3-6 6-4 6-4,3,R16,111,2,6,101,57,37,18,15,5,11,5,3,90,53,28,20,14,4,10
2025-6795,Liberec,Clay,32,C,O,20250728,25,O660,,,Genaro Alberto Olivieri,R,175,ARG,26.982,300,169,P0HT,3,,Jack Pinnington Jones,R,180,GBR,22.33,196,277,2-6 6-2 6-3,3,QF,119,3,0,87,63,42,12,12,6,9,3,7,87,58,37,11,13,9,14
2025-6795,Liberec,Clay,32,C,O,20250728,26,B0GR,,,Gonzalo Bueno,R,173,PER,21.317,294,176,CC66,6,,Andrea Collarini,L,183,ARG,33.489,240,233,7-5 6-2,3,QF,100,1,4,61,41,27,10,10,4,6,0,1,70,41,18,17,10,6,11
2025-6795,Liberec,Clay,32,C,O,20250728,27,GB93,,,Norbert Gombos,R,193,SVK,34.957,261,203,M0SE,,,Maxim Mrva,R,178,CZE,17.988,447,96,7-5 4-6 6-1,3,QF,128,4,3,95,65,42,9,14,7,13,1,8,111,53,33,20,15,11,20
2025-6795,Liberec,Clay,32,C,O,20250728,28,M0E1,,,Daniel Michalski,R,180,POL,25.544,296,175,VA25,,,Valentin Vacherot,R,193,MON,26.697,253,213,7-6(3) 7-6(2),3,QF,131,2,1,100,61,43,17,12,7,11,7,3,74,46,29,15,12,0,4
2025-6795,Liberec,Clay,32,C,O,20250728,29,B0GR,,,Gonzalo Bueno,R,173,PER,21.317,294,176,GB93,,,Norbert Gombos,R,193,SVK,34.957,261,203,6-4 6-0,3,SF,65,1,0,45,30,23,9,8,0,1,2,0,50,24,15,9,8,1,6
2025-6795,Liberec,Clay,32,C,O,20250728,30,O660,,,Genaro Alberto Olivieri,R,175,ARG,26.982,300,169,M0E1,,,Daniel Michalski,R,180,POL,25.544,296,175,6-3 7-6(4),3,SF,96,4,2,59,44,33,6,10,0,2,2,1,72,50,28,11,11,5,9
2025-6795,Liberec,Clay,32,C,O,20250728,31,B0GR,,,Gonzalo Bueno,R,173,PER,21.317,294,176,O660,,,Genaro Alberto Olivieri,R,175,ARG,26.982,300,169,6-2 2-0 RET,3,F,48,1,0,26,25,19,1,5,0,0,0,1,33,22,12,3,5,1,4
2025-9533,Astana,Hard,32,C,O,20250728,1,C0BH,1,,Clement Chidekh,R,180,FRA,24.123,230,244,S09P,,,Sanhui Shin,R,178,KOR,28.361,433,102,6-3 6-4,3,R32,77,2,3,61,42,27,10,9,3,4,3,2,54,34,26,6,10,1,5
2025-9533,Astana,Hard,32,C,O,20250728,2,B0U4,2,,Nicolai Budkov Kjaer,R,191,NOR,18.905,187,293,K0DE,,,Takuya Kumasaka,R,175,JPN,26.793,492,82,6-3 6-4,3,R32,82,8,1,61,45,35,6,10,4,5,1,3,59,40,29,6,9,4,7
2025-9533,Astana,Hard,32,C,O,20250728,3,GE28,3,,Ivan Gakhov,L,191,RUS,28.728,248,219,A0IA,,,Erik Arutiunian,R,191,BLR,20.772,501,80,6-1 6-7(4) 7-5,3,R32,142,12,3,118,73,54,26,16,13,13,7,1,90,53,42,20,15,6,9
2025-9533,Astana,Hard,32,C,O,20250728,4,MP13,,,Mukund Sasikumar,R,185,IND,28.534,461,90,P0EA,4,,Saba Purtseladze,R,191,GEO,23.937,265,202,6-4 6-4,3,R32,67,8,0,49,35,31,10,10,0,0,16,3,54,32,24,14,10,2,4
2025-9533,Astana,Hard,32,C,O,20250728,5,W0C4,,,Edward Winter,R,178,AUS,20.865,558,65,B0EK,5,,Moerani Bouzige,R,180,AUS,26.042,330,154,6-1 6-3,3,R32,75,3,1,45,29,22,9,8,4,5,3,3,68,40,24,8,8,7,12
2025-9533,Astana,Hard,32,C,O,20250728,6,B0GI,,,Alexandr Binda,R,180,ITA,23.847,420,109,B0LQ,6,,Petr Bar Biryukov,L,196,RUS,23.411,349,143,6-3 2-1 RET,3,R32,51,5,0,26,20,18,6,6,0,0,12,10,72,43,29,9,6,13,15
2025-9533,Astana,Hard,32,C,O,20250728,7,S0NV,7,,Abdullah Shelbayh,L,180,JOR,21.697,386,123,Z0C3,,,Maxim Zhukov,R,180,RUS,20.49,655,49,6-3 6-4,3,R32,65,3,2,49,28,25,13,10,0,1,1,3,51,43,28,3,9,0,3
2025-9533,Astana,Hard,32,C,O,20250728,8,BE90,8,,Ricardas Berankis,R,175,LTU,35.102,387,122,N0GN,,,Zangar Nurlanuly,,,KAZ,17.065,,,6-2 6-2,3,R32,72,4,1,50,28,22,14,8,2,2,3,8,45,25,13,7,8,2,6
2025-9533,Astana,Hard,32,C,O,20250728,9,BP74,,,Aleksandre Bakshi,L,180,GEO,28.036,620,54,I0AX,,,Kokoro Isomura,R,175,JPN,22.513,463,90,6-1 6-7(2) 6-3,3,R32,132,21,6,94,57,52,15,15,3,3,1,5,102,58,42,20,13,8,11
2025-9533,Astana,Hard,32,C,O,20250728,10,CH80,,,Luca Castelnuovo,L,188,SUI,28.493,499,80,P0AV,,,Uisung Park,R,175,KOR,24.832,714,40,7-6(3) 6-3,3,R32,75,12,0,63,38,31,18,11,1,1,4,1,62,39,30,11,10,0,1
2025-9533,Astana,Hard,32,C,O,20250728,11,I330,,,Shintaro Imai,R,178,JPN,31.888,577,61,O0E7,,,Amir Omarkhanov,R,180,KAZ,17.695,971,15,6-2 7-6(4),3,R32,105,5,2,69,42,31,17,10,2,3,1,3,82,52,31,14,10,4,7
2025-9533,Astana,Hard,32,C,O,20250728,12,J0D2,,,Maximus Jones,R,185,THA,20.893,394,120,TD55,,,Renta Tokuda,R,178,JPN,27.332,472,86,6-3 6-3,3,R32,70,5,3,61,33,24,17,9,4,4,0,2,47,38,24,5,9,0,3
2025-9533,Astana,Hard,32,C,O,20250728,13,L0I5,,,Mitsuki Wei Kang Leong,R,175,MAS,20.975,668,48,S0UU,,,Maxim Shin,R,191,UZB,22.149,1005,14,7-5 6-2,3,R32,85,2,2,53,33,25,11,10,2,4,2,6,68,46,24,11,10,4,9
2025-9533,Astana,Hard,32,C,O,20250728,14,P0IT,,,Olaf Pieczkowski,R,183,POL,21.322,477,85,P0E9,,,Dominik Palan,R,191,CZE,24.824,563,64,7-6(2) 7-5,3,R32,129,6,1,85,58,44,16,12,2,2,7,3,76,52,38,15,12,4,5
2025-9533,Astana,Hard,32,C,O,20250728,15,S0IN,,,Woobin Shin,R,185,KOR,21.52,450,96,A0DV,,,Arda Azkara,,,TUR,22.374,570,62,6-3 7-5,3,R32,114,3,1,64,31,22,20,10,4,5,5,2,75,45,33,11,11,5,9
2025-9533,Astana,Hard,32,C,O,20250728,16,S0RI,,,Karan Singh,R,185,IND,22.078,401,116,GC89,,,Egor Gerasimov,R,196,BLR,32.709,591,58,7-5 6-1,3,R32,69,7,0,56,38,27,10,10,1,3,8,4,60,38,21,9,9,7,12
2025-9533,Astana,Hard,32,C,O,20250728,17,C0BH,1,,Clement Chidekh,R,180,FRA,24.123,230,244,L0I5,,,Mitsuki Wei Kang Leong,R,175,MAS,20.975,668,48,7-6(1) 6-4,3,R16,114,0,3,77,60,42,10,11,7,9,7,1,76,45,28,15,11,7,10
2025-9533,Astana,Hard,32,C,O,20250728,18,B0U4,2,,Nicolai Budkov Kjaer,R,191,NOR,18.905,187,293,J0D2,,,Maximus Jones,R,185,THA,20.893,394,120,6-3 6-0,3,R16,57,5,3,48,27,24,12,8,1,1,2,1,38,20,11,4,7,1,5
2025-9533,Astana,Hard,32,C,O,20250728,19,S0RI,,,Karan Singh,R,185,IND,22.078,401,116,GE28,3,,Ivan Gakhov,L,191,RUS,28.728,248,219,6-3 7-6(7),3,R16,85,6,2,71,44,38,16,11,2,2,4,5,78,45,36,14,10,6,7
2025-9533,Astana,Hard,32,C,O,20250728,20,S0NV,7,,Abdullah Shelbayh,L,180,JOR,21.697,386,123,S0IN,,,Woobin Shin,R,185,KOR,21.52,450,96,4-6 6-3 RET,3,R16,99,5,3,71,39,22,16,10,6,10,1,1,62,39,22,12,9,5,9
2025-9533,Astana,Hard,32,C,O,20250728,21,BE90,8,,Ricardas Berankis,R,175,LTU,35.102,387,122,CH80,,,Luca Castelnuovo,L,188,SUI,28.493,499,80,7-6(2) 4-6 6-4,3,R16,130,11,2,96,61,47,25,16,2,3,11,8,101,58,43,24,16,5,6
2025-9533,Astana,Hard,32,C,O,20250728,22,BP74,,,Aleksandre Bakshi,L,180,GEO,28.036,620,54,MP13,,,Mukund Sasikumar,R,185,IND,28.534,461,90,7-6(4) 3-6 6-4,3,R16,142,12,12,108,61,49,18,16,11,15,7,1,108,61,41,26,15,11,14
2025-9533,Astana,Hard,32,C,O,20250728,23,B0GI,,,Alexandr Binda,R,180,ITA,23.847,420,109,P0IT,,,Olaf Pieczkowski,R,183,POL,21.322,477,85,6-2 5-7 6-4,3,R16,159,0,2,109,71,46,22,15,10,12,6,1,83,55,34,17,15,3,7
2025-9533,Astana,Hard,32,C,O,20250728,24,I330,,,Shintaro Imai,R,178,JPN,31.888,577,61,W0C4,,,Edward Winter,R,178,AUS,20.865,558,65,7-6(4) 6-3,3,R16,126,10,1,79,46,33,20,11,2,3,0,2,69,42,31,11,10,0,2
2025-9533,Astana,Hard,32,C,O,20250728,25,S0NV,7,,Abdullah Shelbayh,L,180,JOR,21.697,386,123,C0BH,1,,Clement Chidekh,R,180,FRA,24.123,230,244,3-6 6-3 6-4,3,QF,137,6,3,77,45,34,20,14,5,7,3,7,81,51,35,16,14,4,7
2025-9533,Astana,Hard,32,C,O,20250728,26,B0U4,2,,Nicolai Budkov Kjaer,R,191,NOR,18.905,187,293,BE90,8,,Ricardas Berankis,R,175,LTU,35.102,387,122,7-6(4) 6-4,3,QF,100,5,4,73,42,32,18,11,3,4,3,1,75,42,32,17,11,3,5
2025-9533,Astana,Hard,32,C,O,20250728,27,B0GI,,,Alexandr Binda,R,180,ITA,23.847,420,109,S0RI,,,Karan Singh,R,185,IND,22.078,401,116,6-4 6-4,3,QF,86,6,5,64,39,30,10,10,4,6,7,3,65,34,23,12,10,1,5
2025-9533,Astana,Hard,32,C,O,20250728,28,I330,,,Shintaro Imai,R,178,JPN,31.888,577,61,BP74,,,Aleksandre Bakshi,L,180,GEO,28.036,620,54,2-6 6-4 6-4,3,QF,117,8,3,78,45,34,18,14,3,6,2,4,81,41,30,22,14,2,5
2025-9533,Astana,Hard,32,C,O,20250728,29,B0U4,2,,Nicolai Budkov Kjaer,R,191,NOR,18.905,187,293,I330,,,Shintaro Imai,R,178,JPN,31.888,577,61,6-3 7-5,3,SF,83,4,2,56,34,28,16,11,0,0,6,1,66,36,26,15,10,1,3
2025-9533,Astana,Hard,32,C,O,20250728,30,B0GI,,,Alexandr Binda,R,180,ITA,23.847,420,109,S0NV,7,,Abdullah Shelbayh,L,180,JOR,21.697,386,123,7-6(6) 4-6 7-5,3,SF,171,4,6,127,77,46,30,17,8,13,9,4,106,61,42,22,17,4,9
2025-9533,Astana,Hard,32,C,O,20250728,31,B0U4,2,,Nicolai Budkov Kjaer,R,191,NOR,18.905,187,293,B0GI,,,Alexandr Binda,R,180,ITA,23.847,420,109,6-4 6-3,3,F,85,4,4,64,41,29,16,10,5,6,1,0,54,35,20,12,9,4,7
2025-9542,Hagen,Clay,32,C,O,20250728,1,V812,1,,Botic van de Zandschulp,R,191,NED,29.815,87,722,M0N1,,,Luka Mikrut,R,188,CRO,21.281,340,146,6-4 6-2,3,R32,81,7,2,44,33,31,5,9,0,0,3,3,70,42,28,11,9,4,7
2025-9542,Hagen,Clay,32,C,O,20250728,2,G0FW,2,,Vilius Gaubas,R,178,LTU,20.578,149,396,M0OH,,,Lautaro Midon,R,180,ARG,21.331,274,196,6-3 6-7(2) 6-1,3,R32,142,1,1,92,58,40,21,15,1,3,6,4,99,57,37,19,13,8,13
2025-9542,Hagen,Clay,32,C,O,20250728,3,H997,3,,Yannick Hanfmann,R,193,GER,33.706,150,392,H0JL,,,Jay Friend,R,185,JPN,21.599,839,25,7-5 6-2,3,R32,68,8,1,47,36,33,7,10,0,0,3,3,71,43,26,15,10,4,7
2025-9542,Hagen,Clay,32,C,O,20250728,4,K0EP,4,,Jerome Kym,R,198,SUI,22.456,191,287,CG33,,,Kimmer Coppejans,R,178,BEL,31.469,194,281,6-2 6-3,3,R32,64,3,1,51,33,25,13,9,0,0,5,3,43,26,19,7,8,1,4
2025-9542,Hagen,Clay,32,C,O,20250728,5,CH12,5,,Jan Choinski,R,196,GBR,29.131,151,387,GA79,,,Lorenzo Giustino,R,180,ITA,33.881,298,172,4-6 6-3 7-6(1),3,R32,172,6,0,119,66,42,27,16,12,16,4,6,102,56,42,19,15,8,12
2025-9542,Hagen,Clay,32,C,O,20250728,6,D0H9,6,,Guy Den Ouden,R,183,NED,23.305,173,316,V821,,,Gonzalo Villanueva,R,175,ARG,30.538,374,130,6-2 6-3,3,R32,74,6,5,61,34,22,16,9,2,4,1,0,50,30,13,10,8,2,7
2025-9542,Hagen,Clay,32,C,O,20250728,7,T09X,,,Clement Tabur,R,173,FRA,25.509,233,242,HG94,8,,Benjamin Hassan,R,183,LBN,30.478,188,292,6-4 6-4,3,R32,87,2,2,68,40,31,16,10,3,3,9,2,64,35,26,14,10,2,4
2025-9542,Hagen,Clay,32,C,O,20250728,8,M0XQ,,,Niels McDonald,R,191,GER,17.503,,,R09X,9,,Jurij Rodionov,L,191,AUT,26.201,184,297,6-4 6-3,3,R32,75,1,2,59,37,28,9,9,2,4,3,6,58,28,16,14,10,0,5
2025-9542,Hagen,Clay,32,C,O,20250728,9,CF01,,,Marco Cecchinato,R,185,ITA,32.824,287,180,R0A7,,,Joao Lucas Reis Da Silva,R,178,BRA,25.339,237,237,6-2 6-3,3,R32,82,2,2,50,34,26,12,9,2,2,0,2,60,35,22,10,8,7,10
2025-9542,Hagen,Clay,32,C,O,20250728,10,MN20,,,Daniel Masur,R,183,GER,30.724,539,69,E0DD,,,Justin Engel,R,185,GER,17.823,225,247,7-6(4) 6-2,3,R32,98,2,4,68,44,31,12,10,6,9,3,3,81,62,37,6,10,7,12
2025-9542,Hagen,Clay,32,C,O,20250728,11,N897,,,Sumit Nagal,R,178,IND,27.948,307,163,S0CG,,,Carlos Sanchez Jover,L,173,ESP,25.018,281,188,6-2 6-2,3,R32,73,5,1,56,32,25,12,8,1,1,0,3,45,29,13,8,8,1,5
2025-9542,Hagen,Clay,32,C,O,20250728,12,N731,,,Christoph Negritu,R,193,GER,31.354,267,201,B0JP,,,Dali Blanch,R,185,USA,22.398,481,84,7-5 4-6 6-3,3,R32,127,4,2,102,54,42,26,16,7,9,6,7,86,46,38,18,15,3,6
2025-9542,Hagen,Clay,32,C,O,20250728,13,PG20,,,Dmitry Popko,R,191,KAZ,28.758,221,249,M0FA,,,Anton Matusevich,R,185,GBR,24.162,457,91,3-6 6-3 6-4,3,R32,133,9,4,98,54,35,23,14,7,10,1,3,89,53,32,19,14,7,11
2025-9542,Hagen,Clay,32,C,O,20250728,14,S0WT,,,Joel Schwaerzler,L,188,AUT,19.499,354,140,KE69,,,Mariano Kestelboim,R,185,ARG,29.473,395,118,6-3 3-6 7-6(3),3,R32,142,9,7,99,57,41,24,15,6,8,8,4,101,67,48,17,15,4,6
2025-9542,Hagen,Clay,32,C,O,20250728,15,S0GR,,,Timofey Skatov,R,173,KAZ,24.515,305,165,DH46,,,Alexander Donski,R,188,BUL,26.99,680,45,6-1 6-3,3,R32,70,3,4,55,32,24,12,8,5,6,6,6,47,23,18,3,8,4,9
2025-9542,Hagen,Clay,32,C,O,20250728,16,W0BU,,,Olle Wallin,R,191,SWE,23.765,465,89,S0VU,,,Max Schoenhaus,R,180,GER,17.99,1158,9,6-2 6-3,3,R32,63,7,3,49,26,22,8,8,2,4,3,8,56,31,17,7,9,5,11
2025-9542,Hagen,Clay,32,C,O,20250728,17,V812,1,,Botic van de Zandschulp,R,191,NED,29.815,87,722,MN20,,,Daniel Masur,R,183,GER,30.724,539,69,6-4 6-1,3,R16,82,13,3,59,38,29,12,9,3,4,3,1,62,42,24,6,8,6,10
2025-9542,Hagen,Clay,32,C,O,20250728,18,G0FW,2,,Vilius Gaubas,R,178,LTU,20.578,149,396,S0WT,,,Joel Schwaerzler,L,188,AUT,19.499,354,140,6-4 6-2,3,R16,75,2,2,60,42,30,11,9,4,4,5,3,57,28,18,16,9,3,6
2025-9542,Hagen,Clay,32,C,O,20250728,19,H997,3,,Yannick Hanfmann,R,193,GER,33.706,150,392,S0GR,,,Timofey Skatov,R,173,KAZ,24.515,305,165,3-6 6-4 7-6(6),3,R16,153,13,2,89,60,50,13,16,3,6,3,6,110,62,42,27,15,4,6
2025-9542,Hagen,Clay,32,C,O,20250728,20,K0EP,4,,Jerome Kym,R,198,SUI,22.456,191,287,CF01,,,Marco Cecchinato,R,185,ITA,32.824,287,180,6-1 6-4,3,R16,78,7,3,62,44,31,10,9,6,7,1,2,53,35,17,10,8,6,10
2025-9542,Hagen,Clay,32,C,O,20250728,21,CH12,5,,Jan Choinski,R,196,GBR,29.131,151,387,PG20,,,Dmitry Popko,R,191,KAZ,28.758,221,249,3-6 6-1 6-4,3,R16,111,6,1,75,48,34,20,13,1,2,2,0,75,43,29,17,13,3,6
2025-9542,Hagen,Clay,32,C,O,20250728,22,D0H9,6,,Guy Den Ouden,R,183,NED,23.305,173,316,N731,,,Christoph Negritu,R,193,GER,31.354,267,201,7-6(5) 6-7(4) 6-3,3,R16,156,3,5,110,59,46,27,17,2,4,13,2,115,60,46,27,16,8,11
2025-9542,Hagen,Clay,32,C,O,20250728,23,M0XQ,,,Niels McDonald,R,191,GER,17.503,,,N897,,,Sumit Nagal,R,178,IND,27.948,307,163,6-2 4-6 6-4,3,R16,136,2,3,89,52,36,20,14,6,9,3,2,89,62,35,15,14,9,14
2025-9542,Hagen,Clay,32,C,O,20250728,24,W0BU,,,Olle Wallin,R,191,SWE,23.765,465,89,T09X,,,Clement Tabur,R,173,FRA,25.509,233,242,6-4 6-3,3,R16,78,5,2,66,34,27,18,10,4,4,3,1,49,29,21,11,9,1,3
2025-9542,Hagen,Clay,32,C,O,20250728,25,D0H9,6,,Guy Den Ouden,R,183,NED,23.305,173,316,V812,1,,Botic van de Zandschulp,R,191,NED,29.815,87,722,7-6(2) 4-6 6-3,3,QF,157,0,7,114,69,44,24,16,6,11,6,7,100,64,40,16,15,6,11
2025-9542,Hagen,Clay,32,C,O,20250728,26,W0BU,,,Olle Wallin,R,191,SWE,23.765,465,89,G0FW,2,,Vilius Gaubas,R,178,LTU,20.578,149,396,7-6(4) 7-6(10),3,QF,138,4,2,118,71,55,22,12,10,10,13,0,93,67,49,15,12,4,4
2025-9542,Hagen,Clay,32,C,O,20250728,27,H997,3,,Yannick Hanfmann,R,193,GER,33.706,150,392,CH12,5,,Jan Choinski,R,196,GBR,29.131,151,387,7-6(6) 6-4,3,QF,111,6,1,63,44,37,13,11,0,0,2,1,95,59,39,21,11,4,5
2025-9542,Hagen,Clay,32,C,O,20250728,28,K0EP,4,,Jerome Kym,R,198,SUI,22.456,191,287,M0XQ,,,Niels McDonald,R,191,GER,17.503,,,3-6 6-3 6-2,3,QF,91,8,3,71,48,34,15,13,4,6,4,5,75,44,31,16,13,4,8
2025-9542,Hagen,Clay,32,C,O,20250728,29,H997,3,,Yannick Hanfmann,R,193,GER,33.706,150,392,W0BU,,,Olle Wallin,R,191,SWE,23.765,465,89,6-3 6-4,3,SF,65,10,2,56,37,30,12,10,2,2,4,2,58,34,25,10,9,4,6
2025-9542,Hagen,Clay,32,C,O,20250728,30,D0H9,6,,Guy Den Ouden,R,183,NED,23.305,173,316,K0EP,4,,Jerome Kym,R,198,SUI,22.456,191,287,6-1 6-2,3,SF,60,3,4,52,28,24,9,8,2,3,1,1,49,31,15,5,7,3,8
2025-9542,Hagen,Clay,32,C,O,20250728,31,H997,3,,Yannick Hanfmann,R,193,GER,33.706,150,392,D0H9,6,,Guy Den Ouden,R,183,NED,23.305,173,316,3-6 6-2 6-2,3,F,104,3,1,80,60,42,12,13,5,7,2,9,84,43,30,16,12,7,11
2025-2120,Cordenons,Clay,32,C,O,20250804,1,TE16,,,Carlos Taberner,R,183,ESP,27.989,83,734,B0PE,,,Federico Bondioli,L,185,ITA,20.219,413,112,6-3 6-1,3,R32,85,3,5,48,28,23,11,8,1,1,2,1,63,38,22,10,8,6,10
2025-2120,Cordenons,Clay,32,C,O,20250804,2,L987,2,,Dusan Lajovic,R,183,SRB,35.097,146,414,DC48,,,Murkel Dellien,R,193,BOL,27.882,287,183,6-1 6-2,3,R32,71,0,2,43,25,22,11,8,0,0,0,4,57,27,13,14,7,7,11
2025-2120,Cordenons,Clay,32,C,O,20250804,3,P09O,3,,Zsombor Piros,R,180,HUN,25.81,162,350,KH56,,,Zdenek Kolar,R,183,CZE,28.819,382,126,7-5 7-5,3,R32,112,5,3,72,37,20,24,12,5,8,3,5,69,39,26,13,12,3,8
2025-2120,Cordenons,Clay,32,C,O,20250804,4,N0CS,4,,Lukas Neumayer,R,183,AUT,22.91,170,317,KE69,,,Mariano Kestelboim,R,185,ARG,29.492,391,122,6-3 6-3,3,R32,84,3,1,54,26,19,18,9,6,8,2,0,54,29,19,7,9,2,7
2025-2120,Cordenons,Clay,32,C,O,20250804,5,RH59,5,,Santiago Rodriguez Taverna,R,191,ARG,26.053,190,292,S0GZ,,,Nikolas Sanchez Izquierdo,R,185,ESP,26.39,306,165,7-6(4) 6-3,3,R32,139,3,6,85,48,32,18,11,2,5,0,5,82,49,33,10,10,7,11
2025-2120,Cordenons,Clay,32,C,O,20250804,6,P0K4,,,Tiago Pereira,R,0,PRT,21.123,288,181,CG33,6,,Kimmer Coppejans,R,178,BEL,31.488,195,281,6-7(7) 7-5 6-4,3,R32,169,1,2,101,53,36,27,17,2,7,1,7,116,61,38,26,17,5,12
2025-2120,Cordenons,Clay,32,C,O,20250804,7,CI14,7,,Jay Clarke,R,183,GBR,27.023,199,275,T0DM,,,Juan Bautista Torres,R,178,ARG,23.34,316,158,6-3 6-1,3,R32,73,2,3,47,27,15,11,8,4,7,0,3,47,31,13,4,8,2,9
2025-2120,Cordenons,Clay,32,C,O,20250804,8,PL64,,,Oleg Prihodko,R,180,UKR,27.836,318,157,TA12,8,,Stefano Travaglia,R,185,ITA,33.602,233,243,6-3 1-6 7-5,3,R32,156,5,6,93,49,33,22,14,9,12,6,3,107,54,32,31,14,10,13
2025-2120,Cordenons,Clay,32,C,O,20250804,9,A0EA,,,Max Alcala Gurri,R,178,ESP,22.897,431,105,GA79,,,Lorenzo Giustino,R,180,ITA,33.9,301,170,6-2 4-6 6-4,3,R32,157,0,6,87,56,37,14,14,4,8,4,7,93,41,28,21,14,6,12
2025-2120,Cordenons,Clay,32,C,O,20250804,10,B0GR,,,Gonzalo Bueno,R,173,PER,21.336,220,251,N0B4,,,Ryan Nijboer,R,180,NED,26.021,433,104,7-6(4) 4-6 7-5,3,R32,188,0,4,119,85,50,20,17,5,10,2,10,127,73,53,20,17,12,17
2025-2120,Cordenons,Clay,32,C,O,20250804,11,C0LK,,,Carlo Alberto Caniato,R,188,ITA,19.759,506,77,P0EV,,,Andrew Paulson,R,191,CZE,23.715,636,51,6-4 6-1,3,R32,65,5,2,45,26,23,13,9,0,0,0,5,53,24,15,14,8,8,11
2025-2120,Cordenons,Clay,32,C,O,20250804,12,KC29,,,Nicolas Kicker,R,178,ARG,32.966,330,151,P0IY,,,Juan Carlos Prado Angelo,R,185,BOL,20.413,261,204,6-3 6-4,3,R32,88,0,3,50,35,24,6,10,3,6,0,0,52,37,15,11,9,2,7
2025-2120,Cordenons,Clay,32,C,O,20250804,13,P0I6,,,Gabriele Piraino,L,188,ITA,21.728,411,112,SO20,,,Jelle Sels,R,188,NED,29.985,329,152,6-4 6-2,3,R32,104,0,2,61,43,28,11,9,5,6,1,4,57,27,17,12,9,2,6
2025-2120,Cordenons,Clay,32,C,O,20250804,14,S0CG,,,Carlos Sanchez Jover,L,173,ESP,25.038,282,188,V0B2,,,Michael Vrbensky,R,,CZE,25.607,541,68,6-4 7-5,3,R32,87,2,7,63,34,21,16,11,1,5,1,9,67,42,30,4,11,1,7
2025-2120,Cordenons,Clay,32,C,O,20250804,15,SK94,,,Cedrik-Marcel Stebe,L,180,GER,34.82,817,27,A0BA,,,Federico Arnaboldi,R,185,ITA,25.128,339,147,6-3 6-1,3,R32,89,2,3,54,32,23,14,8,5,5,3,9,74,41,24,14,8,12,16
2025-2120,Cordenons,Clay,32,C,O,20250804,16,VA25,,,Valentin Vacherot,R,193,MON,26.716,246,225,DH55,,,Michiel De Krom,L,157,NED,27.105,545,67,6-2 6-2,3,R32,73,3,1,42,26,21,11,8,0,0,2,4,65,44,27,6,8,3,7
2025-2120,Cordenons,Clay,32,C,O,20250804,17,TE16,,,Carlos Taberner,R,183,ESP,27.989,83,734,A0EA,,,Max Alcala Gurri,R,178,ESP,22.897,431,105,6-2 6-3,3,R16,117,1,2,67,37,22,15,9,5,8,0,4,74,51,25,6,8,9,15
2025-2120,Cordenons,Clay,32,C,O,20250804,18,L987,2,,Dusan Lajovic,R,183,SRB,35.097,146,414,C0LK,,,Carlo Alberto Caniato,R,188,ITA,19.759,506,77,6-4 6-3,3,R16,70,4,0,47,28,22,13,9,0,1,3,4,57,29,20,13,10,0,4
2025-2120,Cordenons,Clay,32,C,O,20250804,19,P09O,3,,Zsombor Piros,R,180,HUN,25.81,162,350,VA25,,,Valentin Vacherot,R,193,MON,26.716,246,225,7-6(4) 6-4,3,R16,124,3,1,67,36,20,24,11,3,5,4,2,90,50,32,17,11,7,10
2025-2120,Cordenons,Clay,32,C,O,20250804,20,N0CS,4,,Lukas Neumayer,R,183,AUT,22.91,170,317,P0I6,,,Gabriele Piraino,L,188,ITA,21.728,411,112,6-4 6-2,3,R16,87,5,1,53,27,20,15,9,3,5,0,1,58,37,17,9,9,2,7
2025-2120,Cordenons,Clay,32,C,O,20250804,21,RH59,5,,Santiago Rodriguez Taverna,R,191,ARG,26.053,190,292,S0CG,,,Carlos Sanchez Jover,L,173,ESP,25.038,282,188,6-3 4-6 6-4,3,R16,134,2,4,85,48,34,17,15,6,10,1,6,95,58,36,17,14,8,13
2025-2120,Cordenons,Clay,32,C,O,20250804,22,B0GR,,,Gonzalo Bueno,R,173,PER,21.336,220,251,CI14,7,,Jay Clarke,R,183,GBR,27.023,199,275,6-4 7-6(0),3,R16,119,1,0,68,52,32,13,11,3,6,1,3,75,49,28,12,11,5,9
2025-2120,Cordenons,Clay,32,C,O,20250804,23,KC29,,,Nicolas Kicker,R,178,ARG,32.966,330,151,PL64,,,Oleg Prihodko,R,180,UKR,27.836,318,157,6-3 4-6 7-6(3),3,R16,170,1,2,102,68,49,16,15,4,7,8,6,111,72,46,19,16,9,13
2025-2120,Cordenons,Clay,32,C,O,20250804,24,SK94,,,Cedrik-Marcel Stebe,L,180,GER,34.82,817,27,P0K4,,,Tiago Pereira,R,0,PRT,21.123,288,181,7-6(5) 4-6 6-0,3,R16,167,0,10,107,57,43,20,14,6,10,2,1,109,59,34,22,14,9,15
2025-2120,Cordenons,Clay,32,C,O,20250804,25,TE16,,,Carlos Taberner,R,183,ESP,27.989,83,734,B0GR,,,Gonzalo Bueno,R,173,PER,21.336,220,251,6-2 6-2,3,QF,89,1,2,53,26,17,13,8,2,4,0,2,47,32,12,6,8,2,8
2025-2120,Cordenons,Clay,32,C,O,20250804,26,L987,2,,Dusan Lajovic,R,183,SRB,35.097,146,414,RH59,5,,Santiago Rodriguez Taverna,R,191,ARG,26.053,190,292,6-3 6-1,3,QF,80,3,4,61,44,33,6,8,6,7,0,4,53,34,18,6,8,4,9
2025-2120,Cordenons,Clay,32,C,O,20250804,27,SK94,,,Cedrik-Marcel Stebe,L,180,GER,34.82,817,27,P09O,3,,Zsombor Piros,R,180,HUN,25.81,162,350,6-4 7-6(2),3,QF,124,3,7,84,54,36,16,11,5,7,1,2,76,44,27,16,11,6,9
2025-2120,Cordenons,Clay,32,C,O,20250804,28,N0CS,4,,Lukas Neumayer,R,183,AUT,22.91,170,317,KC29,,,Nicolas Kicker,R,178,ARG,32.966,330,151,5-7 7-6(5) 6-1,3,QF,191,4,4,129,74,43,28,16,9,16,1,6,100,66,33,17,15,7,15
2025-2120,Cordenons,Clay,32,C,O,20250804,29,N0CS,4,,Lukas Neumayer,R,183,AUT,22.91,170,317,TE16,,,Carlos Taberner,R,183,ESP,27.989,83,734,6-1 6-3,3,SF,84,3,4,47,23,17,9,8,3,6,0,3,49,24,10,8,8,1,8
2025-2120,Cordenons,Clay,32,C,O,20250804,30,L987,2,,Dusan Lajovic,R,183,SRB,35.097,146,414,SK94,,,Cedrik-Marcel Stebe,L,180,GER,34.82,817,27,6-2 6-2,3,SF,81,1,0,54,34,26,11,8,3,3,1,3,51,26,16,11,8,4,8
2025-2120,Cordenons,Clay,32,C,O,20250804,31,L987,2,,Dusan Lajovic,R,183,SRB,35.097,146,414,N0CS,4,,Lukas Neumayer,R,183,AUT,22.91,170,317,6-2 7-6(3),3,F,112,2,0,62,40,26,15,10,1,3,2,3,82,47,25,17,10,3,7
2025-2789,Grodzisk Mazowiecki,Hard,32,C,O,20250804,1,MQ75,1,,Kamil Majchrzak,R,183,POL,29.558,88,719,I305,,,Ilya Ivashka,R,193,BLR,31.441,819,27,3-6 6-0 7-5,3,R32,132,7,3,82,45,28,21,13,6,9,1,2,98,64,35,17,14,4,10
2025-2789,Grodzisk Mazowiecki,Hard,32,C,O,20250804,2,P0HW,2,,Dino Prizmic,R,188,CRO,19.997,129,470,O0A2,,,Gauthier Onclin,R,180,BEL,24.435,215,255,6-2 6-4,3,R32,93,4,4,58,32,22,17,9,3,4,1,5,53,31,18,10,9,3,7
2025-2789,Grodzisk Mazowiecki,Hard,32,C,O,20250804,3,M0G4,3,,Harold Mayot,R,180,FRA,23.496,156,363,C0BH,,,Clement Chidekh,R,180,FRA,24.142,221,251,6-4 7-6(4),3,R32,96,13,4,69,40,32,16,11,2,4,1,3,73,46,31,13,11,3,6
2025-2789,Grodzisk Mazowiecki,Hard,32,C,O,20250804,4,C0NB,,,Federico Cina,R,185,ITA,18.349,230,245,J0AZ,4,,Kyrian Jacquet,R,175,FRA,24.233,164,341,6-2 6-1,3,R32,70,3,3,60,33,26,13,7,4,4,2,2,57,31,18,8,8,5,10
2025-2789,Grodzisk Mazowiecki,Hard,32,C,O,20250804,5,HH06,5,,Marc-Andrea Huesler,L,196,SUI,29.112,172,313,J0DZ,,,Rafael Jodar,R,191,ESP,18.88,540,68,7-6(1) 6-4,3,R32,91,2,3,61,38,33,14,11,0,1,5,0,64,38,29,12,11,2,4
2025-2789,Grodzisk Mazowiecki,Hard,32,C,O,20250804,6,M0IF,6,,Francesco Maestrelli,R,196,ITA,22.62,158,358,J0D2,,,Maximus Jones,R,185,THA,20.912,387,123,6-4 6-4,3,R32,83,4,1,48,24,23,17,10,0,0,4,1,65,39,25,13,10,4,6
2025-2789,Grodzisk Mazowiecki,Hard,32,C,O,20250804,7,B0OV,,,Petr Brunclik,L,188,CZE,19.05,466,89,HB48,7,,Calvin Hemery,R,191,FRA,30.516,183,301,6-2 6-3,3,R32,74,0,1,40,21,17,16,8,1,1,3,6,54,28,21,6,9,0,4
2025-2789,Grodzisk Mazowiecki,Hard,32,C,O,20250804,8,K0HC,,,Maks Kasnikowski,R,180,POL,22.081,514,75,GF95,8,,Hugo Grenier,R,196,FRA,29.366,192,288,4-6 7-6(5) 6-1,3,R32,134,4,3,100,61,41,24,15,4,7,7,2,79,52,35,13,14,1,5
2025-2789,Grodzisk Mazowiecki,Hard,32,C,O,20250804,9,B0P4,,,Tomasz Berkieta,R,191,POL,19.039,648,50,S0EK,,,Matias Soto,R,170,CHI,26.272,252,220,7-6(5) 7-6(5),3,R32,121,19,10,102,62,47,17,12,7,8,6,5,86,41,29,26,12,3,4
2025-2789,Grodzisk Mazowiecki,Hard,32,C,O,20250804,10,BV16,,,Ugo Blanchet,R,175,FRA,26.579,201,273,S0NV,,,Abdullah Shelbayh,L,180,JOR,21.717,353,137,6-3 6-1,3,R32,65,4,3,53,33,24,11,8,4,5,1,3,49,28,14,8,8,2,7
2025-2789,Grodzisk Mazowiecki,Hard,32,C,O,20250804,11,C0AJ,,,Jie Cui,R,183,CHN,27.526,298,176,B0GI,,,Alexandr Binda,R,180,ITA,23.866,368,132,7-6(6) 6-3,3,R32,107,3,0,69,44,28,13,11,1,4,2,5,73,43,28,9,10,7,11
2025-2789,Grodzisk Mazowiecki,Hard,32,C,O,20250804,12,E0DD,,,Justin Engel,R,185,GER,17.843,227,247,M0HT,,,Alejandro Moro Canas,R,183,ESP,24.657,304,167,6-7(5) 6-4 6-4,3,R32,157,10,4,107,51,34,35,16,4,6,6,1,94,69,47,17,16,4,8
2025-2789,Grodzisk Mazowiecki,Hard,32,C,O,20250804,13,G0BY,,,Daniil Glinka,L,188,EST,25.229,374,130,A829,,,Radu Albot,R,175,MDA,35.729,396,120,6-3 6-4,3,R32,74,5,3,56,35,22,13,10,1,3,1,0,53,36,21,11,9,4,8
2025-2789,Grodzisk Mazowiecki,Hard,32,C,O,20250804,14,KC56,,,Aslan Karatsev,R,185,RUS,31.915,253,219,P0FU,,,Filip Pieczonka,L,196,POL,21.32,811,28,6-7(4) 6-2 7-5,3,R32,126,10,7,97,60,47,19,16,5,7,12,7,100,56,35,23,16,5,10
2025-2789,Grodzisk Mazowiecki,Hard,32,C,O,20250804,15,P0IT,,,Olaf Pieczkowski,R,183,POL,21.342,479,85,DC76,,,Viktor Durasovic,R,185,NOR,28.378,225,248,6-3 6-4,3,R32,83,4,5,62,36,29,12,10,5,6,3,2,54,28,19,10,9,2,5
2025-2789,Grodzisk Mazowiecki,Hard,32,C,O,20250804,16,Z0A1,,,Giulio Zeppieri,L,183,ITA,23.658,271,197,M0ON,,,Johannus Monday,L,198,GBR,23.532,234,242,6-3 6-4,3,R32,72,5,0,57,32,24,19,10,3,3,5,2,55,33,24,12,9,2,4
2025-2789,Grodzisk Mazowiecki,Hard,32,C,O,20250804,17,MQ75,1,,Kamil Majchrzak,R,183,POL,29.558,88,719,B0P4,,,Tomasz Berkieta,R,191,POL,19.039,648,50,6-3 6-2,3,R16,62,1,0,51,32,26,14,9,5,5,7,4,56,32,20,11,8,1,4
2025-2789,Grodzisk Mazowiecki,Hard,32,C,O,20250804,18,P0HW,2,,Dino Prizmic,R,188,CRO,19.997,129,470,P0IT,,,Olaf Pieczkowski,R,183,POL,21.342,479,85,6-4 6-2,3,R16,90,1,1,53,35,25,9,9,2,4,1,6,63,25,17,13,9,4,9
2025-2789,Grodzisk Mazowiecki,Hard,32,C,O,20250804,19,M0G4,3,,Harold Mayot,R,180,FRA,23.496,156,363,C0AJ,,,Jie Cui,R,183,CHN,27.526,298,176,6-4 6-4,3,R16,88,6,1,49,30,25,12,10,1,2,1,1,68,37,23,17,10,7,10
2025-2789,Grodzisk Mazowiecki,Hard,32,C,O,20250804,20,BV16,,,Ugo Blanchet,R,175,FRA,26.579,201,273,HH06,5,,Marc-Andrea Huesler,L,196,SUI,29.112,172,313,6-3 6-3,3,R16,75,2,1,52,30,21,13,9,2,4,8,7,56,31,19,7,9,4,9
2025-2789,Grodzisk Mazowiecki,Hard,32,C,O,20250804,21,M0IF,6,,Francesco Maestrelli,R,196,ITA,22.62,158,358,E0DD,,,Justin Engel,R,185,GER,17.843,227,247,6-4 7-6(2),3,R16,93,2,3,61,34,24,15,11,2,5,0,1,69,38,23,13,11,4,8
2025-2789,Grodzisk Mazowiecki,Hard,32,C,O,20250804,22,C0NB,,,Federico Cina,R,185,ITA,18.349,230,245,KC56,,,Aslan Karatsev,R,185,RUS,31.915,253,219,6-0 6-3,3,R16,59,4,3,44,24,19,13,8,0,1,0,5,49,24,17,4,7,2,7
2025-2789,Grodzisk Mazowiecki,Hard,32,C,O,20250804,23,G0BY,,,Daniil Glinka,L,188,EST,25.229,374,130,K0HC,,,Maks Kasnikowski,R,180,POL,22.081,514,75,7-6(7) 6-4,3,R16,119,4,8,76,37,28,13,11,4,9,2,1,78,45,24,13,11,9,15
2025-2789,Grodzisk Mazowiecki,Hard,32,C,O,20250804,24,Z0A1,,,Giulio Zeppieri,L,183,ITA,23.658,271,197,B0OV,,,Petr Brunclik,L,188,CZE,19.05,466,89,7-6(6) 6-7(5) 6-2,3,R16,159,12,1,113,66,49,29,16,6,8,4,2,113,66,49,23,16,4,8
2025-2789,Grodzisk Mazowiecki,Hard,32,C,O,20250804,25,MQ75,1,,Kamil Majchrzak,R,183,POL,29.558,88,719,G0BY,,,Daniil Glinka,L,188,EST,25.229,374,130,6-4 3-6 6-4,3,QF,128,5,1,99,60,44,21,15,4,6,5,6,86,48,35,20,14,3,5
2025-2789,Grodzisk Mazowiecki,Hard,32,C,O,20250804,26,P0HW,2,,Dino Prizmic,R,188,CRO,19.997,129,470,M0IF,6,,Francesco Maestrelli,R,196,ITA,22.62,158,358,6-3 6-4,3,QF,95,1,1,59,36,28,13,10,0,1,6,4,61,33,20,14,9,1,4
2025-2789,Grodzisk Mazowiecki,Hard,32,C,O,20250804,27,M0G4,3,,Harold Mayot,R,180,FRA,23.496,156,363,Z0A1,,,Giulio Zeppieri,L,183,ITA,23.658,271,197,6-3 6-2,3,QF,57,9,1,40,29,28,8,9,0,0,3,2,52,31,17,11,8,7,10
2025-2789,Grodzisk Mazowiecki,Hard,32,C,O,20250804,28,BV16,,,Ugo Blanchet,R,175,FRA,26.579,201,273,C0NB,,,Federico Cina,R,185,ITA,18.349,230,245,7-5 6-4,3,QF,98,1,3,68,32,24,21,11,5,7,5,4,75,36,25,17,11,5,9
2025-2789,Grodzisk Mazowiecki,Hard,32,C,O,20250804,29,MQ75,1,,Kamil Majchrzak,R,183,POL,29.558,88,719,BV16,,,Ugo Blanchet,R,175,FRA,26.579,201,273,6-3 6-2,3,SF,75,3,0,59,34,26,14,9,3,4,6,5,54,27,20,8,8,2,6
2025-2789,Grodzisk Mazowiecki,Hard,32,C,O,20250804,30,P0HW,2,,Dino Prizmic,R,188,CRO,19.997,129,470,M0G4,3,,Harold Mayot,R,180,FRA,23.496,156,363,6-4 6-3,3,SF,100,4,2,56,28,20,18,10,1,2,0,1,68,40,26,12,9,8,11
2025-2789,Grodzisk Mazowiecki,Hard,32,C,O,20250804,31,MQ75,1,,Kamil Majchrzak,R,183,POL,29.558,88,719,P0HW,2,,Dino Prizmic,R,188,CRO,19.997,129,470,6-4 6-3,3,F,101,5,0,60,38,31,13,9,5,5,7,1,75,47,31,10,10,7,10
2025-2797,Chicago,Hard,32,C,O,20250804,1,H09N,1,,August Holmgren,R,188,DEN,27.285,187,293,KC86,,,Darian King,R,188,BAR,33.273,1986,1,6-4 6-4,3,R32,83,7,6,57,32,27,12,10,3,4,3,2,61,38,26,10,10,2,5
2025-2797,Chicago,Hard,32,C,O,20250804,2,J0B5,,,Garrett Johns,R,180,USA,24.63,343,146,HD68,2,,Billy Harris,R,193,GBR,30.524,149,405,3-6 6-3 6-4,3,R32,135,11,0,86,60,47,13,14,5,6,6,2,94,53,40,22,14,4,6
2025-2797,Chicago,Hard,32,C,O,20250804,3,HF80,3,,Hady Habib,R,188,LBN,26.954,166,326,K0HL,,,Kyle Kang,R,183,USA,20.517,608,55,7-6(7) 6-3,3,R32,122,0,3,74,41,31,18,10,4,5,5,4,83,44,34,17,11,6,9
2025-2797,Chicago,Hard,32,C,O,20250804,4,WB32,4,,Yibing Wu,R,183,CHN,25.807,186,294,I0B0,,,Andre Ilagan,L,173,USA,24.715,393,122,1-6 6-2 6-1,3,R32,75,3,3,58,38,28,11,11,1,4,2,1,56,38,26,7,11,3,8
2025-2797,Chicago,Hard,32,C,O,20250804,5,Z09Z,5,,Beibit Zhukayev,R,198,KAZ,24.81,206,269,M0RE,,,Patrick Maloney,R,193,USA,25.484,319,157,4-6 6-3 6-4,3,R32,136,18,3,112,68,52,22,15,9,10,6,5,82,51,38,18,14,1,3
2025-2797,Chicago,Hard,32,C,O,20250804,6,D0D4,,,Stefan Dostanic,R,188,USA,23.748,419,109,TA46,6,,Bernard Tomic,R,196,AUS,32.786,184,300,6-7(3) 7-6(4) 2-0 RET,3,R32,123,7,5,86,53,41,19,13,2,3,5,2,87,53,41,15,13,4,6
2025-2797,Chicago,Hard,32,C,O,20250804,7,H09F,7,,Yu Hsiou Hsu,R,178,TPE,26.341,198,275,F0CK,,,Andrew Fenty,R,193,USA,25.407,723,39,6-2 6-2,3,R32,69,6,0,41,25,20,13,8,1,1,4,6,55,29,19,9,8,10,14
2025-2797,Chicago,Hard,32,C,O,20250804,8,Z0BZ,,,Michael Zheng,R,188,USA,21.52,416,110,P0J1,8,,Rodrigo Pacheco Mendez,L,191,MEX,20.277,224,248,7-6(7) 6-2,3,R32,139,7,1,84,49,34,18,10,8,9,2,6,80,44,32,14,10,10,13
2025-2797,Chicago,Hard,32,C,O,20250804,9,B0I6,,,Samir Banerjee,R,188,USA,21.84,515,75,RG42,,,Alex Rybakov,L,185,USA,28.517,311,162,6-2 6-3,3,R32,96,3,2,53,30,26,12,9,3,4,2,8,79,48,28,11,8,16,20
2025-2797,Chicago,Hard,32,C,O,20250804,10,BI81,,,Alex Bolt,L,183,AUS,32.578,228,246,H0B5,,,Tsung-Hao Huang,R,173,TPE,25.7,536,70,6-1 7-6(7),3,R32,85,5,0,70,43,30,17,10,2,3,2,4,68,41,25,14,9,4,7
2025-2797,Chicago,Hard,32,C,O,20250804,11,G0IW,,,Antoine Ghibaudo,R,191,FRA,20.523,474,85,V0DP,,,Adolfo Daniel Vallejo,R,183,PAR,21.268,245,226,6-0 6-2,3,R32,77,2,3,51,31,19,12,7,4,5,2,1,46,26,12,4,7,4,10
2025-2797,Chicago,Hard,32,C,O,20250804,12,H0DC,,,Giles Hussey,L,185,GBR,28.192,409,113,D0DT,,,Martin Damm,L,203,USA,21.845,435,101,7-6(2) 7-5,3,R32,120,3,0,90,55,36,21,12,5,7,9,5,75,52,36,9,12,2,5
2025-2797,Chicago,Hard,32,C,O,20250804,13,N707,,,Naoki Nakagawa,R,180,JPN,28.706,350,142,PL39,,,Alfredo Perez,R,193,USA,28.203,375,130,6-4 6-3,3,R32,107,2,3,75,42,32,17,10,5,5,4,3,65,36,22,18,9,7,9
2025-2797,Chicago,Hard,32,C,O,20250804,14,SM88,,,Karue Sell,R,183,BRA,31.723,280,189,T133,,,Miguel Tobon,R,185,COL,57.117,732,15,6-4 6-3,3,R32,92,3,2,51,31,22,11,9,2,4,6,5,78,39,24,15,10,7,12
2025-2797,Chicago,Hard,32,C,O,20250804,15,S0VM,,,Trevor Svajda,R,175,USA,19.291,557,65,J380,,,Jason Jung,R,180,TPE,36.137,856,22,6-3 7-6(7),3,R32,123,4,3,89,51,27,22,11,11,15,2,6,75,40,23,13,10,4,9
2025-2797,Chicago,Hard,32,C,O,20250804,16,Z0CQ,,,Yi Zhou,R,193,CHN,20.392,325,154,S0NN,,,Joshua Sheehy,L,188,USA,28.515,698,42,6-3 6-2,3,R32,74,2,0,57,32,24,16,9,3,4,4,2,47,24,12,11,8,3,7
2025-2797,Chicago,Hard,32,C,O,20250804,17,H09N,1,,August Holmgren,R,188,DEN,27.285,187,293,G0IW,,,Antoine Ghibaudo,R,191,FRA,20.523,474,85,6-4 6-4,3,R16,98,10,7,65,39,30,15,10,2,3,2,2,67,46,30,9,10,6,9
2025-2797,Chicago,Hard,32,C,O,20250804,18,HF80,3,,Hady Habib,R,188,LBN,26.954,166,326,B0I6,,,Samir Banerjee,R,188,USA,21.84,515,75,7-5 6-4,3,R16,95,8,4,80,58,38,12,11,6,7,7,3,59,28,24,12,11,2,5
2025-2797,Chicago,Hard,32,C,O,20250804,19,WB32,4,,Yibing Wu,R,183,CHN,25.807,186,294,N707,,,Naoki Nakagawa,R,180,JPN,28.706,350,142,6-3 6-2,3,R16,76,7,2,48,27,22,15,9,0,0,3,1,53,30,18,12,8,1,4
2025-2797,Chicago,Hard,32,C,O,20250804,20,S0VM,,,Trevor Svajda,R,175,USA,19.291,557,65,Z09Z,5,,Beibit Zhukayev,R,198,KAZ,24.81,206,269,6-3 6-0,3,R16,63,4,1,39,21,17,12,8,1,2,5,4,46,23,13,7,7,4,9
2025-2797,Chicago,Hard,32,C,O,20250804,21,H09F,7,,Yu Hsiou Hsu,R,178,TPE,26.341,198,275,SM88,,,Karue Sell,R,183,BRA,31.723,280,189,6-3 6-2,3,R16,68,4,3,50,32,25,8,9,0,1,0,4,44,23,13,9,8,2,6
2025-2797,Chicago,Hard,32,C,O,20250804,22,H0DC,,,Giles Hussey,L,185,GBR,28.192,409,113,D0D4,,,Stefan Dostanic,R,188,USA,23.748,419,109,4-6 7-5 4-2 RET,3,R16,144,6,4,106,69,42,21,14,9,12,4,1,71,49,33,11,14,1,5
2025-2797,Chicago,Hard,32,C,O,20250804,23,J0B5,,,Garrett Johns,R,180,USA,24.63,343,146,BI81,,,Alex Bolt,L,183,AUS,32.578,228,246,6-2 2-6 7-5,3,R16,135,7,1,85,48,33,21,14,2,4,9,3,98,57,39,20,14,10,13
2025-2797,Chicago,Hard,32,C,O,20250804,24,Z0BZ,,,Michael Zheng,R,188,USA,21.52,416,110,Z0CQ,,,Yi Zhou,R,193,CHN,20.392,325,154,6-4 3-6 7-6(5),3,R16,138,8,0,95,61,43,19,15,3,6,8,7,105,64,47,18,16,6,9
2025-2797,Chicago,Hard,32,C,O,20250804,25,H09N,1,,August Holmgren,R,188,DEN,27.285,187,293,H0DC,,,Giles Hussey,L,185,GBR,28.192,409,113,6-4 6-4,3,QF,97,9,6,58,32,27,18,10,2,2,2,1,68,48,29,12,10,5,7
2025-2797,Chicago,Hard,32,C,O,20250804,26,Z0BZ,,,Michael Zheng,R,188,USA,21.52,416,110,HF80,3,,Hady Habib,R,188,LBN,26.954,166,326,6-4 6-3,3,QF,72,5,4,56,37,28,11,9,1,1,4,3,52,29,21,11,10,0,3
2025-2797,Chicago,Hard,32,C,O,20250804,27,H09F,7,,Yu Hsiou Hsu,R,178,TPE,26.341,198,275,WB32,4,,Yibing Wu,R,183,CHN,25.807,186,294,7-6(4) 6-4,3,QF,111,5,1,64,44,33,13,11,0,1,5,3,82,52,38,14,11,2,4
2025-2797,Chicago,Hard,32,C,O,20250804,28,J0B5,,,Garrett Johns,R,180,USA,24.63,343,146,S0VM,,,Trevor Svajda,R,175,USA,19.291,557,65,7-5 6-2,3,QF,87,7,3,55,26,23,16,10,0,1,1,2,63,36,19,15,10,1,5
2025-2797,Chicago,Hard,32,C,O,20250804,29,H09F,7,,Yu Hsiou Hsu,R,178,TPE,26.341,198,275,H09N,1,,August Holmgren,R,188,DEN,27.285,187,293,7-6(2) 3-6 7-6(3),3,SF,188,6,4,113,77,55,25,16,3,5,20,12,124,81,64,19,17,11,12
2025-2797,Chicago,Hard,32,C,O,20250804,30,Z0BZ,,,Michael Zheng,R,188,USA,21.52,416,110,J0B5,,,Garrett Johns,R,180,USA,24.63,343,146,2-6 6-4 6-1,3,SF,113,4,2,72,39,28,21,12,4,6,5,6,75,36,27,17,13,4,8
2025-2797,Chicago,Hard,32,C,O,20250804,31,Z0BZ,,,Michael Zheng,R,188,USA,21.52,416,110,H09F,7,,Yu Hsiou Hsu,R,178,TPE,26.341,198,275,6-4 6-2,3,F,89,11,1,65,38,30,14,9,5,5,0,3,50,28,18,11,9,4,7
2025-2935,Bonn,Clay,32,C,O,20250804,1,C0JP,2,,Raphael Collignon,R,191,BEL,23.556,107,590,F0DP,,,Peter Fajta,R,185,HUN,23.201,518,75,7-5 6-4,3,R32,93,3,7,76,42,31,16,11,5,7,3,7,68,39,29,10,11,6,10
2025-2935,Bonn,Clay,32,C,O,20250804,2,M0K4,3,,Elmer Moller,R,183,DEN,22.073,111,557,V821,,,Gonzalo Villanueva,R,175,ARG,30.557,371,131,7-6(4) 6-2,3,R32,93,6,4,63,35,27,17,10,1,2,4,1,58,35,27,10,10,2,5
2025-2935,Bonn,Clay,32,C,O,20250804,3,G0FW,4,,Vilius Gaubas,R,178,LTU,20.597,148,408,D0LJ,,,Diego Dedura,L,180,GER,17.396,338,147,6-2 6-4,3,R32,79,0,0,51,35,24,10,9,0,1,0,0,64,51,28,5,9,5,9
2025-2935,Bonn,Clay,32,C,O,20250804,4,BU54,,,Geoffrey Blancaneaux,R,180,FRA,26.99,276,194,CH12,5,,Jan Choinski,R,196,GBR,29.15,151,399,6-3 6-0,3,R32,85,3,1,56,30,22,17,8,6,6,1,0,46,27,14,9,7,3,7
2025-2935,Bonn,Clay,32,C,O,20250804,5,CE77,6,,Federico Coria,R,180,ARG,33.405,153,376,CF01,,,Marco Cecchinato,R,185,ITA,32.843,293,178,6-4 6-2,3,R32,82,2,2,58,40,24,11,9,6,8,0,5,54,34,20,6,9,6,11
2025-2935,Bonn,Clay,32,C,O,20250804,6,R09X,7,,Jurij Rodionov,L,191,AUT,26.22,185,297,N897,,,Sumit Nagal,R,178,IND,27.967,302,169,7-6(2) 6-3,3,R32,96,5,1,58,39,26,10,10,2,6,0,3,82,56,29,11,11,7,13
2025-2935,Bonn,Clay,32,C,O,20250804,7,J09X,,,Filip Cristian Jianu,R,180,ROU,23.877,266,201,HG94,8,,Benjamin Hassan,R,183,LBN,30.497,189,292,6-4 4-6 6-4,3,R32,120,0,0,97,67,41,18,15,8,11,10,5,86,45,36,19,15,8,12
2025-2935,Bonn,Clay,32,C,O,20250804,8,K0FY,,,Martin Krumich,R,188,CZE,22.606,512,76,Z09F,,,Patrick Zahraj,R,191,GER,26.051,270,199,6-4 6-4,3,R32,87,8,1,58,35,30,14,10,4,4,6,6,60,30,26,13,10,4,6
2025-2935,Bonn,Clay,32,C,O,20250804,9,K0EP,,,Jerome Kym,R,198,SUI,22.475,179,303,Y171,,,Denis Yevseyev,R,188,KAZ,32.203,322,156,6-2 6-4,3,R32,67,2,6,55,26,18,16,9,4,6,0,3,62,39,22,6,9,3,8
2025-2935,Bonn,Clay,32,C,O,20250804,10,M19T,,,Jamie Mackenzie,R,180,GER,17.552,1788,1,P0DF,,,Matheus Pucinelli De Almeida,R,183,BRA,24.342,278,191,6-0 6-4,3,R32,77,4,2,50,29,21,13,8,3,4,1,2,60,35,19,8,8,7,12
2025-2935,Bonn,Clay,32,C,O,20250804,11,M0OH,,,Lautaro Midon,R,180,ARG,21.35,274,196,B0FI,,,Pedro Boscardin Dias,R,180,BRA,22.516,334,150,6-2 6-1,3,R32,81,0,3,62,32,20,17,8,6,7,0,0,53,29,14,8,7,7,12
2025-2935,Bonn,Clay,32,C,O,20250804,12,M0KA,,,Yanaki Milev,R,180,BUL,21.303,802,29,M0XQ,,,Niels McDonald,R,191,GER,17.522,1036,12,4-6 6-4 6-4,3,R32,132,4,4,97,59,40,22,15,6,9,5,9,97,57,35,22,15,6,10
2025-2935,Bonn,Clay,32,C,O,20250804,13,R0A7,,,Joao Lucas Reis Da Silva,R,178,BRA,25.358,241,234,W0BU,,,Olle Wallin,R,191,SWE,23.784,408,114,6-2 5-7 6-2,3,R32,116,4,3,79,51,31,16,14,6,11,5,7,81,41,28,12,14,3,11
2025-2935,Bonn,Clay,32,C,O,20250804,14,RH62,,,Mats Rosenkranz,L,193,GER,26.949,358,134,T09X,,,Clement Tabur,R,173,FRA,25.528,240,234,6-1 7-5,3,R32,81,7,1,61,39,31,12,10,3,3,3,2,55,30,18,14,9,3,6
2025-2935,Bonn,Clay,32,C,O,20250804,15,S0WT,,,Joel Schwaerzler,L,188,AUT,19.518,342,146,N731,,,Christoph Negritu,R,193,GER,31.373,263,203,7-5 6-4,3,R32,89,5,2,67,41,33,16,11,5,5,8,2,64,36,31,12,11,3,5
2025-2935,Bonn,Clay,32,C,O,20250804,16,S0GR,,,Timofey Skatov,R,173,KAZ,24.534,308,163,PG20,,,Dmitry Popko,R,191,KAZ,28.778,217,255,6-2 7-5,3,R32,97,2,2,60,31,24,15,10,6,8,8,3,54,26,18,10,10,0,5
2025-2935,Bonn,Clay,32,C,O,20250804,17,C0JP,2,,Raphael Collignon,R,191,BEL,23.556,107,590,K0EP,,,Jerome Kym,R,198,SUI,22.475,179,303,6-2 7-5,3,R16,85,3,5,63,34,27,18,10,1,1,4,2,60,38,23,12,10,3,6
2025-2935,Bonn,Clay,32,C,O,20250804,18,M0KA,,,Yanaki Milev,R,180,BUL,21.303,802,29,M0K4,3,,Elmer Moller,R,183,DEN,22.073,111,557,6-2 2-6 6-2,3,R16,131,2,6,101,50,26,29,12,8,12,3,5,82,45,24,17,12,12,18
2025-2935,Bonn,Clay,32,C,O,20250804,19,G0FW,4,,Vilius Gaubas,R,178,LTU,20.597,148,408,K0FY,,,Martin Krumich,R,188,CZE,22.606,512,76,4-6 6-3 6-3,3,R16,132,4,4,80,58,45,7,14,4,7,3,4,90,46,32,19,14,8,13
2025-2935,Bonn,Clay,32,C,O,20250804,20,S0WT,,,Joel Schwaerzler,L,188,AUT,19.518,342,146,CE77,6,,Federico Coria,R,180,ARG,33.405,153,376,7-6(4) 6-1,3,R16,93,4,2,65,39,25,14,9,4,6,4,5,71,41,24,11,10,5,10
2025-2935,Bonn,Clay,32,C,O,20250804,21,R09X,7,,Jurij Rodionov,L,191,AUT,26.22,185,297,M19T,,,Jamie Mackenzie,R,180,GER,17.552,1788,1,6-3 6-4,3,R16,76,8,0,57,31,27,15,10,1,1,3,4,60,34,24,13,9,5,7
2025-2935,Bonn,Clay,32,C,O,20250804,22,M0OH,,,Lautaro Midon,R,180,ARG,21.35,274,196,RH62,,,Mats Rosenkranz,L,193,GER,26.949,358,134,6-3 6-4,3,R16,78,8,2,62,37,26,17,9,2,2,0,5,63,43,27,9,10,2,5
2025-2935,Bonn,Clay,32,C,O,20250804,23,R0A7,,,Joao Lucas Reis Da Silva,R,178,BRA,25.358,241,234,BU54,,,Geoffrey Blancaneaux,R,180,FRA,26.99,276,194,6-4 6-2,3,R16,90,0,0,56,43,28,9,9,0,1,5,8,50,24,17,11,9,3,7
2025-2935,Bonn,Clay,32,C,O,20250804,24,S0GR,,,Timofey Skatov,R,173,KAZ,24.534,308,163,J09X,,,Filip Cristian Jianu,R,180,ROU,23.877,266,201,7-6(0) 6-1,3,R16,81,4,3,53,31,24,14,10,0,2,1,1,63,41,20,10,9,0,4
2025-2935,Bonn,Clay,32,C,O,20250804,25,C0JP,2,,Raphael Collignon,R,191,BEL,23.556,107,590,R0A7,,,Joao Lucas Reis Da Silva,R,178,BRA,25.358,241,234,6-3 7-5,3,QF,94,6,3,61,38,25,14,11,3,6,2,1,71,46,24,11,10,6,11
2025-2935,Bonn,Clay,32,C,O,20250804,26,S0WT,,,Joel Schwaerzler,L,188,AUT,19.518,342,146,G0FW,4,,Vilius Gaubas,R,178,LTU,20.597,148,408,4-6 6-3 7-6(4),3,QF,132,7,1,94,69,50,15,16,0,2,8,1,90,64,46,16,15,6,8
2025-2935,Bonn,Clay,32,C,O,20250804,27,R09X,7,,Jurij Rodionov,L,191,AUT,26.22,185,297,M0OH,,,Lautaro Midon,R,180,ARG,21.35,274,196,7-6(2) 6-1,3,QF,88,4,2,54,27,24,16,9,1,2,3,3,74,42,27,12,10,8,12
2025-2935,Bonn,Clay,32,C,O,20250804,28,S0GR,,,Timofey Skatov,R,173,KAZ,24.534,308,163,M0KA,,,Yanaki Milev,R,180,BUL,21.303,802,29,6-0 3-0 RET,3,QF,46,4,1,26,13,12,10,5,0,0,0,4,23,11,3,2,4,0,4
2025-2935,Bonn,Clay,32,C,O,20250804,29,S0GR,,,Timofey Skatov,R,173,KAZ,24.534,308,163,C0JP,2,,Raphael Collignon,R,191,BEL,23.556,107,590,6-4 4-6 7-5,3,SF,168,2,9,112,58,39,27,16,7,11,6,11,97,54,36,23,16,5,10
2025-2935,Bonn,Clay,32,C,O,20250804,30,R09X,7,,Jurij Rodionov,L,191,AUT,26.22,185,297,S0WT,,,Joel Schwaerzler,L,188,AUT,19.518,342,146,1-6 6-2 6-4,3,SF,116,3,2,74,43,31,18,12,2,4,3,3,78,44,36,16,13,5,8
2025-2935,Bonn,Clay,32,C,O,20250804,31,R09X,7,,Jurij Rodionov,L,191,AUT,26.22,185,297,S0GR,,,Timofey Skatov,R,173,KAZ,24.534,308,163,3-6 6-2 6-4,3,F,134,15,5,89,47,32,19,14,6,11,0,10,88,44,25,21,13,8,14
2025-2043,Sofia 1,Clay,32,C,O,20250811,1,F840,1,,Nerman Fatic,R,191,BIH,30.798,247,225,F0F4,,,Kilian Feldbausch,R,191,SUI,19.926,386,124,6-7(4) 6-4 6-2,3,R32,144,5,3,99,55,40,24,15,8,10,2,6,103,60,37,24,15,8,13
2025-2043,Sofia 1,Clay,32,C,O,20250811,2,A0CJ,2,,Duje Ajdukovic,R,188,CRO,24.512,262,203,H0J1,,,Naoya Honda,R,175,JPN,19.409,813,28,2-6 6-4 6-4,3,R32,127,2,4,79,40,27,21,14,2,6,1,5,102,60,38,22,14,6,10
2025-2043,Sofia 1,Clay,32,C,O,20250811,3,A0J5,,,Stefan Adrian Andreescu,R,180,ROU,23.63,547,67,J09X,3,,Filip Cristian Jianu,R,180,ROU,23.896,266,201,7-6(7) 3-2 RET,3,R32,99,0,1,63,41,26,12,8,3,5,3,0,76,50,33,9,9,7,10
2025-2043,Sofia 1,Clay,32,C,O,20250811,4,K0HG,,,Milos Karol,R,198,SVK,22.661,367,132,M0OH,4,,Lautaro Midon,R,180,ARG,21.369,274,196,6-1 6-3,3,R32,59,7,4,41,17,16,16,8,0,0,2,4,50,19,14,11,8,2,6
2025-2043,Sofia 1,Clay,32,C,O,20250811,5,S0MN,5,,Marat Sharipov,R,188,RUS,22.839,277,192,I0BF,,,Ivan Ivanov,R,,BUL,16.78,821,27,6-2 6-2,3,R32,59,8,2,47,24,21,12,8,5,6,0,7,48,26,16,6,8,2,7
2025-2043,Sofia 1,Clay,32,C,O,20250811,6,DC48,6,,Murkel Dellien,R,193,BOL,27.901,287,183,M0WL,,,Anas Mazdrashki,R,180,BUL,19.138,1080,11,6-0 6-3,3,R32,69,1,1,46,27,22,9,7,2,3,0,0,54,27,12,11,8,3,9
2025-2043,Sofia 1,Clay,32,C,O,20250811,7,R0FP,7,,Daniel Rincon,L,185,ESP,22.593,290,180,SO20,,,Jelle Sels,R,188,NED,30.004,329,152,6-1 6-2,3,R32,61,0,1,32,20,17,11,7,0,0,1,2,44,26,13,6,8,3,8
2025-2043,Sofia 1,Clay,32,C,O,20250811,8,B0LW,8,,Mika Brunold,R,191,SUI,20.857,296,176,PL64,,,Oleg Prihodko,R,180,UKR,27.855,318,157,6-4 6-4,3,R32,86,4,2,64,37,24,17,10,3,4,4,0,52,31,20,11,10,2,5
2025-2043,Sofia 1,Clay,32,C,O,20250811,9,A0IK,,,Luciano Emanuel Ambrogi,R,188,ARG,21.728,345,144,S0WT,,,Joel Schwaerzler,L,188,AUT,19.537,342,146,7-5 6-4,3,R32,99,6,0,60,38,30,16,11,5,5,3,1,67,35,23,21,11,2,4
2025-2043,Sofia 1,Clay,32,C,O,20250811,10,B0JP,,,Dali Blanch,R,185,USA,22.437,473,86,W0BU,,,Olle Wallin,R,191,SWE,23.803,408,114,6-3 3-6 7-6(3),3,R32,127,15,5,96,51,39,21,15,6,10,3,8,88,42,24,32,15,3,7
2025-2043,Sofia 1,Clay,32,C,O,20250811,11,G0EQ,,,Sebastian Gima,L,0,ROU,23.236,622,53,R0BT,,,Franco Roncadelli,L,185,URU,25.511,380,128,6-1 3-6 6-2,3,R32,118,3,5,86,47,34,23,12,8,9,1,0,76,52,34,11,12,7,11
2025-2043,Sofia 1,Clay,32,C,O,20250811,12,KH56,,,Zdenek Kolar,R,183,CZE,28.838,382,126,V0GR,,,Alexander Vasilev,L,185,BUL,18.245,1305,5,6-2 6-3,3,R32,80,1,2,43,31,25,7,8,2,3,3,11,67,41,24,8,9,6,11
2025-2043,Sofia 1,Clay,32,C,O,20250811,13,K0CJ,,,Sandro Kopp,R,185,AUT,25.21,405,115,N0DB,,,Andrej Nedic,R,185,BIH,20.819,381,126,7-5 6-1,3,R32,81,8,5,61,37,31,12,10,0,0,3,3,54,24,16,16,9,5,8
2025-2043,Sofia 1,Clay,32,C,O,20250811,14,S0GZ,,,Nikolas Sanchez Izquierdo,R,185,ESP,26.409,306,165,M0RF,,,Viktor Markov,R,0,BUL,20.307,1689,2,6-4 6-0,3,R32,74,1,1,42,26,19,15,8,1,1,3,4,52,25,16,10,8,3,7
2025-2043,Sofia 1,Clay,32,C,O,20250811,15,S0W8,,,Aryan Shah,R,183,IND,19.721,395,121,DH46,,,Alexander Donski,R,188,BUL,27.028,655,49,5-7 6-4 6-4,3,R32,144,10,4,112,58,43,27,16,6,8,13,12,94,35,29,33,16,4,7
2025-2043,Sofia 1,Clay,32,C,O,20250811,16,Y171,,,Denis Yevseyev,R,188,KAZ,32.222,322,156,Z419,,,Bernabe Zapata Miralles,R,183,ESP,28.578,399,117,6-2 6-0,3,R32,58,2,2,43,22,15,13,7,1,2,0,4,48,32,13,4,7,5,11
2025-2043,Sofia 1,Clay,32,C,O,20250811,17,F840,1,,Nerman Fatic,R,191,BIH,30.798,247,225,A0IK,,,Luciano Emanuel Ambrogi,R,188,ARG,21.728,345,144,6-3 6-2,3,R16,91,2,2,70,48,34,10,9,5,6,0,2,49,25,14,11,8,2,6
2025-2043,Sofia 1,Clay,32,C,O,20250811,18,A0CJ,2,,Duje Ajdukovic,R,188,CRO,24.512,262,203,S0W8,,,Aryan Shah,R,183,IND,19.721,395,121,6-3 6-3,3,R16,97,3,3,75,39,26,17,9,7,9,0,3,51,24,16,10,9,4,9
2025-2043,Sofia 1,Clay,32,C,O,20250811,19,S0GZ,,,Nikolas Sanchez Izquierdo,R,185,ESP,26.409,306,165,S0MN,5,,Marat Sharipov,R,188,RUS,22.839,277,192,6-3 6-2,3,R16,83,1,1,51,42,27,5,8,4,6,0,7,58,22,12,12,9,9,15
2025-2043,Sofia 1,Clay,32,C,O,20250811,20,DC48,6,,Murkel Dellien,R,193,BOL,27.901,287,183,Y171,,,Denis Yevseyev,R,188,KAZ,32.222,322,156,6-4 6-3,3,R16,86,1,2,56,35,26,10,9,4,5,1,2,70,47,28,9,10,3,7
2025-2043,Sofia 1,Clay,32,C,O,20250811,21,G0EQ,,,Sebastian Gima,L,0,ROU,23.236,622,53,R0FP,7,,Daniel Rincon,L,185,ESP,22.593,290,180,6-4 6-4,3,R16,98,1,4,72,44,28,12,10,2,5,2,6,65,38,29,4,10,4,9
2025-2043,Sofia 1,Clay,32,C,O,20250811,22,B0JP,,,Dali Blanch,R,185,USA,22.437,473,86,B0LW,8,,Mika Brunold,R,191,SUI,20.857,296,176,6-4 5-7 6-2,3,R16,137,4,2,111,56,41,25,15,5,8,2,7,97,60,38,19,15,9,14
2025-2043,Sofia 1,Clay,32,C,O,20250811,23,KH56,,,Zdenek Kolar,R,183,CZE,28.838,382,126,A0J5,,,Stefan Adrian Andreescu,R,180,ROU,23.63,547,67,6-4 6-2,3,R16,97,1,2,58,35,24,12,9,4,6,1,1,74,47,26,10,9,9,14
2025-2043,Sofia 1,Clay,32,C,O,20250811,24,K0CJ,,,Sandro Kopp,R,185,AUT,25.21,405,115,K0HG,,,Milos Karol,R,198,SVK,22.661,367,132,3-6 6-3 7-6(2),3,R16,121,2,3,82,61,48,12,15,1,3,13,8,88,43,34,27,15,0,2
2025-2043,Sofia 1,Clay,32,C,O,20250811,25,F840,1,,Nerman Fatic,R,191,BIH,30.798,247,225,G0EQ,,,Sebastian Gima,L,0,ROU,23.236,622,53,6-2 6-2,3,QF,72,2,1,50,40,30,6,8,3,3,1,0,44,26,16,8,8,2,6
2025-2043,Sofia 1,Clay,32,C,O,20250811,26,B0JP,,,Dali Blanch,R,185,USA,22.437,473,86,A0CJ,2,,Duje Ajdukovic,R,188,CRO,24.512,262,203,6-4 7-6(3),3,QF,102,6,5,89,53,40,19,11,8,9,1,2,70,50,36,10,11,1,3
2025-2043,Sofia 1,Clay,32,C,O,20250811,27,DC48,6,,Murkel Dellien,R,193,BOL,27.901,287,183,K0CJ,,,Sandro Kopp,R,185,AUT,25.21,405,115,7-6(5) 6-0,3,QF,96,1,3,60,40,31,9,9,3,4,0,2,60,33,14,16,9,5,9
2025-2043,Sofia 1,Clay,32,C,O,20250811,28,KH56,,,Zdenek Kolar,R,183,CZE,28.838,382,126,S0GZ,,,Nikolas Sanchez Izquierdo,R,185,ESP,26.409,306,165,6-3 6-0,3,QF,74,0,1,45,34,27,8,8,3,3,1,0,42,29,13,7,7,0,4
2025-2043,Sofia 1,Clay,32,C,O,20250811,29,KH56,,,Zdenek Kolar,R,183,CZE,28.838,382,126,F840,1,,Nerman Fatic,R,191,BIH,30.798,247,225,6-0 RET,3,SF,32,0,0,18,15,12,2,3,0,0,2,0,24,16,7,2,3,5,8
2025-2043,Sofia 1,Clay,32,C,O,20250811,30,DC48,6,,Murkel Dellien,R,193,BOL,27.901,287,183,B0JP,,,Dali Blanch,R,185,USA,22.437,473,86,6-0 4-6 6-1,3,SF,109,1,2,71,50,32,12,11,3,5,1,7,89,56,32,10,12,6,13
2025-2043,Sofia 1,Clay,32,C,O,20250811,31,KH56,,,Zdenek Kolar,R,183,CZE,28.838,382,126,DC48,6,,Murkel Dellien,R,193,BOL,27.901,287,183,6-2 6-2,3,F,77,1,2,55,45,34,4,8,4,4,2,0,47,26,16,8,8,2,6
2025-3017,Hersonissos 3,Hard,32,C,O,20250811,1,L0CF,1,,George Loffhagen,R,188,GBR,24.312,229,246,U176,,,Vadym Ursu,R,183,UKR,28.608,461,90,6-1 4-6 6-2,3,R32,147,1,14,89,48,33,20,13,4,7,5,9,74,41,25,13,12,2,8
2025-3017,Hersonissos 3,Hard,32,C,O,20250811,2,X01C,,,Ioannis Xilas,R,178,GRE,24.249,869,23,G09C,2,,Marek Gengel,R,185,CZE,29.9,250,220,6-4 3-0 RET,3,R32,73,1,2,43,28,21,7,7,2,3,1,0,37,20,10,6,6,3,6
2025-3017,Hersonissos 3,Hard,32,C,O,20250811,3,F0BP,,,Pietro Fellin,R,193,ITA,24.025,561,65,MW76,3,,Matteo Martineau,R,183,FRA,26.568,269,199,6-1 6-3,3,R32,70,2,2,45,25,16,11,8,0,2,1,5,40,25,10,3,8,2,8
2025-3017,Hersonissos 3,Hard,32,C,O,20250811,4,J0D2,,,Maximus Jones,R,185,THA,20.931,387,123,C0AJ,4,,Jie Cui,R,183,CHN,27.546,298,176,7-5 6-1,3,R32,112,5,1,66,38,29,15,10,3,4,0,0,49,30,18,11,9,3,7
2025-3017,Hersonissos 3,Hard,32,C,O,20250811,5,S0KT,5,,Stefanos Sakellaridis,R,198,GRE,20.909,317,157,B0GI,,,Alexandr Binda,R,180,ITA,23.885,368,132,6-2 3-6 6-4,3,R32,145,7,1,86,43,29,22,14,3,8,0,5,82,49,29,14,13,4,10
2025-3017,Hersonissos 3,Hard,32,C,O,20250811,6,A09T,6,,Dan Added,R,183,FRA,26.33,340,147,T0EI,,,Aristotelis Thanos,R,193,GRE,24.345,459,90,6-3 6-3,3,R32,93,3,0,46,23,18,17,9,0,1,1,7,54,29,18,9,9,1,5
2025-3017,Hersonissos 3,Hard,32,C,O,20250811,7,I305,,,Ilya Ivashka,R,193,BLR,31.461,819,27,LI10,7,,Christian Langmo,R,191,USA,29.194,351,142,6-3 1-6 7-6(6),3,R32,193,1,4,95,57,36,24,14,7,11,9,7,118,75,48,20,14,4,7
2025-3017,Hersonissos 3,Hard,32,C,O,20250811,8,B0OV,,,Petr Brunclik,L,188,CZE,19.069,466,89,M0DY,,,Peter Makk,R,180,HUN,23.808,1635,2,6-3 3-6 7-5,3,R32,150,9,9,80,48,36,13,15,3,8,2,4,84,43,28,21,15,5,11
2025-3017,Hersonissos 3,Hard,32,C,O,20250811,9,J0DZ,,,Rafael Jodar,R,191,ESP,18.899,540,68,P0B2,,,Luca Potenza,R,175,ITA,25.038,477,85,7-6(3) 6-4,3,R32,141,5,2,71,38,25,23,11,2,3,3,3,87,53,36,14,11,11,13
2025-3017,Hersonissos 3,Hard,32,C,O,20250811,10,LC12,,,Laurent Lokoli,R,188,FRA,30.815,379,128,C0HV,,,Luca Castagnola,R,183,ITA,23.159,575,62,6-7(1) 6-3 6-2,3,R32,197,7,12,91,54,39,16,14,5,8,6,9,98,58,37,16,15,4,11
2025-3017,Hersonissos 3,Hard,32,C,O,20250811,11,M0GP,,,Filippo Moroni,R,175,ITA,24.523,568,63,K0HO,,,Orel Kimhi,R,173,ISR,21.979,770,31,7-5 6-2,3,R32,120,2,4,63,39,26,4,10,4,9,0,0,58,42,14,8,10,4,12
2025-3017,Hersonissos 3,Hard,32,C,O,20250811,12,P0K5,,,Theo Papamalamis,R,183,FRA,19.587,644,50,TG77,,,Petros Tsitsipas,R,185,GRE,25.04,977,15,6-4 6-3,3,R32,110,4,1,48,25,20,13,9,0,2,1,9,68,25,14,18,10,7,12
2025-3017,Hersonissos 3,Hard,32,C,O,20250811,13,RH62,,,Mats Rosenkranz,L,193,GER,26.968,358,134,T0GE,,,Pavlos Tsitsipas,R,196,GRE,20.052,999,15,6-4 3-6 7-6(5),3,R32,162,12,4,101,54,44,26,16,4,7,4,5,90,52,38,25,15,0,2
2025-3017,Hersonissos 3,Hard,32,C,O,20250811,14,T0GR,,,Oliver Tarvet,R,185,GBR,21.785,403,115,B0I5,,,Blaise Bicknell,R,191,JAM,23.707,612,54,5-2 RET,3,R32,41,1,2,18,10,9,4,3,2,2,2,3,30,17,10,5,4,5,7
2025-3017,Hersonissos 3,Hard,32,C,O,20250811,15,W0AH,,,Harry Wendelken,R,178,GBR,23.647,507,77,PJ74,,,Lucas Poullain,R,175,FRA,29.684,354,136,6-1 7-5,3,R32,117,0,1,52,33,20,13,9,2,4,1,1,71,42,24,11,10,3,9
2025-3017,Hersonissos 3,Hard,32,C,O,20250811,16,W0BB,,,Max Wiskandt,R,191,GER,23.524,437,101,P0BK,,,Stuart Parker,R,185,GBR,28.033,448,98,3-6 6-1 6-0,3,R32,118,4,4,74,51,33,14,11,5,7,1,7,64,35,20,10,11,6,12
2025-3017,Hersonissos 3,Hard,32,C,O,20250811,17,J0DZ,,,Rafael Jodar,R,191,ESP,18.899,540,68,L0CF,1,,George Loffhagen,R,188,GBR,24.312,229,246,6-4 3-6 6-4,3,R16,171,1,4,90,58,37,17,15,3,7,7,10,92,51,35,18,14,5,9
2025-3017,Hersonissos 3,Hard,32,C,O,20250811,18,LC12,,,Laurent Lokoli,R,188,FRA,30.815,379,128,S0KT,5,,Stefanos Sakellaridis,R,198,GRE,20.909,317,157,3-6 7-5 6-3,3,R16,207,1,3,94,57,38,22,15,9,13,4,5,130,77,47,25,15,15,20
2025-3017,Hersonissos 3,Hard,32,C,O,20250811,19,A09T,6,,Dan Added,R,183,FRA,26.33,340,147,W0BB,,,Max Wiskandt,R,191,GER,23.524,437,101,6-2 6-2,3,R16,90,2,2,47,26,21,13,8,1,2,0,5,54,29,19,6,8,3,8
2025-3017,Hersonissos 3,Hard,32,C,O,20250811,20,B0OV,,,Petr Brunclik,L,188,CZE,19.069,466,89,M0GP,,,Filippo Moroni,R,175,ITA,24.523,568,63,6-4 6-3,3,R16,100,3,5,66,41,29,12,10,6,8,3,2,62,41,22,11,9,4,8
2025-3017,Hersonissos 3,Hard,32,C,O,20250811,21,F0BP,,,Pietro Fellin,R,193,ITA,24.025,561,65,RH62,,,Mats Rosenkranz,L,193,GER,26.968,358,134,5-7 RET,3,R16,82,5,1,37,26,21,3,6,3,4,5,4,45,20,16,15,6,5,5
2025-3017,Hersonissos 3,Hard,32,C,O,20250811,22,J0D2,,,Maximus Jones,R,185,THA,20.931,387,123,P0K5,,,Theo Papamalamis,R,183,FRA,19.587,644,50,6-1 7-5,3,R16,114,1,1,52,32,26,12,10,0,1,2,3,65,32,21,12,9,6,10
2025-3017,Hersonissos 3,Hard,32,C,O,20250811,23,W0AH,,,Harry Wendelken,R,178,GBR,23.647,507,77,I305,,,Ilya Ivashka,R,193,BLR,31.461,819,27,2-6 6-2 6-3,3,R16,150,0,4,78,47,27,17,12,5,9,3,5,85,51,32,14,13,8,14
2025-3017,Hersonissos 3,Hard,32,C,O,20250811,24,X01C,,,Ioannis Xilas,R,178,GRE,24.249,869,23,T0GR,,,Oliver Tarvet,R,185,GBR,21.785,403,115,6-2 7-5,3,R16,121,3,7,53,32,20,8,10,4,9,0,5,75,53,27,2,10,9,17
2025-3017,Hersonissos 3,Hard,32,C,O,20250811,25,A09T,6,,Dan Added,R,183,FRA,26.33,340,147,X01C,,,Ioannis Xilas,R,178,GRE,24.249,869,23,6-4 6-1,3,QF,98,4,4,56,31,22,12,9,4,7,0,7,52,35,16,6,8,2,8
2025-3017,Hersonissos 3,Hard,32,C,O,20250811,26,B0OV,,,Petr Brunclik,L,188,CZE,19.069,466,89,J0D2,,,Maximus Jones,R,185,THA,20.931,387,123,6-2 6-2,3,QF,95,5,2,50,36,29,7,8,4,4,0,3,64,34,20,12,8,8,12
2025-3017,Hersonissos 3,Hard,32,C,O,20250811,27,J0DZ,,,Rafael Jodar,R,191,ESP,18.899,540,68,W0AH,,,Harry Wendelken,R,178,GBR,23.647,507,77,6-0 4-6 6-3,3,QF,148,10,4,78,46,39,12,13,5,7,2,1,79,52,27,17,12,8,13
2025-3017,Hersonissos 3,Hard,32,C,O,20250811,28,LC12,,,Laurent Lokoli,R,188,FRA,30.815,379,128,F0BP,,,Pietro Fellin,R,193,ITA,24.025,561,65,6-4 6-3,3,QF,135,1,6,60,36,30,6,9,4,6,0,4,70,47,24,10,10,3,8
2025-3017,Hersonissos 3,Hard,32,C,O,20250811,29,A09T,6,,Dan Added,R,183,FRA,26.33,340,147,LC12,,,Laurent Lokoli,R,188,FRA,30.815,379,128,6-4 6-1,3,SF,102,1,2,50,37,25,4,8,0,2,1,5,68,43,20,9,9,6,12
2025-3017,Hersonissos 3,Hard,32,C,O,20250811,30,J0DZ,,,Rafael Jodar,R,191,ESP,18.899,540,68,B0OV,,,Petr Brunclik,L,188,CZE,19.069,466,89,6-2 2-0 RET,3,SF,52,1,3,31,14,13,7,5,3,4,3,2,32,15,7,5,5,2,6
2025-3017,Hersonissos 3,Hard,32,C,O,20250811,31,J0DZ,,,Rafael Jodar,R,191,ESP,18.899,540,68,A09T,6,,Dan Added,R,183,FRA,26.33,340,147,6-4 6-2,3,F,81,2,1,54,34,24,13,9,4,5,2,1,58,30,16,13,9,6,10
2025-6250,Barranquilla,Clay,32,C,O,20250811,1,FA43,1,,Juan Pablo Ficovich,R,188,ARG,28.545,127,479,S0IV,,,Paulo Andre Saraiva Dos Santos,R,180,BRA,25.133,571,63,7-6(3) 6-0,3,R32,89,1,1,62,38,26,17,9,2,3,3,2,54,31,19,12,9,1,5
2025-6250,Barranquilla,Clay,32,C,O,20250811,2,BS86,2,,Tomas Barrios Vera,R,191,CHI,27.669,131,468,M0RX,,,Kenta Miyoshi,R,185,JPN,21.405,548,66,6-1 7-5,3,R32,77,1,1,55,42,31,9,9,4,4,7,0,49,32,22,6,10,0,4
2025-6250,Barranquilla,Clay,32,C,O,20250811,3,TA46,3,,Bernard Tomic,R,196,AUS,32.805,184,300,B0D6,,,Taha Baadi,R,183,MAR,24.063,735,38,6-3 6-1,3,R32,79,6,1,49,36,26,8,8,2,2,5,3,62,32,19,13,8,9,13
2025-6250,Barranquilla,Clay,32,C,O,20250811,4,K0DB,,,Cannon Kingsley,R,191,USA,24.266,577,61,RH59,4,,Santiago Rodriguez Taverna,R,191,ARG,26.073,190,292,4-6 6-4 6-4,3,R32,133,10,1,85,55,39,20,15,4,6,8,4,83,50,40,16,15,7,10
2025-6250,Barranquilla,Clay,32,C,O,20250811,5,SS25,5,,Vitaliy Sachko,R,188,UKR,28.077,222,250,CF88,,,Roberto Cid Subervi,R,193,DOM,31.948,326,154,7-5 3-6 6-3,3,R32,136,4,0,84,58,35,18,15,5,9,0,3,83,56,39,10,15,1,6
2025-6250,Barranquilla,Clay,32,C,O,20250811,6,M0AW,6,,Nicolas Mejia,R,183,COL,25.498,238,237,G0MI,,,Adhithya Ganesan,R,193,USA,19.797,565,64,7-6(3) 3-0 RET,3,R32,107,4,2,60,43,29,9,7,4,5,2,2,65,42,20,14,8,5,8
2025-6250,Barranquilla,Clay,32,C,O,20250811,7,K0HN,,,Bruno Kuzuhara,R,175,USA,21.361,620,53,M0EA,7,,Pol Martin Tiffon,R,183,ESP,26.034,243,227,4-6 6-4 6-1,3,R32,121,10,2,77,45,35,20,14,6,8,5,6,83,54,41,7,13,10,14
2025-6250,Barranquilla,Clay,32,C,O,20250811,8,T133,,,Miguel Tobon,R,185,COL,57.136,732,15,V0DP,8,,Adolfo Daniel Vallejo,R,183,PAR,21.287,245,226,6-3 6-4,3,R32,87,3,6,54,33,25,10,10,1,3,1,4,70,36,21,16,9,4,8
2025-6250,Barranquilla,Clay,32,C,O,20250811,9,AG08,,,Andres Andrade,R,180,ECU,26.658,257,209,L0LD,,,Samuel Alejandro Linde Palacios,R,178,COL,17.796,741,36,7-5 6-2,3,R32,91,2,0,54,33,27,13,10,2,3,1,3,66,43,26,10,10,8,12
2025-6250,Barranquilla,Clay,32,C,O,20250811,10,BF23,,,Facundo Bagnis,L,183,ARG,35.452,454,94,CN15,,,Felix Corwin,R,188,USA,29.21,560,65,6-3 6-7(2) 6-3,3,R32,146,7,2,94,58,35,24,16,3,6,5,2,92,55,34,17,14,8,13
2025-6250,Barranquilla,Clay,32,C,O,20250811,11,BP79,,,Peter Bertran,R,183,DOM,29.435,546,67,H0HU,,,Samuel Heredia,R,191,COL,19.179,858,24,3-6 6-1 6-3,3,R32,113,6,2,66,47,35,11,12,0,1,12,1,81,43,33,15,13,4,8
2025-6250,Barranquilla,Clay,32,C,O,20250811,12,F0DM,,,Arthur Fery,R,175,GBR,23.083,314,158,KC86,,,Darian King,R,188,BAR,33.292,1986,1,7-5 6-3,3,R32,87,2,0,54,36,27,9,10,0,2,0,0,59,42,22,9,11,3,8
2025-6250,Barranquilla,Clay,32,C,O,20250811,13,GB41,,,Juan Sebastian Gomez,,,COL,33.435,1037,12,B0D8,,,Jacob Brumm,R,180,USA,26.697,629,52,7-5 6-4,3,R32,115,1,1,64,44,35,11,11,1,2,4,2,73,50,30,12,11,5,8
2025-6250,Barranquilla,Clay,32,C,O,20250811,14,PL39,,,Alfredo Perez,R,193,USA,28.222,375,130,M0C2,,,Dan Martin,R,175,CAN,26.259,452,95,6-4 7-6(3),3,R32,118,10,2,70,56,45,8,11,3,3,1,0,74,56,36,13,11,2,3
2025-6250,Barranquilla,Clay,32,C,O,20250811,15,R0F1,,,Johan Alexander Rodriguez,R,173,COL,21.875,598,57,S0JB,,,Noah Schachter,R,188,USA,25.93,743,36,6-1 6-2,3,R32,55,6,3,42,30,27,6,8,1,1,2,3,42,29,18,2,7,5,9
2025-6250,Barranquilla,Clay,32,C,O,20250811,16,S0NN,,,Joshua Sheehy,L,188,USA,28.534,698,42,S0BT,,,Adria Soriano Barrera,R,191,COL,26.193,289,180,7-6(7) 4-6 6-3,3,R32,152,5,3,112,72,48,25,16,3,5,10,2,103,78,58,11,15,8,10
2025-6250,Barranquilla,Clay,32,C,O,20250811,17,FA43,1,,Juan Pablo Ficovich,R,188,ARG,28.545,127,479,BP79,,,Peter Bertran,R,183,DOM,29.435,546,67,6-3 6-1,3,R16,66,5,2,46,31,26,10,8,2,2,0,2,50,30,18,8,8,3,7
2025-6250,Barranquilla,Clay,32,C,O,20250811,18,BS86,2,,Tomas Barrios Vera,R,191,CHI,27.669,131,468,AG08,,,Andres Andrade,R,180,ECU,26.658,257,209,6-2 6-1,3,R16,94,2,1,60,37,27,12,8,7,7,2,3,62,34,17,13,7,4,8
2025-6250,Barranquilla,Clay,32,C,O,20250811,19,TA46,3,,Bernard Tomic,R,196,AUS,32.805,184,300,BF23,,,Facundo Bagnis,L,183,ARG,35.452,454,94,W/O,3,R16,,,,,,,,,,,,,,,,,,,
2025-6250,Barranquilla,Clay,32,C,O,20250811,20,R0F1,,,Johan Alexander Rodriguez,R,173,COL,21.875,598,57,SS25,5,,Vitaliy Sachko,R,188,UKR,28.077,222,250,6-3 6-2,3,R16,72,2,1,52,35,26,12,9,1,1,1,2,42,27,18,6,8,1,4
2025-6250,Barranquilla,Clay,32,C,O,20250811,21,M0AW,6,,Nicolas Mejia,R,183,COL,25.498,238,237,S0NN,,,Joshua Sheehy,L,188,USA,28.534,698,42,6-1 6-7(2) 6-4,3,R16,163,6,4,88,58,40,18,15,0,2,10,3,95,66,44,14,14,4,9
2025-6250,Barranquilla,Clay,32,C,O,20250811,22,F0DM,,,Arthur Fery,R,175,GBR,23.083,314,158,T133,,,Miguel Tobon,R,185,COL,57.136,732,15,6-4 6-2,3,R16,74,2,1,45,28,23,13,9,0,0,4,5,65,45,29,8,9,5,8
2025-6250,Barranquilla,Clay,32,C,O,20250811,23,K0DB,,,Cannon Kingsley,R,191,USA,24.266,577,61,GB41,,,Juan Sebastian Gomez,,,COL,33.435,1037,12,7-5 6-2,3,R16,92,6,1,59,42,32,11,10,1,1,0,2,52,37,21,11,10,1,4
2025-6250,Barranquilla,Clay,32,C,O,20250811,24,PL39,,,Alfredo Perez,R,193,USA,28.222,375,130,K0HN,,,Bruno Kuzuhara,R,175,USA,21.361,620,53,5-7 6-4 6-4,3,R16,169,7,5,107,67,47,17,16,5,9,5,2,101,73,43,16,16,5,10
2025-6250,Barranquilla,Clay,32,C,O,20250811,25,FA43,1,,Juan Pablo Ficovich,R,188,ARG,28.545,127,479,PL39,,,Alfredo Perez,R,193,USA,28.222,375,130,6-3 6-1,3,QF,84,3,0,55,37,28,10,8,4,4,1,1,54,41,22,5,8,1,5
2025-6250,Barranquilla,Clay,32,C,O,20250811,26,R0F1,,,Johan Alexander Rodriguez,R,173,COL,21.875,598,57,BS86,2,,Tomas Barrios Vera,R,191,CHI,27.669,131,468,7-6(5) 7-5,3,QF,125,4,2,76,56,42,8,12,4,6,3,0,78,58,40,9,12,4,7
2025-6250,Barranquilla,Clay,32,C,O,20250811,27,TA46,3,,Bernard Tomic,R,196,AUS,32.805,184,300,M0AW,6,,Nicolas Mejia,R,183,COL,25.498,238,237,6-7(5) 6-3 6-4,3,QF,180,12,0,96,53,41,28,16,3,4,5,0,114,76,56,15,15,11,14
2025-6250,Barranquilla,Clay,32,C,O,20250811,28,F0DM,,,Arthur Fery,R,175,GBR,23.083,314,158,K0DB,,,Cannon Kingsley,R,191,USA,24.266,577,61,6-4 6-4,3,QF,76,6,1,49,27,22,17,10,1,2,3,4,59,33,22,11,10,2,5
2025-6250,Barranquilla,Clay,32,C,O,20250811,29,F0DM,,,Arthur Fery,R,175,GBR,23.083,314,158,FA43,1,,Juan Pablo Ficovich,R,188,ARG,28.545,127,479,6-3 6-3,3,SF,90,4,0,66,43,33,9,9,4,5,2,0,49,32,20,7,9,1,5
2025-6250,Barranquilla,Clay,32,C,O,20250811,30,TA46,3,,Bernard Tomic,R,196,AUS,32.805,184,300,R0F1,,,Johan Alexander Rodriguez,R,173,COL,21.875,598,57,4-6 6-4 6-3,3,SF,152,7,0,99,61,43,18,14,11,14,5,0,112,78,49,13,15,6,11
2025-6250,Barranquilla,Clay,32,C,O,20250811,31,F0DM,,,Arthur Fery,R,175,GBR,23.083,314,158,TA46,3,,Bernard Tomic,R,196,AUS,32.805,184,300,W/O,3,F,,,,,,,,,,,,,,,,,,,
2025-8392,Todi,Clay,32,C,O,20250811,1,B0U4,3,,Nicolai Budkov Kjaer,R,191,NOR,18.943,163,343,T0DM,,,Juan Bautista Torres,R,178,ARG,23.359,316,158,6-2 4-6 7-6(5),3,R32,179,1,1,110,73,41,19,15,5,10,0,0,101,68,44,15,15,7,13
2025-8392,Todi,Clay,32,C,O,20250811,2,N0CS,4,,Lukas Neumayer,R,183,AUT,22.93,170,317,G0A0,,,Andrea Guerrieri,L,180,ITA,26.689,550,66,6-1 6-2,3,R32,63,3,2,45,26,21,9,8,1,2,0,3,41,28,14,3,7,2,7
2025-8392,Todi,Clay,32,C,O,20250811,3,S0GR,,,Timofey Skatov,R,173,KAZ,24.553,308,163,B0GR,5,,Gonzalo Bueno,R,173,PER,21.355,220,251,4-6 6-1 6-1,3,R32,152,1,4,91,58,40,14,12,9,12,0,3,83,49,27,11,12,5,12
2025-8392,Todi,Clay,32,C,O,20250811,4,TA12,6,,Stefano Travaglia,R,185,ITA,33.621,233,243,P0K4,,,Tiago Pereira,R,0,PRT,21.142,288,181,4-6 6-1 6-2,3,R32,105,3,5,72,47,33,14,13,1,3,0,3,73,44,27,13,12,3,8
2025-8392,Todi,Clay,32,C,O,20250811,5,VA25,7,,Valentin Vacherot,R,193,MON,26.735,246,225,M0SE,,,Maxim Mrva,R,178,CZE,18.026,422,108,6-2 6-1,3,R32,61,7,3,50,33,23,10,8,2,3,2,2,46,24,13,7,7,3,8
2025-8392,Todi,Clay,32,C,O,20250811,6,V717,,,Alexey Vatutin,R,178,RUS,32.789,336,149,SN54,8,,Frederico Ferreira Silva,L,178,POR,30.401,258,209,7-6(5) 6-2,3,R32,115,1,4,69,45,32,13,10,2,4,2,2,76,41,24,16,10,6,10
2025-8392,Todi,Clay,32,C,O,20250811,7,J737,,,Facundo Juarez,R,175,ITA,27.882,587,59,D0L3,9,,Matej Dodig,R,188,CRO,20.063,259,206,3-6 6-3 6-3,3,R32,145,1,6,96,61,39,15,14,8,13,4,3,81,39,27,16,13,5,11
2025-8392,Todi,Clay,32,C,O,20250811,8,CF01,,,Marco Cecchinato,R,185,ITA,32.862,293,178,BU70,,,Remy Bertola,R,175,SUI,26.946,352,141,6-0 6-3,3,R32,67,1,0,45,28,22,11,8,0,0,0,2,44,24,16,5,7,2,6
2025-8392,Todi,Clay,32,C,O,20250811,9,F0CJ,,,Gianmarco Ferrari,L,191,ITA,24.851,594,58,C0OW,,,Lorenzo Carboni,R,168,ITA,19.452,552,66,6-3 3-6 6-1,3,R32,117,3,3,78,48,35,17,13,3,5,3,4,71,49,32,10,12,1,5
2025-8392,Todi,Clay,32,C,O,20250811,10,F0A4,,,Francesco Forti,R,188,ITA,26.045,804,28,V993,,,Eero Vasa,R,185,FIN,28.523,503,78,6-3 6-3,3,R32,66,7,1,44,31,27,10,9,2,2,4,4,55,26,18,14,9,2,5
2025-8392,Todi,Clay,32,C,O,20250811,11,J476,,,David Jorda Sanchis,R,198,ESP,31.159,496,80,A0BA,,,Federico Arnaboldi,R,185,ITA,25.147,339,147,7-6(4) 6-4,3,R32,114,2,0,72,51,32,12,11,5,8,1,2,72,44,30,9,11,2,6
2025-8392,Todi,Clay,32,C,O,20250811,12,P0IY,,,Juan Carlos Prado Angelo,R,185,BOL,20.433,261,204,P0GQ,,,Mili Poljicak,R,185,CRO,21.079,279,191,7-5 6-7(2) 6-3,3,R32,175,1,5,112,60,40,31,17,8,11,7,4,110,54,35,28,16,4,9
2025-8392,Todi,Clay,32,C,O,20250811,13,P0DF,,,Matheus Pucinelli De Almeida,R,183,BRA,24.361,278,191,V821,,,Gonzalo Villanueva,R,175,ARG,30.576,371,131,6-2 6-2,3,R32,73,2,2,45,29,25,9,8,2,2,4,3,51,32,22,4,8,1,5
2025-8392,Todi,Clay,32,C,O,20250811,14,R0HK,,,Filippo Romano,R,188,ITA,20.096,592,58,T0CU,,,Fausto Tabacco,R,183,ITA,23.247,763,33,6-4 6-2,3,R32,76,0,0,49,32,22,12,9,1,2,1,3,52,43,24,3,9,4,8
2025-8392,Todi,Clay,32,C,O,20250811,15,S0CG,,,Carlos Sanchez Jover,L,173,ESP,25.057,282,188,B0VX,,,Pierluigi Basile,R,188,ITA,18.593,562,64,6-3 6-7(2) 6-4,3,R32,143,5,3,94,60,37,18,16,5,11,3,7,90,50,27,18,15,6,14
2025-8392,Todi,Clay,32,C,O,20250811,16,V0J1,,,Jacopo Vasami,L,193,ITA,17.645,682,45,N724,,,Gabriele Maria Noce,R,180,ITA,29.785,995,15,7-6(5) 6-4,3,R32,142,9,4,93,48,37,19,11,10,12,0,7,87,55,35,10,11,8,11
2025-8392,Todi,Clay,32,C,O,20250811,17,B0U4,3,,Nicolai Budkov Kjaer,R,191,NOR,18.943,163,343,P0DF,,,Matheus Pucinelli De Almeida,R,183,BRA,24.361,278,191,7-6(2) 3-0 RET,3,R16,83,5,1,41,29,23,9,8,0,1,2,2,65,41,23,11,7,4,6
2025-8392,Todi,Clay,32,C,O,20250811,18,N0CS,4,,Lukas Neumayer,R,183,AUT,22.93,170,317,S0CG,,,Carlos Sanchez Jover,L,173,ESP,25.057,282,188,6-4 7-5,3,R16,109,7,3,72,43,30,14,11,6,9,3,7,84,41,25,18,11,9,14
2025-8392,Todi,Clay,32,C,O,20250811,19,TA12,6,,Stefano Travaglia,R,185,ITA,33.621,233,243,V0J1,,,Jacopo Vasami,L,193,ITA,17.645,682,45,6-4 6-3,3,R16,91,5,0,54,33,26,13,9,2,2,0,1,63,40,27,11,10,1,4
2025-8392,Todi,Clay,32,C,O,20250811,20,VA25,7,,Valentin Vacherot,R,193,MON,26.735,246,225,F0A4,,,Francesco Forti,R,188,ITA,26.045,804,28,6-4 6-2,3,R16,85,5,0,55,38,30,9,9,4,5,1,1,54,41,17,10,9,5,9
2025-8392,Todi,Clay,32,C,O,20250811,21,CF01,,,Marco Cecchinato,R,185,ITA,32.862,293,178,V717,,,Alexey Vatutin,R,178,RUS,32.789,336,149,6-4 3-6 6-2,3,R16,126,4,2,88,60,41,15,14,10,13,0,4,98,64,34,21,13,16,20
2025-8392,Todi,Clay,32,C,O,20250811,22,F0CJ,,,Gianmarco Ferrari,L,191,ITA,24.851,594,58,J737,,,Facundo Juarez,R,175,ITA,27.882,587,59,6-4 6-4,3,R16,110,5,2,72,44,34,13,10,7,8,2,4,70,51,32,8,10,6,9
2025-8392,Todi,Clay,32,C,O,20250811,23,P0IY,,,Juan Carlos Prado Angelo,R,185,BOL,20.433,261,204,J476,,,David Jorda Sanchis,R,198,ESP,31.159,496,80,7-6(1) 4-6 6-3,3,R16,178,0,2,138,102,60,16,16,9,14,9,3,89,52,35,18,15,2,7
2025-8392,Todi,Clay,32,C,O,20250811,24,S0GR,,,Timofey Skatov,R,173,KAZ,24.553,308,163,R0HK,,,Filippo Romano,R,188,ITA,20.096,592,58,3-6 6-0 6-4,3,R16,125,0,0,71,47,34,16,12,4,5,7,3,77,48,30,15,13,3,7
2025-8392,Todi,Clay,32,C,O,20250811,25,VA25,7,,Valentin Vacherot,R,193,MON,26.735,246,225,B0U4,3,,Nicolai Budkov Kjaer,R,191,NOR,18.943,163,343,6-1 6-3,3,QF,61,4,1,41,34,29,4,8,0,0,3,2,41,26,13,7,8,1,5
2025-8392,Todi,Clay,32,C,O,20250811,26,TA12,6,,Stefano Travaglia,R,185,ITA,33.621,233,243,N0CS,4,,Lukas Neumayer,R,183,AUT,22.93,170,317,6-4 6-3,3,QF,97,4,0,73,47,31,15,10,6,7,0,1,59,41,24,11,9,3,6
2025-8392,Todi,Clay,32,C,O,20250811,27,P0IY,,,Juan Carlos Prado Angelo,R,185,BOL,20.433,261,204,CF01,,,Marco Cecchinato,R,185,ITA,32.862,293,178,6-2 6-2,3,QF,59,0,0,41,29,21,11,8,0,0,1,2,45,31,18,5,8,1,5
2025-8392,Todi,Clay,32,C,O,20250811,28,S0GR,,,Timofey Skatov,R,173,KAZ,24.553,308,163,F0CJ,,,Gianmarco Ferrari,L,191,ITA,24.851,594,58,6-4 6-7(5) 6-2,3,QF,152,8,1,82,55,45,18,15,2,3,8,4,104,71,50,15,15,9,13
2025-8392,Todi,Clay,32,C,O,20250811,29,TA12,6,,Stefano Travaglia,R,185,ITA,33.621,233,243,P0IY,,,Juan Carlos Prado Angelo,R,185,BOL,20.433,261,204,6-4 6-2,3,SF,86,4,2,51,29,21,11,9,0,2,0,0,55,38,20,6,9,4,9
2025-8392,Todi,Clay,32,C,O,20250811,30,S0GR,,,Timofey Skatov,R,173,KAZ,24.553,308,163,VA25,7,,Valentin Vacherot,R,193,MON,26.735,246,225,6-4 6-4,3,SF,133,3,0,66,43,34,9,10,5,6,2,2,81,52,34,10,10,8,11
2025-8392,Todi,Clay,32,C,O,20250811,31,S0GR,,,Timofey Skatov,R,173,KAZ,24.553,308,163,TA12,6,,Stefano Travaglia,R,185,ITA,33.621,233,243,7-6(4) 0-6 6-2,3,F,165,1,2,92,68,38,13,13,5,11,8,2,85,57,32,14,13,2,7
2025-3009,Cancun,Hard,32,C,O,20250812,1,Z09Z,,,Beibit Zhukayev,R,198,KAZ,24.832,206,269,S0N0,5,,Tristan Schoolkate,R,183,AUS,24.457,97,658,6-4 7-6(7),3,R32,127,16,5,92,53,39,18,11,7,9,8,5,69,40,28,17,11,1,4
2025-3009,Cancun,Hard,32,C,O,20250812,2,TE30,6,,Alejandro Tabilo,L,188,CHI,28.194,103,605,P0CT,,,Francesco Passaro,R,180,ITA,24.594,118,524,6-1 6-4,3,R32,73,1,0,41,26,18,9,8,1,3,4,4,56,29,18,6,9,4,10
2025-3009,Cancun,Hard,32,C,O,20250812,3,S0GD,8,,Dalibor Svrcina,R,178,CZE,22.861,115,537,H0CD,,,Alex Hernandez,R,175,MEX,26.138,453,95,6-1 6-3,3,R32,80,1,2,52,34,22,10,8,2,4,0,3,43,22,10,6,8,0,6
2025-3009,Cancun,Hard,32,C,O,20250812,4,B0FV,,,Roman Andres Burruchaga,R,183,ARG,23.551,145,430,L987,,,Dusan Lajovic,R,183,SRB,35.118,146,414,5-3 RET,3,R32,45,2,3,28,15,12,7,4,3,3,2,2,29,18,15,2,4,1,2
2025-3009,Cancun,Hard,32,C,O,20250812,5,B0ID,,,Ignacio Buse,R,183,PER,21.383,140,446,GE33,,,Daniel Elahi Galan,R,191,COL,29.15,144,430,7-6(8) 6-4,3,R32,114,8,1,75,47,35,15,11,1,3,5,3,72,47,32,13,11,1,4
2025-3009,Cancun,Hard,32,C,O,20250812,6,GK06,,,Alexis Galarneau,R,180,CAN,26.448,174,309,G09O,,,Hugo Gaston,L,173,FRA,24.876,123,503,6-3 6-4,3,R32,106,5,1,66,37,30,17,10,7,7,1,4,75,38,26,17,9,10,12
2025-3009,Cancun,Hard,32,C,O,20250812,7,H997,,,Yannick Hanfmann,R,193,GER,33.747,132,467,SL28,,,Jan-Lennard Struff,R,193,GER,35.299,143,438,3-6 7-5 6-1,3,R32,126,8,3,96,60,42,19,14,6,8,12,8,83,38,31,20,14,6,10
2025-3009,Cancun,Hard,32,C,O,20250812,8,N09U,,,Rio Noguchi,R,168,JPN,26.623,210,264,L0CX,,,Pablo Llamas Ruiz,R,188,ESP,22.831,360,133,6-4 4-2 RET,3,R32,95,2,0,54,28,20,15,8,1,2,3,3,54,29,20,12,8,2,5
2025-3009,Cancun,Hard,32,C,O,20250812,9,P0J1,,,Rodrigo Pacheco Mendez,L,191,MEX,20.298,224,248,TA29,,,Marco Trungelliti,R,178,ARG,35.529,182,301,6-4 7-6(3),3,R32,165,6,7,105,61,43,19,11,13,15,5,12,81,39,26,21,11,8,11
2025-3009,Cancun,Hard,32,C,O,20250812,10,T0A1,,,Thiago Agustin Tirante,R,185,ARG,24.339,135,461,G0GD,,,Matteo Gigante,L,180,ITA,23.603,126,490,6-1 4-2 RET,3,R32,61,3,0,41,23,17,13,7,3,3,2,5,48,26,14,10,6,8,11
2025-3009,Cancun,Hard,32,C,O,20250812,11,W367,,,Stan Wawrinka,R,183,SUI,40.375,152,382,H0D9,,,Cleeve Harper,R,183,CAN,24.632,1181,8,6-3 6-4,3,R32,100,8,1,66,33,25,19,10,7,8,0,6,58,29,21,12,9,5,8
2025-3009,Cancun,Hard,32,C,O,20250812,12,W0BH,,,Coleman Wong,R,191,HKG,21.183,177,307,PH64,,,Andrea Pellegrino,R,185,ITA,28.389,139,452,6-1 6-4,3,R32,65,7,3,50,32,25,11,9,0,1,2,4,45,21,13,11,8,2,6
2025-3009,Cancun,Hard,32,C,O,20250812,13,AE14,,,Daniel Altmaier,R,188,GER,26.916,60,967,H997,,,Yannick Hanfmann,R,193,GER,33.747,132,467,6-1 3-6 6-1,3,R16,103,7,2,72,38,30,21,12,3,4,7,4,66,40,28,12,11,2,6
2025-3009,Cancun,Hard,32,C,O,20250812,14,C0H0,2,,Arthur Cazaux,R,183,FRA,22.971,76,800,W0BH,,,Coleman Wong,R,191,HKG,21.183,177,307,7-6(1) 6-2,3,R16,100,9,1,57,34,30,17,10,0,0,4,5,78,52,38,9,10,1,3
2025-3009,Cancun,Hard,32,C,O,20250812,15,D0C1,3,,Jesper de Jong,R,180,NED,25.199,79,766,P0J1,,,Rodrigo Pacheco Mendez,L,191,MEX,20.298,224,248,6-1 6-2,3,R16,81,12,3,49,27,22,14,8,1,1,2,3,52,31,17,7,7,1,5
2025-3009,Cancun,Hard,32,C,O,20250812,16,C0C8,4,,Juan Manuel Cerundolo,L,183,ARG,23.74,86,726,B0FV,,,Roman Andres Burruchaga,R,183,ARG,23.551,145,430,2-6 7-6(2) 6-3,3,R16,194,1,4,116,71,48,17,14,9,14,1,5,115,64,45,20,15,12,17
2025-3009,Cancun,Hard,32,C,O,20250812,17,T0A1,,,Thiago Agustin Tirante,R,185,ARG,24.339,135,461,TE30,6,,Alejandro Tabilo,L,188,CHI,28.194,103,605,6-2 6-4,3,R16,89,5,4,54,29,24,13,9,4,5,5,1,52,28,20,10,9,2,6
2025-3009,Cancun,Hard,32,C,O,20250812,18,S0GD,8,,Dalibor Svrcina,R,178,CZE,22.861,115,537,GK06,,,Alexis Galarneau,R,180,CAN,26.448,174,309,6-1 6-1,3,R16,62,0,2,39,27,17,5,7,2,4,0,2,40,22,6,5,7,4,11
2025-3009,Cancun,Hard,32,C,O,20250812,19,B0ID,,,Ignacio Buse,R,183,PER,21.383,140,446,Z09Z,,,Beibit Zhukayev,R,198,KAZ,24.832,206,269,6-3 7-6(4),3,R16,105,4,6,78,40,31,23,11,7,8,6,5,54,30,25,11,10,0,2
2025-3009,Cancun,Hard,32,C,O,20250812,20,W367,,,Stan Wawrinka,R,183,SUI,40.375,152,382,N09U,,,Rio Noguchi,R,168,JPN,26.623,210,264,6-3 6-4,3,R16,85,9,2,59,31,28,16,10,1,1,1,0,54,25,14,18,9,4,6
2025-3009,Cancun,Hard,32,C,O,20250812,21,B0ID,,,Ignacio Buse,R,183,PER,21.383,140,446,AE14,,,Daniel Altmaier,R,188,GER,26.916,60,967,3-6 6-2 6-3,3,QF,150,6,4,103,56,38,25,13,9,11,4,5,77,48,32,14,13,6,10
2025-3009,Cancun,Hard,32,C,O,20250812,22,T0A1,,,Thiago Agustin Tirante,R,185,ARG,24.339,135,461,C0H0,2,,Arthur Cazaux,R,183,FRA,22.971,76,800,6-4 6-2,3,QF,101,9,1,46,26,18,14,9,0,1,1,3,61,27,18,15,9,4,8
2025-3009,Cancun,Hard,32,C,O,20250812,23,S0GD,8,,Dalibor Svrcina,R,178,CZE,22.861,115,537,D0C1,3,,Jesper de Jong,R,180,NED,25.199,79,766,7-5 6-2,3,QF,98,0,3,55,38,28,9,10,0,1,3,8,63,28,18,16,10,5,9
2025-3009,Cancun,Hard,32,C,O,20250812,24,W367,,,Stan Wawrinka,R,183,SUI,40.375,152,382,C0C8,4,,Juan Manuel Cerundolo,L,183,ARG,23.74,86,726,6-4 6-3,3,QF,108,4,2,68,39,31,13,10,3,5,0,0,47,25,15,10,9,2,6
2025-3009,Cancun,Hard,32,C,O,20250812,25,S0GD,8,,Dalibor Svrcina,R,178,CZE,22.861,115,537,B0ID,,,Ignacio Buse,R,183,PER,21.383,140,446,6-1 6-1,3,SF,91,1,1,59,45,29,8,7,7,7,1,3,48,23,13,8,7,3,8
2025-3009,Cancun,Hard,32,C,O,20250812,26,T0A1,,,Thiago Agustin Tirante,R,185,ARG,24.339,135,461,W367,,,Stan Wawrinka,R,183,SUI,40.375,152,382,6-3 6-3,3,SF,82,7,1,55,34,27,11,9,3,4,4,0,49,29,16,9,9,1,5
2025-3009,Cancun,Hard,32,C,O,20250812,27,S0GD,8,,Dalibor Svrcina,R,178,CZE,22.861,115,537,T0A1,,,Thiago Agustin Tirante,R,185,ARG,24.339,135,461,6-4 5-7 6-4,3,F,201,0,2,120,94,56,11,16,8,13,4,7,106,69,37,21,16,3,9
2025-3015,Sumter,Clay,32,C,O,20250812,1,BG23,6,,Nikoloz Basilashvili,R,185,GEO,33.467,112,547,E865,,,Christopher Eubanks,R,201,USA,29.27,154,369,6-3 3-6 7-5,3,R32,128,19,10,95,41,30,25,15,8,13,18,4,89,58,39,11,15,4,10
2025-3015,Sumter,Clay,32,C,O,20250812,2,M0HU,7,,Shintaro Mochizuki,R,175,JPN,22.196,120,513,RG42,,,Alex Rybakov,L,185,USA,28.539,311,162,7-5 7-6(2),3,R32,129,5,9,83,42,32,18,12,7,10,3,4,93,60,33,18,12,8,12
2025-3015,Sumter,Clay,32,C,O,20250812,3,KI63,8,,Lukas Klein,R,193,SVK,27.392,122,509,S0DL,,,Ryan Seggerman,R,193,USA,26.018,618,53,6-4 RET,3,R32,45,3,2,33,22,17,6,5,4,4,2,1,34,24,18,3,5,3,4
2025-3015,Sumter,Clay,32,C,O,20250812,4,F0F2,9,,Jaime Faria,R,188,POR,22.018,124,495,HF80,,,Hady Habib,R,188,LBN,26.976,166,326,6-7(9) 6-1 7-5,3,R32,137,17,6,98,58,48,22,16,3,5,10,5,106,75,44,16,15,6,11
2025-3015,Sumter,Clay,32,C,O,20250812,5,B0PW,,,Kaylan Bigun,L,183,USA,19.222,807,28,S0UV,,,Rei Sakamoto,R,193,JPN,19.135,200,274,6-3 6-1,3,R32,64,2,0,40,22,19,13,8,0,0,3,2,44,28,16,8,8,1,5
2025-3015,Sumter,Clay,32,C,O,20250812,6,C0HT,,,Murphy Cassone,R,188,USA,22.99,173,312,B0NO,,,Darwin Blanch,L,185,USA,17.873,404,115,7-5 3-6 6-3,3,R32,128,10,2,81,52,41,18,15,6,8,15,7,97,57,44,16,15,6,9
2025-3015,Sumter,Clay,32,C,O,20250812,7,L0GH,,,Mark Lajal,R,191,EST,22.253,150,403,KG27,,,Strong Kirchheimer,R,185,USA,30.297,660,49,1-6 6-3 7-5,3,R32,149,2,9,83,48,36,17,14,3,5,4,2,86,52,38,20,14,4,6
2025-3015,Sumter,Clay,32,C,O,20250812,8,M0OQ,,,James McCabe,R,188,AUS,22.105,167,323,F0BY,,,Jacob Fearnley,R,183,GBR,24.077,57,1004,3-6 7-5 RET,3,R32,104,4,2,64,36,27,15,10,6,8,3,7,69,33,26,19,11,2,4
2025-3015,Sumter,Clay,32,C,O,20250812,9,P0C1,,,Karl Poling,L,185,USA,26.023,630,52,E687,,,Daniel Evans,R,175,GBR,35.222,128,471,1-6 6-4 6-4,3,R32,127,5,3,83,60,34,10,14,3,8,8,4,69,36,28,14,13,2,6
2025-3015,Sumter,Clay,32,C,O,20250812,10,R0GO,,,Henrique Rocha,R,180,POR,21.35,171,315,D0DT,,,Martin Damm,L,203,USA,21.867,435,101,3-6 6-3 6-4,3,R32,112,8,2,93,62,45,20,14,9,10,6,3,77,52,41,14,14,3,5
2025-3015,Sumter,Clay,32,C,O,20250812,11,SY67,,,Sho Shimabukuro,R,180,JPN,28.036,208,265,N732,,,Yoshihito Nishioka,L,170,JPN,29.875,130,469,6-3 7-5,3,R32,85,10,3,60,34,29,15,11,1,2,2,1,63,49,34,3,10,2,5
2025-3015,Sumter,Clay,32,C,O,20250812,12,T0BW,,,James Trotter,R,183,JPN,26.04,194,281,L0IL,,,Martin Landaluce,R,193,ESP,19.592,142,440,6-4 6-3,3,R32,93,4,2,58,40,30,12,10,0,0,5,2,52,33,20,12,9,3,5
2025-3015,Sumter,Clay,32,C,O,20250812,13,L0GH,,,Mark Lajal,R,191,EST,22.253,150,403,BU13,1,,Zizou Bergs,R,185,BEL,26.193,54,1034,6-4 6-3,3,R16,109,3,2,61,39,29,10,10,1,3,2,4,52,25,17,11,9,2,6
2025-3015,Sumter,Clay,32,C,O,20250812,14,B0GG,3,,Mattia Bellucci,L,175,ITA,24.197,74,840,R0GO,,,Henrique Rocha,R,180,POR,21.35,171,315,7-6(5) 6-4,3,R16,142,3,3,84,63,37,10,11,3,7,1,2,67,42,24,9,11,1,6
2025-3015,Sumter,Clay,32,C,O,20250812,15,M0JZ,4,,Filip Misolic,R,180,AUT,24.011,96,661,T0BW,,,James Trotter,R,183,JPN,26.04,194,281,6-3 7-6(1),3,R16,84,7,3,62,42,35,14,11,1,1,8,3,58,33,29,12,10,3,4
2025-3015,Sumter,Clay,32,C,O,20250812,16,S0H2,5,,Alexander Shevchenko,R,188,KAZ,24.701,102,635,SY67,,,Sho Shimabukuro,R,180,JPN,28.036,208,265,6-3 6-3,3,R16,84,2,0,54,35,25,12,9,1,2,1,2,56,30,14,14,9,8,12
2025-3015,Sumter,Clay,32,C,O,20250812,17,BG23,6,,Nikoloz Basilashvili,R,185,GEO,33.467,112,547,C0HT,,,Murphy Cassone,R,188,USA,22.99,173,312,2-6 6-3 6-1,3,R16,99,9,8,83,44,29,22,12,9,12,3,1,74,55,34,7,12,6,11
2025-3015,Sumter,Clay,32,C,O,20250812,18,M0HU,7,,Shintaro Mochizuki,R,175,JPN,22.196,120,513,P0C1,,,Karl Poling,L,185,USA,26.023,630,52,6-3 6-0,3,R16,66,4,1,39,17,14,14,7,2,3,2,2,56,35,17,7,8,2,8
2025-3015,Sumter,Clay,32,C,O,20250812,19,KI63,8,,Lukas Klein,R,193,SVK,27.392,122,509,M0OQ,,,James McCabe,R,188,AUS,22.105,167,323,7-5 6-1,3,R16,92,6,2,53,34,24,10,9,1,3,2,3,66,39,19,12,10,5,11
2025-3015,Sumter,Clay,32,C,O,20250812,20,F0F2,9,,Jaime Faria,R,188,POR,22.018,124,495,B0PW,,,Kaylan Bigun,L,183,USA,19.222,807,28,3-6 6-0 4-1 RET,3,R16,95,9,7,63,34,29,9,10,0,2,1,5,70,31,20,14,10,4,9
2025-3015,Sumter,Clay,32,C,O,20250812,21,B0GG,3,,Mattia Bellucci,L,175,ITA,24.197,74,840,KI63,8,,Lukas Klein,R,193,SVK,27.392,122,509,6-4 6-2,3,QF,78,4,2,56,40,31,9,9,2,2,3,4,47,26,18,11,9,0,3
2025-3015,Sumter,Clay,32,C,O,20250812,22,M0HU,7,,Shintaro Mochizuki,R,175,JPN,22.196,120,513,M0JZ,4,,Filip Misolic,R,180,AUT,24.011,96,661,6-4 4-6 6-4,3,QF,128,5,8,87,49,34,14,15,5,11,6,4,95,57,32,15,15,5,12
2025-3015,Sumter,Clay,32,C,O,20250812,23,S0H2,5,,Alexander Shevchenko,R,188,KAZ,24.701,102,635,BG23,6,,Nikoloz Basilashvili,R,185,GEO,33.467,112,547,3-6 7-6(3) 4-1 RET,3,QF,117,6,1,72,45,29,12,12,3,7,4,10,99,46,27,25,14,3,8
2025-3015,Sumter,Clay,32,C,O,20250812,24,F0F2,9,,Jaime Faria,R,188,POR,22.018,124,495,L0GH,,,Mark Lajal,R,191,EST,22.253,150,403,5-7 6-4 7-6(8),3,QF,186,14,8,115,72,46,18,17,9,15,5,4,121,69,44,24,17,9,15
2025-3015,Sumter,Clay,32,C,O,20250812,25,B0GG,3,,Mattia Bellucci,L,175,ITA,24.197,74,840,F0F2,9,,Jaime Faria,R,188,POR,22.018,124,495,6-0 6-4,3,SF,75,6,1,53,34,25,10,8,3,4,1,1,57,34,19,8,8,8,13
2025-3015,Sumter,Clay,32,C,O,20250812,26,S0H2,5,,Alexander Shevchenko,R,188,KAZ,24.701,102,635,M0HU,7,,Shintaro Mochizuki,R,175,JPN,22.196,120,513,4-6 6-1 6-1,3,SF,114,2,3,72,44,27,13,12,4,9,3,7,87,41,18,17,12,12,21
2025-3015,Sumter,Clay,32,C,O,20250812,27,B0GG,3,,Mattia Bellucci,L,175,ITA,24.197,74,840,S0H2,5,,Alexander Shevchenko,R,188,KAZ,24.701,102,635,7-6(5) 3-1 RET,3,F,103,3,1,59,40,31,10,8,3,4,0,1,56,39,24,10,8,1,3
2025-2945,Sofia 2,Clay,32,C,O,20250818,1,G0DH,2,,Alvaro Guillen Meza,R,175,ECU,22.626,248,221,DC48,,,Murkel Dellien,R,193,BOL,27.921,270,200,6-3 6-4,3,R32,97,2,5,64,39,28,8,10,1,4,1,2,54,30,17,9,9,2,7
2025-2945,Sofia 2,Clay,32,C,O,20250818,2,V0GR,,,Alexander Vasilev,L,185,BUL,18.264,1028,13,GE28,4,,Ivan Gakhov,L,191,RUS,28.786,252,220,6-3 6-3,3,R32,95,1,8,57,25,17,18,9,5,7,0,6,68,36,22,13,9,6,11
2025-2945,Sofia 2,Clay,32,C,O,20250818,3,SN54,5,,Frederico Ferreira Silva,L,178,POR,30.42,262,209,P0K4,,,Tiago Pereira,R,0,PRT,21.161,283,185,6-3 7-5,3,R32,99,2,2,67,43,33,13,11,3,4,2,0,53,18,10,23,10,2,5
2025-2945,Sofia 2,Clay,32,C,O,20250818,4,D0L3,6,,Matej Dodig,R,188,CRO,20.082,268,200,J09X,,,Filip Cristian Jianu,R,180,ROU,23.915,267,201,6-2 6-2,3,R32,70,8,3,51,27,20,14,8,2,3,2,2,46,22,14,7,8,4,9
2025-2945,Sofia 2,Clay,32,C,O,20250818,5,R0BT,,,Franco Roncadelli,L,185,URU,25.53,400,119,KC33,7,,Dimitar Kuzmanov,R,183,BUL,32.057,263,204,3-6 6-3 6-1,3,R32,137,0,1,76,53,33,11,12,5,9,4,1,86,54,26,18,13,8,15
2025-2945,Sofia 2,Clay,32,C,O,20250818,6,S0WT,,,Joel Schwaerzler,L,188,AUT,19.556,313,162,A0CJ,8,,Duje Ajdukovic,R,188,CRO,24.531,258,211,6-1 6-4,3,R32,73,7,3,52,26,23,15,9,3,3,5,2,60,38,26,7,8,5,8
2025-2945,Sofia 2,Clay,32,C,O,20250818,7,AA27,,,Franco Agamenone,R,191,ITA,32.342,433,106,M0OH,,,Lautaro Midon,R,180,ARG,21.388,264,204,6-4 7-6(6),3,R32,126,1,2,82,57,33,11,11,7,12,1,1,85,60,29,12,11,2,8
2025-2945,Sofia 2,Clay,32,C,O,20250818,8,B0LW,,,Mika Brunold,R,191,SUI,20.876,289,179,B0JP,,,Dali Blanch,R,185,USA,22.456,441,103,7-5 5-7 7-6(4),3,R32,167,1,5,131,83,53,25,18,6,11,6,4,136,76,49,31,18,15,20
2025-2945,Sofia 2,Clay,32,C,O,20250818,9,CF01,,,Marco Cecchinato,R,185,ITA,32.882,284,184,R0FP,,,Daniel Rincon,L,185,ESP,22.612,285,184,6-3 7-5,3,R32,91,1,3,65,38,25,17,11,2,4,2,4,59,29,18,14,10,5,9
2025-2945,Sofia 2,Clay,32,C,O,20250818,10,DH46,,,Alexander Donski,R,188,BUL,27.047,662,49,M0E1,,,Daniel Michalski,R,180,POL,25.602,278,192,6-1 7-6(6),3,R32,93,10,7,66,36,32,12,10,3,5,1,2,62,40,23,12,9,5,9
2025-2945,Sofia 2,Clay,32,C,O,20250818,11,J476,,,David Jorda Sanchis,R,198,ESP,31.179,468,90,H0J1,,,Naoya Honda,R,175,JPN,19.428,817,28,6-4 6-3,3,R32,96,5,7,62,35,27,14,10,2,3,1,5,67,38,23,14,9,5,8
2025-2945,Sofia 2,Clay,32,C,O,20250818,12,K0HG,,,Milos Karol,R,198,SVK,22.68,364,134,B0PE,,,Federico Bondioli,L,185,ITA,20.257,414,114,4-6 6-3 6-3,3,R32,148,7,9,98,55,36,17,14,7,12,1,8,100,55,35,16,14,8,15
2025-2945,Sofia 2,Clay,32,C,O,20250818,13,MV14,,,Alex Molcan,L,178,SVK,27.713,362,134,I0BF,,,Ivan Ivanov,R,,BUL,16.799,822,27,6-2 7-6(2),3,R32,98,5,1,57,36,28,13,10,1,2,0,2,99,57,33,21,10,13,16
2025-2945,Sofia 2,Clay,32,C,O,20250818,14,N897,,,Sumit Nagal,R,178,IND,28.005,299,169,P0FU,,,Filip Pieczonka,L,196,POL,21.358,875,24,6-4 6-3,3,R32,89,1,2,64,43,26,13,10,3,6,5,2,54,29,17,9,9,1,6
2025-2945,Sofia 2,Clay,32,C,O,20250818,15,N0DB,,,Andrej Nedic,R,185,BIH,20.838,386,126,SP80,,,Nino Serdarusic,R,191,CRO,28.679,1085,11,7-5 6-4,3,R32,82,0,4,60,30,22,18,11,0,2,5,1,60,36,25,13,11,2,6
2025-2945,Sofia 2,Clay,32,C,O,20250818,16,S0MN,,,Marat Sharipov,R,188,RUS,22.858,276,194,S0W8,,,Aryan Shah,R,183,IND,19.74,392,124,7-5 6-2,3,R32,93,13,5,64,34,26,17,10,2,3,3,4,65,35,19,16,10,4,8
2025-2945,Sofia 2,Clay,32,C,O,20250818,17,S0MN,,,Marat Sharipov,R,188,RUS,22.858,276,194,G0DH,2,,Alvaro Guillen Meza,R,175,ECU,22.626,248,221,7-6(2) 5-7 6-4,3,R16,182,15,6,107,52,39,29,17,7,11,1,4,113,65,44,24,17,9,13
2025-2945,Sofia 2,Clay,32,C,O,20250818,18,SN54,5,,Frederico Ferreira Silva,L,178,POR,30.42,262,209,B0LW,,,Mika Brunold,R,191,SUI,20.876,289,179,6-3 7-5,3,R16,101,0,2,64,41,27,10,11,1,5,2,1,56,33,17,9,10,7,13
2025-2945,Sofia 2,Clay,32,C,O,20250818,19,D0L3,6,,Matej Dodig,R,188,CRO,20.082,268,200,DH46,,,Alexander Donski,R,188,BUL,27.047,662,49,6-0 4-6 6-3,3,R16,112,3,5,79,50,38,15,13,4,6,10,9,80,35,30,13,12,6,11
2025-2945,Sofia 2,Clay,32,C,O,20250818,20,AA27,,,Franco Agamenone,R,191,ITA,32.342,433,106,K0HG,,,Milos Karol,R,198,SVK,22.68,364,134,6-2 4-6 6-2,3,R16,128,3,6,83,48,32,17,13,7,11,0,7,86,52,32,9,13,4,11
2025-2945,Sofia 2,Clay,32,C,O,20250818,21,MV14,,,Alex Molcan,L,178,SVK,27.713,362,134,V0GR,,,Alexander Vasilev,L,185,BUL,18.264,1028,13,6-4 6-0,3,R16,89,0,1,51,23,16,18,8,1,2,1,7,69,41,19,13,8,14,19
2025-2945,Sofia 2,Clay,32,C,O,20250818,22,N0DB,,,Andrej Nedic,R,185,BIH,20.838,386,126,N897,,,Sumit Nagal,R,178,IND,28.005,299,169,7-5 1-6 6-4,3,R16,154,2,4,92,51,31,15,14,8,15,2,6,107,60,34,20,15,7,14
2025-2945,Sofia 2,Clay,32,C,O,20250818,23,R0BT,,,Franco Roncadelli,L,185,URU,25.53,400,119,CF01,,,Marco Cecchinato,R,185,ITA,32.882,284,184,6-2 7-6(4),3,R16,110,0,0,69,53,34,10,10,4,5,0,3,79,54,30,12,10,10,13
2025-2945,Sofia 2,Clay,32,C,O,20250818,24,S0WT,,,Joel Schwaerzler,L,188,AUT,19.556,313,162,J476,,,David Jorda Sanchis,R,198,ESP,31.179,468,90,6-4 6-3,3,R16,91,1,2,68,38,23,18,10,6,8,0,3,51,27,16,11,9,3,7
2025-2945,Sofia 2,Clay,32,C,O,20250818,25,S0MN,,,Marat Sharipov,R,188,RUS,22.858,276,194,SN54,5,,Frederico Ferreira Silva,L,178,POR,30.42,262,209,6-3 5-7 6-1,3,QF,139,9,6,91,47,35,18,14,4,8,2,5,85,44,27,16,14,3,10
2025-2945,Sofia 2,Clay,32,C,O,20250818,26,D0L3,6,,Matej Dodig,R,188,CRO,20.082,268,200,N0DB,,,Andrej Nedic,R,185,BIH,20.838,386,126,6-3 7-5,3,QF,121,2,5,77,41,27,16,11,5,9,3,3,81,51,26,11,10,8,14
2025-2945,Sofia 2,Clay,32,C,O,20250818,27,MV14,,,Alex Molcan,L,178,SVK,27.713,362,134,R0BT,,,Franco Roncadelli,L,185,URU,25.53,400,119,6-3 6-1,3,QF,61,3,0,44,25,21,11,8,0,1,0,0,39,31,9,6,8,0,5
2025-2945,Sofia 2,Clay,32,C,O,20250818,28,S0WT,,,Joel Schwaerzler,L,188,AUT,19.556,313,162,AA27,,,Franco Agamenone,R,191,ITA,32.342,433,106,6-3 7-5,3,QF,79,3,5,57,31,26,16,11,0,1,0,1,53,31,18,12,10,0,3
2025-2945,Sofia 2,Clay,32,C,O,20250818,29,MV14,,,Alex Molcan,L,178,SVK,27.713,362,134,D0L3,6,,Matej Dodig,R,188,CRO,20.082,268,200,6-3 6-0,3,SF,74,1,1,55,30,23,16,8,1,1,2,3,47,25,10,12,7,2,6
2025-2945,Sofia 2,Clay,32,C,O,20250818,30,S0WT,,,Joel Schwaerzler,L,188,AUT,19.556,313,162,S0MN,,,Marat Sharipov,R,188,RUS,22.858,276,194,6-2 6-2,3,SF,66,4,3,44,23,16,12,8,2,4,5,3,52,28,17,5,8,3,9
2025-2945,Sofia 2,Clay,32,C,O,20250818,31,MV14,,,Alex Molcan,L,178,SVK,27.713,362,134,S0WT,,,Joel Schwaerzler,L,188,AUT,19.556,313,162,7-5 6-4,3,F,96,1,0,68,37,21,20,11,2,5,2,2,62,37,21,10,11,4,9
2025-3019,Hersonissos 4,Hard,32,C,O,20250818,1,EA13,1,,Moez Echargui,R,178,TUN,32.602,191,285,H0JL,,,Jay Friend,R,185,JPN,21.656,864,24,4-6 6-2 6-4,3,R32,161,2,8,91,41,31,27,14,7,10,6,5,83,53,34,13,14,2,7
2025-3019,Hersonissos 4,Hard,32,C,O,20250818,2,P0BK,,,Stuart Parker,R,185,GBR,28.052,454,97,G09C,2,,Marek Gengel,R,185,CZE,29.919,250,220,6-1 6-1,3,R32,65,4,0,39,23,20,10,7,0,0,1,5,47,22,10,8,7,2,7
2025-3019,Hersonissos 4,Hard,32,C,O,20250818,3,PJ74,,,Lucas Poullain,R,175,FRA,29.703,358,136,MW76,3,,Matteo Martineau,R,183,FRA,26.587,273,199,6-3 6-3,3,R32,104,0,1,58,40,27,9,9,3,5,0,3,59,38,23,8,9,6,11
2025-3019,Hersonissos 4,Hard,32,C,O,20250818,4,P0D0,4,,Jakub Paul,R,180,SUI,26.409,293,176,W0AH,,,Harry Wendelken,R,178,GBR,23.666,482,86,6-2 6-2,3,R32,83,2,2,47,28,19,15,8,1,1,1,3,45,22,17,6,8,1,5
2025-3019,Hersonissos 4,Hard,32,C,O,20250818,5,S0KT,5,,Stefanos Sakellaridis,R,198,GRE,20.928,317,160,G0I3,,,Massimo Giunta,R,188,ITA,21.109,820,28,3-6 6-3 6-2,3,R32,112,9,4,74,46,34,18,13,3,4,1,9,68,34,30,17,13,4,7
2025-3019,Hersonissos 4,Hard,32,C,O,20250818,6,B0JJ,6,,Robin Bertrand,R,178,FRA,22.428,315,161,A0C5,,,Dimitris Azoidis,L,,GRE,24.857,1154,9,6-4 6-0,3,R32,103,2,2,45,30,20,8,8,1,3,2,3,66,38,20,9,8,10,16
2025-3019,Hersonissos 4,Hard,32,C,O,20250818,7,A09T,7,,Dan Added,R,183,FRA,26.349,286,184,F0BP,,,Pietro Fellin,R,193,ITA,24.044,513,76,7-6(4) 6-4,3,R32,148,4,6,71,38,24,16,11,1,6,2,1,89,55,33,12,11,2,8
2025-3019,Hersonissos 4,Hard,32,C,O,20250818,8,LI10,8,,Christian Langmo,R,191,USA,29.213,366,133,LC12,,,Laurent Lokoli,R,188,FRA,30.834,385,126,6-3 6-1,3,R32,102,4,3,60,38,26,12,8,7,8,1,6,54,28,17,9,8,5,10
2025-3019,Hersonissos 4,Hard,32,C,O,20250818,9,B0I5,,,Blaise Bicknell,R,191,JAM,23.726,619,54,P0B2,,,Luca Potenza,R,175,ITA,25.057,485,85,7-6(2) 6-1,3,R32,118,7,6,56,34,28,12,9,1,2,2,3,89,63,36,10,10,7,11
2025-3019,Hersonissos 4,Hard,32,C,O,20250818,10,J0DZ,,,Rafael Jodar,R,191,ESP,18.919,395,122,W749,,,Enzo Wallart,R,185,USA,28.512,870,24,6-3 6-3,3,R32,104,2,3,45,25,23,10,9,3,5,2,4,57,33,20,8,9,4,9
2025-3019,Hersonissos 4,Hard,32,C,O,20250818,11,J0D2,,,Maximus Jones,R,185,THA,20.95,368,133,W0BB,,,Max Wiskandt,R,191,GER,23.543,438,104,5-7 6-4 6-4,3,R32,180,5,6,96,54,36,18,16,7,12,9,5,81,51,36,11,16,2,8
2025-3019,Hersonissos 4,Hard,32,C,O,20250818,12,M0GP,,,Filippo Moroni,R,175,ITA,24.542,548,68,A0F3,,,Fabrizio Andaloro,R,185,ITA,24.545,376,130,6-4 6-4,3,R32,88,3,2,52,28,21,12,10,0,3,0,6,55,26,14,13,10,0,5
2025-3019,Hersonissos 4,Hard,32,C,O,20250818,13,RH62,,,Mats Rosenkranz,L,193,GER,26.987,352,140,T0EI,,,Aristotelis Thanos,R,193,GRE,24.364,466,92,4-6 6-4 6-3,3,R32,178,3,8,93,51,38,18,15,4,8,5,3,92,55,35,18,14,5,10
2025-3019,Hersonissos 4,Hard,32,C,O,20250818,14,S0TX,,,Henry Searle,L,193,GBR,19.389,403,118,RH50,,,Arthur Reymond,L,180,FRA,26.379,579,62,6-2 6-3,3,R32,76,4,2,46,33,25,7,8,1,2,2,3,65,38,23,9,9,6,11
2025-3019,Hersonissos 4,Hard,32,C,O,20250818,15,T0GE,,,Pavlos Tsitsipas,R,196,GRE,20.071,960,17,C0HV,,,Luca Castagnola,R,183,ITA,23.179,629,53,3-6 7-6(6) 6-4,3,R32,183,1,5,101,58,37,22,16,4,10,3,6,119,67,42,25,15,6,11
2025-3019,Hersonissos 4,Hard,32,C,O,20250818,16,X01C,,,Ioannis Xilas,R,178,GRE,24.268,796,30,U176,,,Vadym Ursu,R,183,UKR,28.627,490,84,6-3 4-6 6-4,3,R32,171,2,7,113,77,38,17,15,13,20,1,5,96,54,33,14,14,8,16
2025-3019,Hersonissos 4,Hard,32,C,O,20250818,17,EA13,1,,Moez Echargui,R,178,TUN,32.602,191,285,T0GE,,,Pavlos Tsitsipas,R,196,GRE,20.071,960,17,4-6 6-4 6-2,3,R16,140,6,5,82,37,28,27,14,4,6,3,9,90,47,29,23,14,7,11
2025-3019,Hersonissos 4,Hard,32,C,O,20250818,18,P0D0,4,,Jakub Paul,R,180,SUI,26.409,293,176,B0I5,,,Blaise Bicknell,R,191,JAM,23.726,619,54,6-3 4-6 6-0,3,R16,131,0,0,82,54,38,16,12,5,6,1,6,79,42,28,16,13,3,8
2025-3019,Hersonissos 4,Hard,32,C,O,20250818,19,S0KT,5,,Stefanos Sakellaridis,R,198,GRE,20.928,317,160,J0D2,,,Maximus Jones,R,185,THA,20.95,368,133,7-6(2) 5-7 6-0,3,R16,160,8,2,90,58,42,19,15,4,7,3,5,91,56,38,12,15,1,6
2025-3019,Hersonissos 4,Hard,32,C,O,20250818,20,B0JJ,6,,Robin Bertrand,R,178,FRA,22.428,315,161,M0GP,,,Filippo Moroni,R,175,ITA,24.542,548,68,2-6 6-4 6-2,3,R16,144,0,6,77,42,20,15,13,8,15,1,7,95,56,32,12,13,6,14
2025-3019,Hersonissos 4,Hard,32,C,O,20250818,21,A09T,7,,Dan Added,R,183,FRA,26.349,286,184,S0TX,,,Henry Searle,L,193,GBR,19.389,403,118,7-5 6-2,3,R16,97,6,0,54,30,25,12,10,1,3,6,3,69,49,31,6,10,9,14
2025-3019,Hersonissos 4,Hard,32,C,O,20250818,22,RH62,,,Mats Rosenkranz,L,193,GER,26.987,352,140,LI10,8,,Christian Langmo,R,191,USA,29.213,366,133,4-6 7-6(2) 6-2,3,R16,162,11,8,88,44,39,24,15,1,3,7,4,85,45,30,24,15,1,4
2025-3019,Hersonissos 4,Hard,32,C,O,20250818,23,J0DZ,,,Rafael Jodar,R,191,ESP,18.919,395,122,PJ74,,,Lucas Poullain,R,175,FRA,29.703,358,136,6-4 6-3,3,R16,120,1,6,68,41,27,14,10,4,6,0,3,59,36,23,10,9,6,10
2025-3019,Hersonissos 4,Hard,32,C,O,20250818,24,X01C,,,Ioannis Xilas,R,178,GRE,24.268,796,30,P0BK,,,Stuart Parker,R,185,GBR,28.052,454,97,4-6 6-4 6-2,3,R16,154,1,5,88,52,34,18,14,5,9,5,3,74,42,29,12,14,3,9
2025-3019,Hersonissos 4,Hard,32,C,O,20250818,25,EA13,1,,Moez Echargui,R,178,TUN,32.602,191,285,RH62,,,Mats Rosenkranz,L,193,GER,26.987,352,140,7-6(5) 6-3,3,QF,114,7,2,60,32,22,14,10,0,3,3,6,67,42,24,11,11,3,8
2025-3019,Hersonissos 4,Hard,32,C,O,20250818,26,B0JJ,6,,Robin Bertrand,R,178,FRA,22.428,315,161,P0D0,4,,Jakub Paul,R,180,SUI,26.409,293,176,4-6 7-5 6-4,3,QF,207,1,13,112,55,34,26,16,14,20,0,6,124,75,43,22,16,14,21
2025-3019,Hersonissos 4,Hard,32,C,O,20250818,27,J0DZ,,,Rafael Jodar,R,191,ESP,18.919,395,122,S0KT,5,,Stefanos Sakellaridis,R,198,GRE,20.928,317,160,6-0 6-1,3,QF,62,1,2,39,16,12,18,7,1,1,0,1,37,28,11,3,6,2,7
2025-3019,Hersonissos 4,Hard,32,C,O,20250818,28,A09T,7,,Dan Added,R,183,FRA,26.349,286,184,X01C,,,Ioannis Xilas,R,178,GRE,24.268,796,30,7-5 6-4,3,QF,128,6,4,72,42,33,10,11,4,7,1,6,71,49,28,9,11,4,9
2025-3019,Hersonissos 4,Hard,32,C,O,20250818,29,EA13,1,,Moez Echargui,R,178,TUN,32.602,191,285,B0JJ,6,,Robin Bertrand,R,178,FRA,22.428,315,161,6-4 6-1,3,SF,84,1,3,51,16,10,20,9,0,2,0,7,58,39,22,3,8,6,11
2025-3019,Hersonissos 4,Hard,32,C,O,20250818,30,A09T,7,,Dan Added,R,183,FRA,26.349,286,184,J0DZ,,,Rafael Jodar,R,191,ESP,18.919,395,122,7-6(5) 7-5,3,SF,136,1,4,91,39,26,28,12,8,11,2,3,83,43,28,17,12,3,7
2025-3019,Hersonissos 4,Hard,32,C,O,20250818,31,EA13,1,,Moez Echargui,R,178,TUN,32.602,191,285,A09T,7,,Dan Added,R,183,FRA,26.349,286,184,5-7 6-4 3-0 RET,3,F,148,4,7,71,29,25,18,13,3,7,4,7,102,44,25,26,12,15,20
2025-8266,Augsburg,Clay,32,C,O,20250818,1,B0QC,,,Gilles Arnaud Bailly,R,180,BEL,19.912,380,129,P0IY,1,,Juan Carlos Prado Angelo,R,185,BOL,20.452,249,220,6-3 4-6 6-4,3,R32,153,2,1,93,46,35,29,15,4,6,2,1,91,68,45,12,14,7,10
2025-8266,Augsburg,Clay,32,C,O,20250818,2,N731,2,,Christoph Negritu,R,193,GER,31.411,272,199,MN13,,,Maximilian Marterer,L,188,GER,30.177,446,99,6-3 4-6 6-2,3,R32,110,8,1,65,40,32,18,13,0,1,2,7,89,54,36,16,14,9,13
2025-8266,Augsburg,Clay,32,C,O,20250818,3,M0NL,,,Inaki Montes-De La Torre,R,178,ESP,22.875,360,135,Z09F,3,,Patrick Zahraj,R,191,GER,26.089,274,199,6-4 6-4,3,R32,98,0,10,68,42,26,12,10,2,5,4,8,58,30,17,12,10,0,5
2025-8266,Augsburg,Clay,32,C,O,20250818,4,SK94,,,Cedrik-Marcel Stebe,L,180,GER,34.858,660,49,P0GQ,4,,Mili Poljicak,R,185,CRO,21.098,279,191,6-1 0-6 6-0,3,R32,108,2,5,81,40,24,23,10,10,13,1,2,53,28,17,8,9,3,8
2025-8266,Augsburg,Clay,32,C,O,20250818,5,B0OU,5,,Hynek Barton,R,183,CZE,21.369,295,174,P0O9,,,Mika Petkovic,R,180,GER,18.637,1041,13,6-2 6-4,3,R32,71,5,5,51,30,26,12,9,2,2,1,4,69,36,26,12,9,9,12
2025-8266,Augsburg,Clay,32,C,O,20250818,6,S0GZ,6,,Nikolas Sanchez Izquierdo,R,185,ESP,26.428,297,173,BV24,,,Raul Brancaccio,R,183,ITA,28.29,373,132,7-6(4) 3-6 6-3,3,R32,143,0,2,87,58,41,21,15,3,5,5,1,104,67,47,19,15,9,11
2025-8266,Augsburg,Clay,32,C,O,20250818,7,P0BM,,,Tadeas Paroulek,R,175,CZE,25.634,488,84,DF92,7,,Corentin Denolly,L,188,FRA,28.2,308,163,6-2 7-6(2),3,R32,87,5,1,63,40,30,14,10,3,4,1,6,63,41,26,11,10,4,7
2025-8266,Augsburg,Clay,32,C,O,20250818,8,RC04,8,,Alexander Ritschard,R,193,SUI,31.403,314,161,M0AC,,,Rudolf Molleker,R,188,GER,24.81,379,129,6-1 6-2,3,R32,57,4,1,42,22,19,14,8,0,0,1,3,44,24,12,8,7,2,6
2025-8266,Augsburg,Clay,32,C,O,20250818,9,C0GU,,,Matyas Cerny,R,178,CZE,23.841,1002,15,S0GV,,,Robert Strombachs,R,191,LAT,25.925,335,151,3-6 7-6(6) 7-5,3,R32,172,2,3,111,69,46,24,16,4,8,8,11,116,57,48,22,17,6,10
2025-8266,Augsburg,Clay,32,C,O,20250818,10,D0LJ,,,Diego Dedura,L,180,GER,17.435,339,147,MF35,,,Andrej Martin,R,183,SVK,35.91,341,146,6-2 6-0,3,R32,71,1,1,58,34,24,11,7,11,12,1,9,56,26,14,8,7,9,15
2025-8266,Augsburg,Clay,32,C,O,20250818,11,G0CV,,,Buvaysar Gadamauri,R,180,BEL,25.106,670,48,BU10,,,Jacopo Berrettini,R,191,ITA,26.724,365,133,6-7(3) 7-6(6) 7-6(2),3,R32,192,8,5,120,66,51,32,18,3,5,3,12,136,73,57,31,18,4,6
2025-8266,Augsburg,Clay,32,C,O,20250818,12,KH56,,,Zdenek Kolar,R,183,CZE,28.857,290,179,M0N1,,,Luka Mikrut,R,188,CRO,21.339,342,146,6-2 6-3,3,R32,79,0,4,51,31,22,11,8,3,4,3,1,54,26,14,11,9,4,9
2025-8266,Augsburg,Clay,32,C,O,20250818,13,P0G5,,,Stefan Popovic,R,178,SRB,22.234,521,75,E0BO,,,Nino Ehrenschneider,L,185,GER,24.383,667,49,6-3 7-6(7),3,R32,120,0,1,83,62,40,11,10,4,5,0,3,78,45,31,13,11,6,9
2025-8266,Augsburg,Clay,32,C,O,20250818,14,S0R2,,,Benito Sanchez Martinez,L,185,GER,23.302,987,15,MN20,,,Daniel Masur,R,183,GER,30.782,517,75,6-3 7-5,3,R32,96,1,2,57,28,21,17,11,2,5,4,3,68,36,21,12,10,5,10
2025-8266,Augsburg,Clay,32,C,O,20250818,15,S0VU,,,Max Schoenhaus,R,180,GER,18.048,1158,9,N0D9,,,Jakub Nicod,R,183,CZE,21.076,423,107,1-6 7-6(4) 3-2 RET,3,R32,103,1,7,89,45,31,19,13,9,14,3,2,68,45,31,13,11,0,2
2025-8266,Augsburg,Clay,32,C,O,20250818,16,S0AK,,,Henri Squire,R,196,GER,24.89,435,105,T0DM,,,Juan Bautista Torres,R,178,ARG,23.379,331,154,7-5 7-6(4),3,R32,108,5,7,79,53,39,12,12,4,6,3,3,75,52,32,13,12,6,9
2025-8266,Augsburg,Clay,32,C,O,20250818,17,N731,2,,Christoph Negritu,R,193,GER,31.411,272,199,P0G5,,,Stefan Popovic,R,178,SRB,22.234,521,75,6-7(6) 7-5 6-4,3,R16,176,10,1,101,55,42,27,17,3,6,2,4,123,81,49,25,17,10,15
2025-8266,Augsburg,Clay,32,C,O,20250818,18,KH56,,,Zdenek Kolar,R,183,CZE,28.857,290,179,B0OU,5,,Hynek Barton,R,183,CZE,21.369,295,174,6-4 6-4,3,R16,99,0,4,62,49,37,4,10,0,1,6,2,81,45,30,16,10,8,11
2025-8266,Augsburg,Clay,32,C,O,20250818,19,S0GZ,6,,Nikolas Sanchez Izquierdo,R,185,ESP,26.428,297,173,D0LJ,,,Diego Dedura,L,180,GER,17.435,339,147,6-2 7-6(6),3,R16,119,1,4,68,44,30,13,10,1,3,1,4,99,62,36,17,10,9,13
2025-8266,Augsburg,Clay,32,C,O,20250818,20,RC04,8,,Alexander Ritschard,R,193,SUI,31.403,314,161,S0VU,,,Max Schoenhaus,R,180,GER,18.048,1158,9,7-6(4) 0-6 7-6(3),3,R16,158,3,4,118,58,40,26,15,11,17,7,7,108,62,44,21,15,6,9
2025-8266,Augsburg,Clay,32,C,O,20250818,21,C0GU,,,Matyas Cerny,R,178,CZE,23.841,1002,15,P0BM,,,Tadeas Paroulek,R,175,CZE,25.634,488,84,6-7(5) 7-6(4) 6-2,3,R16,203,2,1,120,72,45,28,16,3,6,2,5,112,65,41,24,16,4,9
2025-8266,Augsburg,Clay,32,C,O,20250818,22,S0R2,,,Benito Sanchez Martinez,L,185,GER,23.302,987,15,B0QC,,,Gilles Arnaud Bailly,R,180,BEL,19.912,380,129,6-3 7-6(6),3,R16,110,9,0,68,47,36,11,11,3,5,0,2,62,33,21,16,10,2,5
2025-8266,Augsburg,Clay,32,C,O,20250818,23,S0AK,,,Henri Squire,R,196,GER,24.89,435,105,M0NL,,,Inaki Montes-De La Torre,R,178,ESP,22.875,360,135,2-6 6-2 6-4,3,R16,131,2,5,98,69,42,10,13,12,17,1,9,70,43,22,13,13,3,9
2025-8266,Augsburg,Clay,32,C,O,20250818,24,SK94,,,Cedrik-Marcel Stebe,L,180,GER,34.858,660,49,G0CV,,,Buvaysar Gadamauri,R,180,BEL,25.106,670,48,6-2 4-6 7-6(6),3,R16,147,2,2,90,56,33,18,15,1,7,1,3,99,65,35,16,15,3,10
2025-8266,Augsburg,Clay,32,C,O,20250818,25,RC04,8,,Alexander Ritschard,R,193,SUI,31.403,314,161,N731,2,,Christoph Negritu,R,193,GER,31.411,272,199,6-4 4-6 6-4,3,QF,139,3,5,97,57,43,19,15,10,13,10,1,101,59,45,14,15,7,11
2025-8266,Augsburg,Clay,32,C,O,20250818,26,S0AK,,,Henri Squire,R,196,GER,24.89,435,105,S0GZ,6,,Nikolas Sanchez Izquierdo,R,185,ESP,26.428,297,173,6-3 6-3,3,QF,96,7,3,63,48,35,7,9,4,4,1,2,68,49,29,10,9,8,11
2025-8266,Augsburg,Clay,32,C,O,20250818,27,KH56,,,Zdenek Kolar,R,183,CZE,28.857,290,179,S0R2,,,Benito Sanchez Martinez,L,185,GER,23.302,987,15,6-1 6-1,3,QF,64,1,4,42,23,17,7,7,2,4,1,3,44,26,11,3,7,5,12
2025-8266,Augsburg,Clay,32,C,O,20250818,28,SK94,,,Cedrik-Marcel Stebe,L,180,GER,34.858,660,49,C0GU,,,Matyas Cerny,R,178,CZE,23.841,1002,15,6-0 3-1 RET,3,QF,56,1,2,41,21,15,9,5,6,7,0,0,26,12,2,4,5,0,5
2025-8266,Augsburg,Clay,32,C,O,20250818,29,RC04,8,,Alexander Ritschard,R,193,SUI,31.403,314,161,S0AK,,,Henri Squire,R,196,GER,24.89,435,105,6-3 4-6 6-2,3,SF,116,7,7,95,54,40,20,14,6,8,2,1,69,45,31,11,13,7,11
2025-8266,Augsburg,Clay,32,C,O,20250818,30,SK94,,,Cedrik-Marcel Stebe,L,180,GER,34.858,660,49,KH56,,,Zdenek Kolar,R,183,CZE,28.857,290,179,6-2 6-3,3,SF,85,5,2,52,33,25,12,9,4,5,5,3,65,37,23,9,8,6,10
2025-8266,Augsburg,Clay,32,C,O,20250818,31,SK94,,,Cedrik-Marcel Stebe,L,180,GER,34.858,660,49,RC04,8,,Alexander Ritschard,R,193,SUI,31.403,314,161,6-3 6-3,3,F,98,3,5,60,31,23,13,9,1,3,3,5,75,37,23,15,9,12,17
2025-2933,Porto 2,Hard,32,C,O,20250825,1,S0GZ,,,Nikolas Sanchez Izquierdo,R,185,ESP,26.448,291,177,SX91,1,,Thiago Seyboth Wild,R,185,BRA,25.459,143,430,6-2 6-4,3,R32,98,2,1,45,30,25,11,9,0,0,3,2,79,42,28,14,9,9,12
2025-2933,Porto 2,Hard,32,C,O,20250825,2,D0H9,2,,Guy Den Ouden,R,183,NED,23.381,161,344,P0GQ,,,Mili Poljicak,R,185,CRO,21.117,304,167,6-3 1-6 6-2,3,R32,129,1,7,82,54,39,11,12,5,8,1,6,86,51,37,13,12,7,11
2025-2933,Porto 2,Hard,32,C,O,20250825,3,B0LW,,,Mika Brunold,R,191,SUI,20.895,316,160,R0GO,,,Henrique Rocha,R,180,POR,21.385,167,323,7-6(4) 6-0,3,R32,85,0,5,64,37,27,15,9,5,7,0,5,54,25,17,10,9,1,6
2025-2933,Porto 2,Hard,32,C,O,20250825,4,B0GY,4,,Alex Barrena,R,175,ARG,22.875,228,244,N731,,,Christoph Negritu,R,193,GER,31.431,274,196,6-4 6-4,3,R32,72,5,2,56,32,24,15,10,0,1,3,0,53,33,23,10,10,0,3
2025-2933,Porto 2,Hard,32,C,O,20250825,5,A0ES,,,Pedro Araujo,R,183,PRT,23.417,489,85,Y218,5,,Elias Ymer,R,185,SWE,29.374,231,241,5-7 6-4 7-5,3,R32,168,1,1,93,63,39,19,17,1,5,1,4,122,66,44,28,17,11,16
2025-2933,Porto 2,Hard,32,C,O,20250825,6,KC33,,,Dimitar Kuzmanov,R,183,BUL,32.077,263,204,PG20,6,,Dmitry Popko,R,191,KAZ,28.835,237,235,6-3 6-4,3,R32,84,3,1,53,31,28,14,10,2,2,1,0,48,31,23,8,9,2,4
2025-2933,Porto 2,Hard,32,C,O,20250825,7,O660,7,,Genaro Alberto Olivieri,R,175,ARG,27.058,259,210,H0CD,,,Alex Hernandez,R,175,MEX,26.174,461,93,6-4 6-2,3,R32,93,7,0,45,29,21,7,9,0,2,1,0,75,57,30,6,9,4,9
2025-2933,Porto 2,Hard,32,C,O,20250825,8,SN54,8,,Frederico Ferreira Silva,L,178,POR,30.439,255,218,A0EA,,,Max Alcala Gurri,R,178,ESP,22.954,419,113,6-3 4-6 6-2,3,R32,169,0,2,94,71,43,11,14,9,14,1,5,97,73,33,13,13,12,19
2025-2933,Porto 2,Hard,32,C,O,20250825,9,A09U,,,Nicolas Alvarez Varona,R,188,ESP,24.271,282,188,S0GV,,,Robert Strombachs,R,191,LAT,25.944,337,148,6-0 6-2,3,R32,53,7,2,40,25,20,10,7,1,1,2,2,36,26,12,2,7,0,5
2025-2933,Porto 2,Hard,32,C,O,20250825,10,B0QC,,,Gilles Arnaud Bailly,R,180,BEL,19.932,341,146,M0SE,,,Maxim Mrva,R,178,CZE,18.064,427,107,6-1 6-2,3,R32,70,0,1,44,26,15,11,7,2,4,0,3,52,26,12,5,8,7,14
2025-2933,Porto 2,Hard,32,C,O,20250825,11,D0L3,,,Matej Dodig,R,188,CRO,20.101,248,222,P0K4,,,Tiago Pereira,R,0,PRT,21.18,286,185,2-6 6-4 6-4,3,R32,137,2,3,89,53,37,10,14,5,11,5,4,79,47,29,13,14,7,13
2025-2933,Porto 2,Hard,32,C,O,20250825,12,J476,,,David Jorda Sanchis,R,198,ESP,31.198,443,100,P0FU,,,Filip Pieczonka,L,196,POL,21.377,848,26,6-2 6-1,3,R32,62,5,0,42,27,23,10,8,0,0,1,8,50,22,14,9,7,7,11
2025-2933,Porto 2,Hard,32,C,O,20250825,13,M0E1,,,Daniel Michalski,R,180,POL,25.621,277,192,S0CG,,,Carlos Sanchez Jover,L,173,ESP,25.095,295,172,6-4 7-6(6),3,R32,109,1,2,61,26,16,16,11,2,7,0,3,65,41,20,11,11,3,9
2025-2933,Porto 2,Hard,32,C,O,20250825,14,M0HT,,,Alejandro Moro Canas,R,183,ESP,24.715,300,170,W0BU,,,Olle Wallin,R,191,SWE,23.841,414,116,6-3 6-4,3,R32,91,0,0,61,39,28,16,10,0,0,3,3,69,41,28,12,9,4,6
2025-2933,Porto 2,Hard,32,C,O,20250825,15,R0F6,,,Francisco Rocha,R,185,PRT,25.892,812,29,M0I0,,,Maxwell Mckennon,L,193,USA,23.274,469,91,4-2 RET,3,R32,37,3,1,16,9,9,3,3,0,0,0,1,26,19,8,5,3,2,3
2025-2933,Porto 2,Hard,32,C,O,20250825,16,T0CN,,,Tiago Torres,L,175,PRT,23.132,1028,13,B0OU,,,Hynek Barton,R,183,CZE,21.388,292,176,6-3 1-6 6-4,3,R32,109,0,6,79,35,23,21,13,5,10,3,3,81,48,25,19,13,7,12
2025-2933,Porto 2,Hard,32,C,O,20250825,17,D0H9,2,,Guy Den Ouden,R,183,NED,23.381,161,344,R0F6,,,Francisco Rocha,R,185,PRT,25.892,812,29,6-3 6-4,3,R16,98,0,2,66,39,24,18,10,2,4,3,3,58,29,21,10,9,2,6
2025-2933,Porto 2,Hard,32,C,O,20250825,18,A09U,,,Nicolas Alvarez Varona,R,188,ESP,24.271,282,188,B0GY,4,,Alex Barrena,R,175,ARG,22.875,228,244,6-4 6-4,3,R16,92,5,4,62,36,29,11,10,4,5,4,0,61,33,20,17,10,5,8
2025-2933,Porto 2,Hard,32,C,O,20250825,19,M0HT,,,Alejandro Moro Canas,R,183,ESP,24.715,300,170,O660,7,,Genaro Alberto Olivieri,R,175,ARG,27.058,259,210,7-5 2-6 6-1,3,R16,141,1,1,66,49,35,12,13,1,3,2,2,108,73,44,18,14,11,15
2025-2933,Porto 2,Hard,32,C,O,20250825,20,SN54,8,,Frederico Ferreira Silva,L,178,POR,30.439,255,218,T0CN,,,Tiago Torres,L,175,PRT,23.132,1028,13,6-3 6-3,3,R16,88,1,1,60,39,27,12,9,2,3,1,3,51,33,17,7,9,1,5
2025-2933,Porto 2,Hard,32,C,O,20250825,21,B0QC,,,Gilles Arnaud Bailly,R,180,BEL,19.932,341,146,A0ES,,,Pedro Araujo,R,183,PRT,23.417,489,85,6-0 6-1,3,R16,68,1,0,39,20,13,14,6,4,5,0,0,48,35,13,4,7,2,9
2025-2933,Porto 2,Hard,32,C,O,20250825,22,J476,,,David Jorda Sanchis,R,198,ESP,31.198,443,100,B0LW,,,Mika Brunold,R,191,SUI,20.895,316,160,6-3 3-6 6-4,3,R16,143,0,2,96,60,36,20,14,9,13,0,4,79,43,23,21,14,5,10
2025-2933,Porto 2,Hard,32,C,O,20250825,23,M0E1,,,Daniel Michalski,R,180,POL,25.621,277,192,KC33,,,Dimitar Kuzmanov,R,183,BUL,32.077,263,204,4-6 7-5 7-5,3,R16,164,3,0,99,71,48,13,17,5,10,3,7,100,55,35,23,17,2,8
2025-2933,Porto 2,Hard,32,C,O,20250825,24,S0GZ,,,Nikolas Sanchez Izquierdo,R,185,ESP,26.448,291,177,D0L3,,,Matej Dodig,R,188,CRO,20.101,248,222,6-3 6-2,3,R16,83,0,1,64,45,28,12,9,3,4,2,3,40,27,15,6,8,0,4
2025-2933,Porto 2,Hard,32,C,O,20250825,25,D0H9,2,,Guy Den Ouden,R,183,NED,23.381,161,344,M0E1,,,Daniel Michalski,R,180,POL,25.621,277,192,4-6 6-4 6-4,3,QF,149,4,2,91,57,43,20,15,4,6,2,1,104,65,44,20,15,8,11
2025-2933,Porto 2,Hard,32,C,O,20250825,26,SN54,8,,Frederico Ferreira Silva,L,178,POR,30.439,255,218,J476,,,David Jorda Sanchis,R,198,ESP,31.198,443,100,7-5 6-4,3,QF,128,1,1,81,63,39,8,11,6,8,4,1,77,39,24,18,11,6,10
2025-2933,Porto 2,Hard,32,C,O,20250825,27,B0QC,,,Gilles Arnaud Bailly,R,180,BEL,19.932,341,146,A09U,,,Nicolas Alvarez Varona,R,188,ESP,24.271,282,188,6-2 3-6 6-4,3,QF,148,5,1,75,44,36,16,13,3,5,6,6,82,45,30,19,14,5,9
2025-2933,Porto 2,Hard,32,C,O,20250825,28,M0HT,,,Alejandro Moro Canas,R,183,ESP,24.715,300,170,S0GZ,,,Nikolas Sanchez Izquierdo,R,185,ESP,26.448,291,177,7-6(6) 6-4,3,QF,143,2,3,77,49,30,14,11,3,6,2,1,79,55,32,9,11,4,8
2025-2933,Porto 2,Hard,32,C,O,20250825,29,D0H9,2,,Guy Den Ouden,R,183,NED,23.381,161,344,SN54,8,,Frederico Ferreira Silva,L,178,POR,30.439,255,218,6-3 6-3,3,SF,94,5,3,55,37,27,11,9,2,3,0,0,56,32,15,12,9,4,8
2025-2933,Porto 2,Hard,32,C,O,20250825,30,B0QC,,,Gilles Arnaud Bailly,R,180,BEL,19.932,341,146,M0HT,,,Alejandro Moro Canas,R,183,ESP,24.715,300,170,6-4 1-6 6-3,3,SF,162,1,1,100,55,37,21,13,8,11,4,2,84,56,36,15,13,7,10
2025-2933,Porto 2,Hard,32,C,O,20250825,31,D0H9,2,,Guy Den Ouden,R,183,NED,23.381,161,344,B0QC,,,Gilles Arnaud Bailly,R,180,BEL,19.932,341,146,6-4 6-2,3,F,115,0,1,65,43,28,11,9,3,5,1,1,68,34,23,10,9,3,8
2025-3473,Como,Clay,32,C,O,20250825,1,B0U4,1,,Nicolai Budkov Kjaer,R,191,NOR,18.982,158,355,SK94,,,Cedrik-Marcel Stebe,L,180,GER,34.877,447,99,7-6(5) 6-4,3,R32,131,1,0,78,49,32,17,11,4,6,4,3,94,57,39,14,11,9,12
2025-3473,Como,Clay,32,C,O,20250825,2,MJ08,2,,Thiago Monteiro,L,183,BRA,31.236,169,320,RC04,,,Alexander Ritschard,R,193,SUI,31.422,284,186,4-2 RET,3,R32,31,1,0,17,13,6,4,3,0,1,1,1,23,15,9,1,3,0,2
2025-3473,Como,Clay,32,C,O,20250825,3,C0OW,,,Lorenzo Carboni,R,168,ITA,19.491,564,66,S0GR,3,,Timofey Skatov,R,173,KAZ,24.591,192,282,0-6 6-1 6-0,3,R32,101,3,1,60,37,26,10,10,3,6,2,1,51,33,16,9,9,2,7
2025-3473,Como,Clay,32,C,O,20250825,4,B0GR,4,,Gonzalo Bueno,R,173,PER,21.394,205,263,D0CG,,,Facundo Diaz Acosta,L,183,ARG,24.693,256,214,3-6 6-3 6-4,3,R32,150,1,2,81,62,36,9,14,4,8,4,4,95,62,40,13,14,8,13
2025-3473,Como,Clay,32,C,O,20250825,5,C0LK,,,Carlo Alberto Caniato,R,188,ITA,19.817,492,84,RH59,5,,Santiago Rodriguez Taverna,R,191,ARG,26.111,207,260,4-6 6-3 6-1,3,R32,115,8,3,85,48,36,21,13,4,5,7,0,75,52,32,12,13,3,7
2025-3473,Como,Clay,32,C,O,20250825,6,TA12,6,,Stefano Travaglia,R,185,ITA,33.659,208,259,P0JG,,,Gabriele Pennaforti,R,191,ITA,24.945,472,90,6-4 6-2,3,R32,81,4,0,49,29,21,11,9,3,5,2,4,54,37,20,8,9,3,8
2025-3473,Como,Clay,32,C,O,20250825,7,G0DH,7,,Alvaro Guillen Meza,R,175,ECU,22.645,243,227,A0BA,,,Federico Arnaboldi,R,185,ITA,25.185,369,135,6-4 6-2,3,R32,106,3,4,60,35,27,12,9,2,3,2,6,73,41,26,12,9,8,12
2025-3473,Como,Clay,32,C,O,20250825,8,A0CJ,,,Duje Ajdukovic,R,188,CRO,24.55,258,211,GE28,8,,Ivan Gakhov,L,191,RUS,28.805,273,198,6-1 7-6(5),3,R32,82,9,0,65,48,38,8,10,1,2,3,3,71,42,29,10,9,4,7
2025-3473,Como,Clay,32,C,O,20250825,9,BU10,,,Jacopo Berrettini,R,191,ITA,26.743,371,133,A0IK,,,Luciano Emanuel Ambrogi,R,188,ARG,21.766,413,116,2-6 6-2 6-3,3,R32,131,2,2,83,50,33,17,12,1,3,5,1,89,54,37,14,13,10,14
2025-3473,Como,Clay,32,C,O,20250825,10,BV24,,,Raul Brancaccio,R,183,ITA,28.309,377,132,F0F4,,,Kilian Feldbausch,R,191,SUI,19.964,398,124,6-2 7-5,3,R32,108,4,2,80,54,34,11,10,8,11,2,8,74,45,24,10,10,5,11
2025-3473,Como,Clay,32,C,O,20250825,11,FC49,,,Giovanni Fonio,R,183,ITA,27.302,407,119,B0PE,,,Federico Bondioli,L,185,ITA,20.277,416,115,6-2 3-6 6-3,3,R32,118,5,1,84,53,40,14,13,6,8,3,2,85,49,33,15,13,8,12
2025-3473,Como,Clay,32,C,O,20250825,12,MF35,,,Andrej Martin,R,183,SVK,35.929,354,139,J09X,,,Filip Cristian Jianu,R,180,ROU,23.934,267,201,6-4 6-3,3,R32,86,6,2,60,34,29,13,9,3,3,1,1,66,46,30,8,10,1,4
2025-3473,Como,Clay,32,C,O,20250825,13,M0N1,,,Luka Mikrut,R,188,CRO,21.358,340,146,M0NL,,,Inaki Montes-De La Torre,R,178,ESP,22.894,356,138,6-0 4-6 6-3,3,R32,106,8,2,75,44,33,18,13,6,8,4,3,64,36,26,12,12,1,6
2025-3473,Como,Clay,32,C,O,20250825,14,PL64,,,Oleg Prihodko,R,180,UKR,27.893,309,163,B0C0,,,Gabi Adrian Boitan,R,185,ROU,26.125,358,138,6-4 6-2,3,R32,85,6,1,60,48,36,8,9,4,4,0,8,62,44,27,8,9,4,7
2025-3473,Como,Clay,32,C,O,20250825,15,S0AK,,,Henri Squire,R,196,GER,24.909,391,127,C0BB,,,Tommaso Compagnucci,R,173,ITA,25.804,465,92,7-6(5) 6-2,3,R32,96,2,6,68,47,32,7,10,3,6,5,0,67,41,26,10,10,3,8
2025-3473,Como,Clay,32,C,O,20250825,16,T0DM,,,Juan Bautista Torres,R,178,ARG,23.398,437,104,M0EA,,,Pol Martin Tiffon,R,183,ESP,26.073,253,219,4-6 6-3 6-3,3,R32,142,0,0,98,76,49,10,14,2,5,1,4,88,53,30,21,14,6,11
2025-3473,Como,Clay,32,C,O,20250825,17,B0U4,1,,Nicolai Budkov Kjaer,R,191,NOR,18.982,158,355,FC49,,,Giovanni Fonio,R,183,ITA,27.302,407,119,6-4 7-6(8),3,R16,92,7,6,74,53,45,8,11,5,6,4,3,80,49,37,13,11,4,6
2025-3473,Como,Clay,32,C,O,20250825,18,MJ08,2,,Thiago Monteiro,L,183,BRA,31.236,169,320,MF35,,,Andrej Martin,R,183,SVK,35.929,354,139,6-3 6-4,3,R16,84,6,1,54,37,28,9,10,1,3,3,2,52,35,23,6,9,3,7
2025-3473,Como,Clay,32,C,O,20250825,19,S0AK,,,Henri Squire,R,196,GER,24.909,391,127,B0GR,4,,Gonzalo Bueno,R,173,PER,21.394,205,263,6-3 6-4,3,R16,65,8,1,62,46,33,11,10,2,2,4,4,57,42,31,3,9,4,6
2025-3473,Como,Clay,32,C,O,20250825,20,T0DM,,,Juan Bautista Torres,R,178,ARG,23.398,437,104,TA12,6,,Stefano Travaglia,R,185,ITA,33.659,208,259,1-6 7-5 3-0 RET,3,R16,129,1,2,63,50,30,4,11,7,12,2,0,84,52,29,14,11,7,12
2025-3473,Como,Clay,32,C,O,20250825,21,BV24,,,Raul Brancaccio,R,183,ITA,28.309,377,132,G0DH,7,,Alvaro Guillen Meza,R,175,ECU,22.645,243,227,6-2 6-3,3,R16,67,4,3,58,39,27,12,9,4,5,1,2,46,28,16,7,8,2,6
2025-3473,Como,Clay,32,C,O,20250825,22,A0CJ,,,Duje Ajdukovic,R,188,CRO,24.55,258,211,PL64,,,Oleg Prihodko,R,180,UKR,27.893,309,163,7-6(4) 6-3,3,R16,87,4,0,65,41,27,12,11,4,7,3,0,67,44,23,14,10,4,8
2025-3473,Como,Clay,32,C,O,20250825,23,BU10,,,Jacopo Berrettini,R,191,ITA,26.743,371,133,C0OW,,,Lorenzo Carboni,R,168,ITA,19.491,564,66,6-4 6-4,3,R16,96,2,1,64,35,25,15,10,3,5,3,1,70,45,24,15,10,5,9
2025-3473,Como,Clay,32,C,O,20250825,24,M0N1,,,Luka Mikrut,R,188,CRO,21.358,340,146,C0LK,,,Carlo Alberto Caniato,R,188,ITA,19.817,492,84,1-6 6-3 6-2,3,R16,97,6,5,80,42,35,16,12,6,8,6,4,63,47,36,4,12,0,3
2025-3473,Como,Clay,32,C,O,20250825,25,B0U4,1,,Nicolai Budkov Kjaer,R,191,NOR,18.982,158,355,BV24,,,Raul Brancaccio,R,183,ITA,28.309,377,132,7-5 6-2,3,QF,75,0,0,52,29,19,17,10,2,4,0,5,61,34,20,10,10,3,8
2025-3473,Como,Clay,32,C,O,20250825,26,A0CJ,,,Duje Ajdukovic,R,188,CRO,24.55,258,211,MJ08,2,,Thiago Monteiro,L,183,BRA,31.236,169,320,6-3 4-6 6-4,3,QF,121,6,3,84,48,40,21,15,3,4,5,1,77,43,34,20,14,1,3
2025-3473,Como,Clay,32,C,O,20250825,27,M0N1,,,Luka Mikrut,R,188,CRO,21.358,340,146,S0AK,,,Henri Squire,R,196,GER,24.909,391,127,6-3 6-4,3,QF,72,7,3,59,42,34,10,10,5,5,6,3,60,38,25,10,9,1,3
2025-3473,Como,Clay,32,C,O,20250825,28,T0DM,,,Juan Bautista Torres,R,178,ARG,23.398,437,104,BU10,,,Jacopo Berrettini,R,191,ITA,26.743,371,133,3-6 6-2 7-6(7),3,QF,176,4,4,118,81,51,15,14,10,15,6,2,106,58,35,21,15,3,9
2025-3473,Como,Clay,32,C,O,20250825,29,M0N1,,,Luka Mikrut,R,188,CRO,21.358,340,146,B0U4,1,,Nicolai Budkov Kjaer,R,191,NOR,18.982,158,355,4-6 6-1 6-4,3,SF,133,1,1,92,48,25,25,14,5,11,2,5,81,58,31,6,13,10,18
2025-3473,Como,Clay,32,C,O,20250825,30,A0CJ,,,Duje Ajdukovic,R,188,CRO,24.55,258,211,T0DM,,,Juan Bautista Torres,R,178,ARG,23.398,437,104,7-6(2) 6-4,3,SF,124,6,2,85,44,33,17,11,9,12,1,1,97,59,36,16,11,13,17
2025-3473,Como,Clay,32,C,O,20250825,31,M0N1,,,Luka Mikrut,R,188,CRO,21.358,340,146,A0CJ,,,Duje Ajdukovic,R,188,CRO,24.55,258,211,6-3 7-5,3,F,94,6,0,68,43,36,11,11,3,3,3,2,69,42,29,14,10,6,8
2025-7783,Zhangjiagang,Hard,32,C,O,20250825,1,S0TI,,,Philip Sekulic,R,191,AUS,21.971,491,84,TA46,1,,Bernard Tomic,R,196,AUS,32.843,168,322,6-1 1-6 7-6(6),3,R32,140,11,7,100,61,40,17,13,3,7,8,7,94,52,36,18,13,5,9
2025-7783,Zhangjiagang,Hard,32,C,O,20250825,2,N09U,2,,Rio Noguchi,R,168,JPN,26.658,219,252,X01A,,,Linang Xiao,R,173,CHN,25.437,642,51,7-6(6) 6-1,3,R32,107,6,2,88,52,33,19,10,4,6,1,5,56,29,23,9,9,3,7
2025-7783,Zhangjiagang,Hard,32,C,O,20250825,3,SY67,3,,Sho Shimabukuro,R,180,JPN,28.071,198,273,W0ED,,,James Watt,R,206,NZL,25.21,584,62,6-4 3-6 6-2,3,R32,115,7,9,68,28,24,24,13,2,4,15,6,100,63,43,15,14,6,10
2025-7783,Zhangjiagang,Hard,32,C,O,20250825,4,SX90,4,,Fajing Sun,R,178,CHN,28.893,238,234,M0BW,,,Ye Cong Mo,R,183,CHN,25.164,718,40,3-6 6-3 6-4,3,R32,138,9,8,75,36,33,22,14,0,1,4,6,97,50,38,21,14,2,4
2025-7783,Zhangjiagang,Hard,32,C,O,20250825,5,U134,5,,Yasutaka Uchiyama,R,183,JPN,33.054,225,247,K0EZ,,,Yuta Kikuchi,R,173,JPN,25.911,636,52,6-2 5-7 6-1,3,R32,132,11,3,82,44,35,18,13,2,4,2,7,101,56,36,18,14,7,13
2025-7783,Zhangjiagang,Hard,32,C,O,20250825,6,C0AK,6,,Oliver Crawford,R,180,GBR,26.322,230,241,I426,,,Masamichi Imamura,R,178,JPN,26.754,421,112,6-3 6-2,3,R32,93,5,2,59,34,28,14,9,3,3,3,3,51,31,21,8,8,4,7
2025-7783,Zhangjiagang,Hard,32,C,O,20250825,7,S0O6,7,,Ilia Simakin,R,193,RUS,21.829,236,235,W857,,,Tung-Lin Wu,R,188,TPE,27.288,275,195,6-4 7-6(1),3,R32,102,11,3,70,47,41,10,11,6,6,6,3,74,51,36,10,11,2,3
2025-7783,Zhangjiagang,Hard,32,C,O,20250825,8,C0AJ,,,Jie Cui,R,183,CHN,27.584,289,179,G0IX,8,,Arthur Gea,R,180,FRA,20.643,247,223,5-7 7-6(4) 6-0,3,R32,169,6,6,96,60,44,17,15,3,6,14,8,99,51,35,21,15,5,10
2025-7783,Zhangjiagang,Hard,32,C,O,20250825,9,C09Y,,,Joshua Charlton,L,191,AUS,26.075,918,20,TG30,,,Rigele Te,R,188,CHN,27.877,549,69,6-4 6-7(7) 6-4,3,R32,162,16,1,112,78,62,16,16,8,9,14,1,103,61,47,24,16,5,8
2025-7783,Zhangjiagang,Hard,32,C,O,20250825,10,H0B5,,,Tsung-Hao Huang,R,173,TPE,25.758,550,69,U174,,,Kaito Uesugi,R,180,JPN,30.231,961,16,6-1 6-7(4) 3-2 RET,3,R32,105,1,3,96,57,37,24,11,9,10,2,3,83,48,29,21,13,4,9
2025-7783,Zhangjiagang,Hard,32,C,O,20250825,11,I0AX,,,Kokoro Isomura,R,175,JPN,22.59,480,88,F0A3,,,Sergey Fomin,R,180,UZB,24.561,483,87,6-3 6-2,3,R32,71,8,6,58,33,28,13,9,4,4,6,3,46,24,19,8,8,2,5
2025-7783,Zhangjiagang,Hard,32,C,O,20250825,12,MI01,,,Hiroki Moriya,R,168,JPN,34.858,372,133,Y171,,,Denis Yevseyev,R,188,KAZ,32.26,317,160,6-2 4-6 6-4,3,R32,122,1,4,85,49,31,20,14,4,8,12,1,90,45,28,19,14,5,11
2025-7783,Zhangjiagang,Hard,32,C,O,20250825,13,PF65,,,Filip Peliwo,R,180,POL,31.567,535,73,B0LQ,,,Petr Bar Biryukov,L,196,RUS,23.488,322,157,6-1 6-2,3,R32,58,1,0,48,32,20,10,8,3,5,4,4,47,25,12,7,7,5,11
2025-7783,Zhangjiagang,Hard,32,C,O,20250825,14,S09P,,,Sanhui Shin,R,178,KOR,28.438,406,119,S0IN,,,Woobin Shin,R,185,KOR,21.596,475,89,7-5 7-6(4),3,R32,142,1,2,84,44,30,22,12,7,11,9,5,80,43,28,16,12,6,11
2025-7783,Zhangjiagang,Hard,32,C,O,20250825,15,TD55,,,Renta Tokuda,R,178,JPN,27.409,458,95,B0GI,,,Alexandr Binda,R,180,ITA,23.923,378,132,5-7 6-3 6-3,3,R32,129,2,3,97,63,41,20,15,5,8,9,8,90,49,33,17,15,4,9
2025-7783,Zhangjiagang,Hard,32,C,O,20250825,16,U120,,,Kaichi Uchida,R,180,JPN,31.006,579,63,CH80,,,Luca Castelnuovo,L,188,SUI,28.569,486,86,7-6(4) 6-3,3,R32,112,6,7,80,47,41,16,11,8,8,9,2,66,32,26,18,10,3,4
2025-7783,Zhangjiagang,Hard,32,C,O,20250825,17,U120,,,Kaichi Uchida,R,180,JPN,31.006,579,63,N09U,2,,Rio Noguchi,R,168,JPN,26.658,219,252,6-1 7-6(4),3,R16,89,10,1,57,28,25,20,10,0,0,3,0,61,34,25,13,9,3,5
2025-7783,Zhangjiagang,Hard,32,C,O,20250825,18,SY67,3,,Sho Shimabukuro,R,180,JPN,28.071,198,273,PF65,,,Filip Peliwo,R,180,POL,31.567,535,73,6-3 6-4,3,R16,75,6,3,56,27,25,16,10,3,4,1,3,60,39,25,8,9,5,8
2025-7783,Zhangjiagang,Hard,32,C,O,20250825,19,S09P,,,Sanhui Shin,R,178,KOR,28.438,406,119,SX90,4,,Fajing Sun,R,178,CHN,28.893,238,234,6-3 6-1,3,R16,105,2,2,59,37,26,10,8,4,5,3,6,67,26,16,14,8,6,11
2025-7783,Zhangjiagang,Hard,32,C,O,20250825,20,U134,5,,Yasutaka Uchiyama,R,183,JPN,33.054,225,247,H0B5,,,Tsung-Hao Huang,R,173,TPE,25.758,550,69,6-2 6-4,3,R16,75,3,0,44,31,26,10,9,0,0,1,0,73,45,30,11,9,7,10
2025-7783,Zhangjiagang,Hard,32,C,O,20250825,21,C0AK,6,,Oliver Crawford,R,180,GBR,26.322,230,241,MI01,,,Hiroki Moriya,R,168,JPN,34.858,372,133,6-3 4-6 6-4,3,R16,169,8,2,111,66,39,22,15,7,13,5,6,83,44,30,12,14,3,10
2025-7783,Zhangjiagang,Hard,32,C,O,20250825,22,S0O6,7,,Ilia Simakin,R,193,RUS,21.829,236,235,C09Y,,,Joshua Charlton,L,191,AUS,26.075,918,20,6-4 6-4,3,R16,70,8,3,51,32,27,13,10,0,0,7,2,60,46,31,7,10,1,3
2025-7783,Zhangjiagang,Hard,32,C,O,20250825,23,I0AX,,,Kokoro Isomura,R,175,JPN,22.59,480,88,C0AJ,,,Jie Cui,R,183,CHN,27.584,289,179,3-6 6-2 7-6(9),3,R16,189,9,9,108,63,45,19,15,7,11,13,4,98,54,36,23,14,1,5
2025-7783,Zhangjiagang,Hard,32,C,O,20250825,24,TD55,,,Renta Tokuda,R,178,JPN,27.409,458,95,S0TI,,,Philip Sekulic,R,191,AUS,21.971,491,84,6-4 6-4,3,R16,90,4,3,61,44,30,9,10,2,4,1,6,56,31,23,8,10,5,9
2025-7783,Zhangjiagang,Hard,32,C,O,20250825,25,SY67,3,,Sho Shimabukuro,R,180,JPN,28.071,198,273,S0O6,7,,Ilia Simakin,R,193,RUS,21.829,236,235,6-4 6-3,3,QF,75,7,3,59,38,28,13,10,3,4,6,4,51,26,17,13,9,3,6
2025-7783,Zhangjiagang,Hard,32,C,O,20250825,26,U134,5,,Yasutaka Uchiyama,R,183,JPN,33.054,225,247,U120,,,Kaichi Uchida,R,180,JPN,31.006,579,63,6-3 6-4,3,QF,87,14,1,60,37,30,14,10,3,3,1,8,63,31,23,14,9,6,8
2025-7783,Zhangjiagang,Hard,32,C,O,20250825,27,C0AK,6,,Oliver Crawford,R,180,GBR,26.322,230,241,TD55,,,Renta Tokuda,R,178,JPN,27.409,458,95,7-6(1) 3-6 6-2,3,QF,153,5,3,102,64,45,18,14,5,9,7,1,91,63,38,13,15,4,9
2025-7783,Zhangjiagang,Hard,32,C,O,20250825,28,I0AX,,,Kokoro Isomura,R,175,JPN,22.59,480,88,S09P,,,Sanhui Shin,R,178,KOR,28.438,406,119,2-6 6-2 6-4,3,QF,142,3,4,78,49,36,14,13,3,6,9,1,92,61,39,15,13,5,9
2025-7783,Zhangjiagang,Hard,32,C,O,20250825,29,SY67,3,,Sho Shimabukuro,R,180,JPN,28.071,198,273,U134,5,,Yasutaka Uchiyama,R,183,JPN,33.054,225,247,6-3 7-6(5),3,SF,95,6,3,66,35,27,22,11,3,3,5,3,67,39,33,11,10,2,3
2025-7783,Zhangjiagang,Hard,32,C,O,20250825,30,C0AK,6,,Oliver Crawford,R,180,GBR,26.322,230,241,I0AX,,,Kokoro Isomura,R,175,JPN,22.59,480,88,7-6(1) 6-0,3,SF,107,5,3,57,36,28,13,9,0,0,6,1,75,41,28,13,9,9,12
2025-7783,Zhangjiagang,Hard,32,C,O,20250825,31,SY67,3,,Sho Shimabukuro,R,180,JPN,28.071,198,273,C0AK,6,,Oliver Crawford,R,180,GBR,26.322,230,241,6-3 3-6 7-5,3,F,136,8,7,79,39,35,24,15,3,4,8,8,103,62,41,27,15,8,10
2025-7973,Manacor,Hard,32,C,O,20250826,1,S0EX,,,Hamish Stewart,R,193,GBR,26.075,442,101,V0AM,1,,Otto Virtanen,R,193,FIN,24.181,123,515,6-3 6-3,3,R32,65,4,3,53,37,25,11,9,2,3,1,4,50,29,16,11,9,1,5
2025-7973,Manacor,Hard,32,C,O,20250826,2,VA25,,,Valentin Vacherot,R,193,MON,26.776,216,253,L0IL,2,,Martin Landaluce,R,193,ESP,19.63,138,468,6-1 7-6(5),3,R32,102,5,3,62,31,25,22,10,6,6,6,8,74,43,33,12,9,6,8
2025-7973,Manacor,Hard,32,C,O,20250826,3,M0G4,3,,Harold Mayot,R,180,FRA,23.556,152,379,L0CF,,,George Loffhagen,R,188,GBR,24.353,245,224,6-3 7-5,3,R32,107,5,2,71,42,27,14,11,6,9,4,3,68,42,21,16,10,5,10
2025-7973,Manacor,Hard,32,C,O,20250826,4,R09X,4,,Jurij Rodionov,L,191,AUT,26.281,154,372,MW76,,,Matteo Martineau,R,183,FRA,26.609,271,199,6-4 4-6 6-2,3,R32,134,6,4,90,52,34,21,14,7,10,10,7,88,53,36,15,14,5,10
2025-7973,Manacor,Hard,32,C,O,20250826,5,T133,,,Miguel Tobon,R,185,COL,57.177,732,15,HB48,5,,Calvin Hemery,R,191,FRA,30.576,185,293,6-3 4-1 RET,3,R32,70,4,2,39,25,21,10,7,1,1,2,3,54,29,19,8,7,4,7
2025-7973,Manacor,Hard,32,C,O,20250826,6,P0D0,,,Jakub Paul,R,180,SUI,26.431,288,182,HG94,6,,Benjamin Hassan,R,183,LBN,30.557,200,270,6-3 7-6(5),3,R32,95,0,3,78,51,33,11,10,7,11,2,4,64,25,15,20,11,5,11
2025-7973,Manacor,Hard,32,C,O,20250826,7,G0GW,7,,Sascha Gueymard Wayenburg,R,191,FRA,22.07,206,262,PH78,,,Ryan Peniston,L,180,GBR,29.793,240,232,6-4 6-3,3,R32,109,6,4,60,36,25,14,10,3,5,2,5,74,42,24,14,9,7,11
2025-7973,Manacor,Hard,32,C,O,20250826,8,BU36,,,Alberto Barroso Campos,R,178,ESP,29.227,669,49,GB93,,,Norbert Gombos,R,193,SVK,35.036,261,209,7-5 4-6 6-2,3,R32,152,5,5,102,63,43,22,15,7,10,4,4,84,51,35,16,15,1,6
2025-7973,Manacor,Hard,32,C,O,20250826,9,B0MM,,,Edas Butvilas,R,191,LTU,21.092,249,222,GG65,,,Michael Geerts,R,178,BEL,30.606,311,163,6-3 6-2,3,R32,77,3,2,57,38,27,11,9,1,2,1,3,47,25,13,12,8,5,9
2025-7973,Manacor,Hard,32,C,O,20250826,10,C0HB,,,Eliakim Coulibaly,L,180,CIV,23.31,301,168,G09C,,,Marek Gengel,R,185,CZE,29.941,251,220,2-6 7-6(4) 6-0,3,R32,128,8,5,84,48,35,15,13,7,11,1,6,79,42,30,17,13,2,7
2025-7973,Manacor,Hard,32,C,O,20250826,11,E0DD,,,Justin Engel,R,185,GER,17.903,220,251,I0BF,,,Ivan Ivanov,R,,BUL,16.821,926,19,7-6(6) 7-5,3,R32,122,7,6,88,49,32,19,12,8,11,2,3,81,44,29,16,12,8,12
2025-7973,Manacor,Hard,32,C,O,20250826,12,H0JL,,,Jay Friend,R,185,JPN,21.678,874,24,C0NB,,,Federico Cina,R,185,ITA,18.409,210,257,6-0 6-0,3,R32,55,3,0,34,23,18,7,6,0,0,1,4,50,31,13,6,6,1,7
2025-7973,Manacor,Hard,32,C,O,20250826,13,MN20,,,Daniel Masur,R,183,GER,30.804,525,75,P0EA,,,Saba Purtseladze,R,191,GEO,24.016,265,203,6-4 6-4,3,R32,85,6,2,62,41,31,12,10,3,4,4,1,62,35,22,16,10,4,7
2025-7973,Manacor,Hard,32,C,O,20250826,14,P0BK,,,Stuart Parker,R,185,GBR,28.074,445,100,E0AU,,,John Echeverria,R,180,ESP,23.737,641,51,6-7(3) 6-0 6-0,3,R32,166,10,7,91,48,33,23,12,3,5,2,6,86,37,22,17,12,4,12
2025-7973,Manacor,Hard,32,C,O,20250826,15,R0FP,,,Daniel Rincon,L,185,ESP,22.634,287,184,S0NV,,,Abdullah Shelbayh,L,180,JOR,21.777,351,141,6-4 3-6 7-6(1),3,R32,141,7,3,92,59,40,15,16,0,6,1,8,87,53,37,14,15,5,10
2025-7973,Manacor,Hard,32,C,O,20250826,16,S0BT,,,Adria Soriano Barrera,R,191,COL,26.234,299,170,HH06,,,Marc-Andrea Huesler,L,196,SUI,29.172,227,244,7-6(3) 6-7(6) 3-2 RET,3,R32,153,7,5,101,64,48,20,15,3,4,6,3,87,44,35,26,14,3,4
2025-7973,Manacor,Hard,32,C,O,20250826,17,M0G4,3,,Harold Mayot,R,180,FRA,23.556,152,379,S0BT,,,Adria Soriano Barrera,R,191,COL,26.234,299,170,6-4 6-4,3,R16,84,5,2,66,44,33,14,10,6,6,6,2,65,37,26,15,10,5,7
2025-7973,Manacor,Hard,32,C,O,20250826,18,R09X,4,,Jurij Rodionov,L,191,AUT,26.281,154,372,E0DD,,,Justin Engel,R,185,GER,17.903,220,251,6-4 7-5,3,R16,102,10,1,69,45,38,11,11,4,4,6,4,81,46,35,12,11,7,9
2025-7973,Manacor,Hard,32,C,O,20250826,19,B0MM,,,Edas Butvilas,R,191,LTU,21.092,249,222,G0GW,7,,Sascha Gueymard Wayenburg,R,191,FRA,22.07,206,262,7-6(2) 7-6(5),3,R16,107,7,2,86,64,49,10,12,4,5,2,0,77,45,33,17,12,1,2
2025-7973,Manacor,Hard,32,C,O,20250826,20,H0JL,,,Jay Friend,R,185,JPN,21.678,874,24,VA25,,,Valentin Vacherot,R,193,MON,26.776,216,253,6-7(4) 6-3 6-4,3,R16,136,5,4,88,56,42,19,16,2,5,9,7,104,66,48,17,15,7,12
2025-7973,Manacor,Hard,32,C,O,20250826,21,MN20,,,Daniel Masur,R,183,GER,30.804,525,75,BU36,,,Alberto Barroso Campos,R,178,ESP,29.227,669,49,7-5 6-2,3,R16,85,8,1,54,33,24,12,10,0,2,4,4,58,30,18,10,10,4,9
2025-7973,Manacor,Hard,32,C,O,20250826,22,P0BK,,,Stuart Parker,R,185,GBR,28.074,445,100,P0D0,,,Jakub Paul,R,180,SUI,26.431,288,182,6-3 6-2,3,R16,71,4,3,53,31,22,10,8,6,8,0,1,56,34,13,12,9,3,9
2025-7973,Manacor,Hard,32,C,O,20250826,23,R0FP,,,Daniel Rincon,L,185,ESP,22.634,287,184,S0EX,,,Hamish Stewart,R,193,GBR,26.075,442,101,2-6 6-3 7-5,3,R16,135,2,4,81,45,32,20,15,4,8,3,4,93,56,37,19,14,6,10
2025-7973,Manacor,Hard,32,C,O,20250826,24,T133,,,Miguel Tobon,R,185,COL,57.177,732,15,C0HB,,,Eliakim Coulibaly,L,180,CIV,23.31,301,168,7-6(2) 7-6(4),3,R16,116,7,7,93,67,50,9,12,6,9,2,4,98,58,42,17,12,10,13
2025-7973,Manacor,Hard,32,C,O,20250826,25,M0G4,3,,Harold Mayot,R,180,FRA,23.556,152,379,P0BK,,,Stuart Parker,R,185,GBR,28.074,445,100,7-5 6-7(8) 3-0 RET,3,QF,147,3,5,93,61,38,15,13,4,7,7,1,110,66,37,21,14,5,11
2025-7973,Manacor,Hard,32,C,O,20250826,26,R09X,4,,Jurij Rodionov,L,191,AUT,26.281,154,372,MN20,,,Daniel Masur,R,183,GER,30.804,525,75,6-7(1) 7-6(2) 7-6(6),3,QF,185,13,3,160,98,59,35,18,12,17,10,5,104,65,50,20,18,1,6
2025-7973,Manacor,Hard,32,C,O,20250826,27,B0MM,,,Edas Butvilas,R,191,LTU,21.092,249,222,H0JL,,,Jay Friend,R,185,JPN,21.678,874,24,6-2 6-4,3,QF,75,3,3,51,29,23,13,9,2,3,1,8,68,44,24,14,9,7,11
2025-7973,Manacor,Hard,32,C,O,20250826,28,R0FP,,,Daniel Rincon,L,185,ESP,22.634,287,184,T133,,,Miguel Tobon,R,185,COL,57.177,732,15,3-6 6-1 6-0,3,QF,98,8,2,63,34,29,15,11,2,3,2,3,67,39,21,14,11,5,10
2025-7973,Manacor,Hard,32,C,O,20250826,29,R0FP,,,Daniel Rincon,L,185,ESP,22.634,287,184,M0G4,3,,Harold Mayot,R,180,FRA,23.556,152,379,6-7(2) 7-5 4-1 RET,3,SF,133,3,1,83,52,38,16,14,1,3,0,1,99,63,39,20,15,2,7
2025-7973,Manacor,Hard,32,C,O,20250826,30,R09X,4,,Jurij Rodionov,L,191,AUT,26.281,154,372,B0MM,,,Edas Butvilas,R,191,LTU,21.092,249,222,5-7 6-2 6-1,3,SF,138,6,5,98,56,41,19,14,14,17,4,3,97,50,32,19,13,5,11
2025-7973,Manacor,Hard,32,C,O,20250826,31,R0FP,,,Daniel Rincon,L,185,ESP,22.634,287,184,R09X,4,,Jurij Rodionov,L,191,AUT,26.281,154,372,7-6(3) 6-2,3,F,103,7,0,63,34,29,15,10,4,5,3,2,74,46,27,14,10,3,6
2025-1763,Genoa,Clay,32,C,O,20250901,1,D0FJ,,,Luciano Darderi,R,183,ITA,23.546,34,1379,A0BA,,,Federico Arnaboldi,R,185,ITA,25.205,369,135,6-2 6-4,3,R32,111,4,1,64,24,17,23,9,5,6,5,8,87,47,30,15,9,11,15
2025-1763,Genoa,Clay,32,C,O,20250901,2,P0DR,,,Andrea Picchione,R,183,ITA,27.236,366,136,MO44,2,,Pedro Martinez,R,185,ESP,28.35,66,913,6-1 6-4,3,R32,104,4,7,73,42,30,12,9,3,5,0,5,56,32,16,9,8,5,10
2025-1763,Genoa,Clay,32,C,O,20250901,3,T0A1,5,,Thiago Agustin Tirante,R,185,ARG,24.394,115,542,H09N,,,August Holmgren,R,188,DEN,27.362,172,315,7-6(5) 7-6(3),3,R32,137,3,3,86,57,46,19,12,6,6,7,5,90,65,49,14,12,3,3
2025-1763,Genoa,Clay,32,C,O,20250901,4,MJ08,,,Thiago Monteiro,L,183,BRA,31.255,169,320,P0CT,6,,Francesco Passaro,R,180,ITA,24.649,120,524,7-6(3) 6-3,3,R32,96,5,0,65,37,31,21,11,3,3,4,6,64,40,31,12,10,3,4
2025-1763,Genoa,Clay,32,C,O,20250901,5,C0LK,,,Carlo Alberto Caniato,R,188,ITA,19.836,492,84,H996,7,,Pierre-Hugues Herbert,R,188,FRA,34.459,139,461,7-6(2) 7-5,3,R32,109,4,5,72,40,31,20,12,2,3,10,7,80,43,33,15,12,2,4
2025-1763,Genoa,Clay,32,C,O,20250901,6,PH64,8,,Andrea Pellegrino,R,185,ITA,28.444,141,452,BU70,,,Remy Bertola,R,175,SUI,27.003,350,141,6-4 7-6(4),3,R32,119,4,2,72,39,26,17,11,4,7,4,8,81,48,30,13,11,5,9
2025-1763,Genoa,Clay,32,C,O,20250901,7,B0PE,,,Federico Bondioli,L,185,ITA,20.296,416,115,M0E1,,,Daniel Michalski,R,180,POL,25.64,277,192,6-4 6-3,3,R32,92,4,4,52,26,21,12,9,5,7,2,3,61,25,18,12,10,0,5
2025-1763,Genoa,Clay,32,C,O,20250901,8,C0NN,,,Gianluca Cadenasso,R,175,ITA,20.923,531,73,B0U4,,,Nicolai Budkov Kjaer,R,191,NOR,19.001,158,355,6-4 6-4,3,R32,86,0,2,64,40,27,17,10,2,3,1,2,64,49,32,5,10,7,10
2025-1763,Genoa,Clay,32,C,O,20250901,9,DG80,,,Enrico Dalla Valle,R,196,ITA,27.45,432,106,BU54,,,Geoffrey Blancaneaux,R,180,FRA,27.066,276,194,4-6 6-4 6-3,3,R32,146,0,1,79,54,40,15,15,3,5,4,4,87,45,34,21,14,3,6
2025-1763,Genoa,Clay,32,C,O,20250901,10,F0F4,,,Kilian Feldbausch,R,191,SUI,19.984,398,124,C0OW,,,Lorenzo Carboni,R,168,ITA,19.51,564,66,6-3 6-0,3,R32,87,2,1,43,35,24,6,7,3,3,0,2,70,43,20,13,8,8,13
2025-1763,Genoa,Clay,32,C,O,20250901,11,F0A4,,,Francesco Forti,R,188,ITA,26.103,767,34,C0BB,,,Tommaso Compagnucci,R,173,ITA,25.823,465,92,6-3 6-0,3,R32,58,3,0,41,22,19,13,8,0,0,1,3,35,14,8,8,7,1,5
2025-1763,Genoa,Clay,32,C,O,20250901,12,G0IB,,,Tom Gentzsch,R,191,GER,21.99,370,135,P0JG,,,Gabriele Pennaforti,R,191,ITA,24.964,472,90,6-3 6-3,3,R32,99,4,0,64,42,31,10,9,3,4,3,3,56,38,23,7,9,4,8
2025-1763,Genoa,Clay,32,C,O,20250901,13,G0DH,,,Alvaro Guillen Meza,R,175,ECU,22.664,243,227,FC49,,,Giovanni Fonio,R,183,ITA,27.321,407,119,6-3 3-6 6-4,3,R32,122,3,7,85,48,34,20,14,3,6,4,5,81,47,33,16,14,0,4
2025-1763,Genoa,Clay,32,C,O,20250901,14,PG20,,,Dmitry Popko,R,191,KAZ,28.854,237,235,CF01,,,Marco Cecchinato,R,185,ITA,32.92,279,190,6-4 6-2,3,R32,81,2,2,50,37,31,8,9,3,3,2,7,66,42,27,9,9,6,9
2025-1763,Genoa,Clay,32,C,O,20250901,15,S0GZ,,,Nikolas Sanchez Izquierdo,R,185,ESP,26.467,291,177,D0L3,,,Matej Dodig,R,188,CRO,20.12,248,222,3-6 6-3 6-1,3,R32,126,3,4,64,43,29,11,12,3,7,8,6,85,51,27,13,13,9,16
2025-1763,Genoa,Clay,32,C,O,20250901,16,TA12,,,Stefano Travaglia,R,185,ITA,33.678,208,259,A0CJ,,,Duje Ajdukovic,R,188,CRO,24.569,258,211,6-3 6-4,3,R32,91,5,1,62,40,29,13,10,4,5,4,2,64,33,21,13,9,6,9
2025-1763,Genoa,Clay,32,C,O,20250901,17,D0FJ,,,Luciano Darderi,R,183,ITA,23.546,34,1379,PG20,,,Dmitry Popko,R,191,KAZ,28.854,237,235,6-3 6-3,3,R16,70,3,0,48,23,14,12,9,0,3,1,2,52,29,18,4,9,1,7
2025-1763,Genoa,Clay,32,C,O,20250901,18,F0F4,,,Kilian Feldbausch,R,191,SUI,19.984,398,124,T0A1,5,,Thiago Agustin Tirante,R,185,ARG,24.394,115,542,6-3 6-4,3,R16,108,0,2,58,36,23,13,10,4,7,0,7,69,41,21,11,9,8,13
2025-1763,Genoa,Clay,32,C,O,20250901,19,PH64,8,,Andrea Pellegrino,R,185,ITA,28.444,141,452,S0GZ,,,Nikolas Sanchez Izquierdo,R,185,ESP,26.467,291,177,6-3 6-0,3,R16,74,1,2,42,21,16,11,8,1,3,1,3,44,25,11,3,7,4,10
2025-1763,Genoa,Clay,32,C,O,20250901,20,B0PE,,,Federico Bondioli,L,185,ITA,20.296,416,115,C0LK,,,Carlo Alberto Caniato,R,188,ITA,19.836,492,84,6-7(5) 7-5 6-2,3,R16,163,7,7,93,52,45,26,16,1,1,9,6,124,73,50,28,16,11,14
2025-1763,Genoa,Clay,32,C,O,20250901,21,G0IB,,,Tom Gentzsch,R,191,GER,21.99,370,135,F0A4,,,Francesco Forti,R,188,ITA,26.103,767,34,7-5 6-4,3,R16,111,5,3,65,39,33,9,11,5,7,6,7,90,43,27,22,11,9,13
2025-1763,Genoa,Clay,32,C,O,20250901,22,MJ08,,,Thiago Monteiro,L,183,BRA,31.255,169,320,DG80,,,Enrico Dalla Valle,R,196,ITA,27.45,432,106,6-4 7-6(1),3,R16,103,3,2,61,35,30,13,11,0,2,5,2,62,31,20,17,11,1,4
2025-1763,Genoa,Clay,32,C,O,20250901,23,P0DR,,,Andrea Picchione,R,183,ITA,27.236,366,136,G0DH,,,Alvaro Guillen Meza,R,175,ECU,22.664,243,227,W/O,3,R16,,,,,,,,,,,,,,,,,,,
2025-1763,Genoa,Clay,32,C,O,20250901,24,TA12,,,Stefano Travaglia,R,185,ITA,33.678,208,259,C0NN,,,Gianluca Cadenasso,R,175,ITA,20.923,531,73,5-7 6-4 6-1,3,R16,147,2,3,81,46,35,19,14,5,8,0,7,111,57,28,32,15,6,12
2025-1763,Genoa,Clay,32,C,O,20250901,25,D0FJ,,,Luciano Darderi,R,183,ITA,23.546,34,1379,MJ08,,,Thiago Monteiro,L,183,BRA,31.255,169,320,7-5 6-2,3,QF,96,8,4,70,34,25,19,10,8,9,4,2,59,35,23,8,10,4,8
2025-1763,Genoa,Clay,32,C,O,20250901,26,PH64,8,,Andrea Pellegrino,R,185,ITA,28.444,141,452,P0DR,,,Andrea Picchione,R,183,ITA,27.236,366,136,6-3 6-2,3,QF,89,2,0,54,37,27,12,9,4,4,1,2,57,27,16,16,8,7,10
2025-1763,Genoa,Clay,32,C,O,20250901,27,G0IB,,,Tom Gentzsch,R,191,GER,21.99,370,135,F0F4,,,Kilian Feldbausch,R,191,SUI,19.984,398,124,6-4 7-6(5),3,QF,101,4,3,65,40,28,15,11,1,3,1,8,67,43,32,8,11,2,5
2025-1763,Genoa,Clay,32,C,O,20250901,28,TA12,,,Stefano Travaglia,R,185,ITA,33.678,208,259,B0PE,,,Federico Bondioli,L,185,ITA,20.296,416,115,6-4 6-3,3,QF,86,3,0,47,31,24,9,9,0,1,3,3,78,50,26,15,10,9,13
2025-1763,Genoa,Clay,32,C,O,20250901,29,D0FJ,,,Luciano Darderi,R,183,ITA,23.546,34,1379,G0IB,,,Tom Gentzsch,R,191,GER,21.99,370,135,3-6 7-6(5) 6-2,3,SF,135,3,5,102,54,36,28,14,5,8,5,3,93,60,39,20,15,2,6
2025-1763,Genoa,Clay,32,C,O,20250901,30,PH64,8,,Andrea Pellegrino,R,185,ITA,28.444,141,452,TA12,,,Stefano Travaglia,R,185,ITA,33.678,208,259,7-6(6) 3-6 6-4,3,SF,170,2,3,106,69,44,14,16,5,12,11,2,110,70,44,15,15,6,12
2025-1763,Genoa,Clay,32,C,O,20250901,31,D0FJ,,,Luciano Darderi,R,183,ITA,23.546,34,1379,PH64,8,,Andrea Pellegrino,R,185,ITA,28.444,141,452,6-1 6-3,3,F,67,5,2,45,29,25,7,8,1,2,1,4,55,24,13,12,8,7,12
2025-7083,Istanbul,Hard,32,C,O,20250901,1,KI63,1,,Lukas Klein,R,193,SVK,27.447,119,525,P0EA,,,Saba Purtseladze,R,191,GEO,24.033,265,203,6-4 6-3,3,R32,76,7,2,50,37,30,7,9,3,3,8,2,64,29,19,19,10,2,5
2025-7083,Istanbul,Hard,32,C,O,20250901,2,V0AM,2,,Otto Virtanen,R,193,FIN,24.197,123,515,K09F,,,Pavel Kotov,R,191,RUS,26.787,294,172,6-4 6-2,3,R32,67,8,5,58,30,27,14,9,2,2,3,1,43,28,20,6,9,3,6
2025-7083,Istanbul,Hard,32,C,O,20250901,3,L0IL,3,,Martin Landaluce,R,193,ESP,19.647,138,468,U176,,,Vadym Ursu,R,183,UKR,28.665,493,84,6-3 6-0,3,R32,76,6,0,48,36,24,8,8,2,3,2,3,59,30,15,11,7,6,11
2025-7083,Istanbul,Hard,32,C,O,20250901,4,S0NV,,,Abdullah Shelbayh,L,180,JOR,21.793,351,141,EA13,5,,Moez Echargui,R,178,TUN,32.641,165,329,6-4 6-4,3,R32,95,1,1,64,36,28,16,10,4,4,4,1,59,42,31,8,10,2,4
2025-7083,Istanbul,Hard,32,C,O,20250901,5,HB48,6,,Calvin Hemery,R,191,FRA,30.593,185,293,M0DY,,,Peter Makk,R,180,HUN,23.866,1311,5,6-4 6-4,3,R32,100,7,3,63,42,33,12,10,4,4,4,2,66,42,29,12,10,5,7
2025-7083,Istanbul,Hard,32,C,O,20250901,6,GF95,7,,Hugo Grenier,R,196,FRA,29.443,188,288,H0CD,,,Alex Hernandez,R,175,MEX,26.193,461,93,7-6(5) 6-3,3,R32,117,17,2,72,45,35,13,10,4,5,0,2,75,56,32,10,11,4,7
2025-7083,Istanbul,Hard,32,C,O,20250901,7,G09C,,,Marek Gengel,R,185,CZE,29.958,251,220,HG94,8,,Benjamin Hassan,R,183,LBN,30.574,200,270,6-4 3-6 6-2,3,R32,96,10,5,74,36,27,19,14,0,4,8,7,82,41,27,19,13,3,8
2025-7083,Istanbul,Hard,32,C,O,20250901,8,GB93,,,Norbert Gombos,R,193,SVK,35.053,261,209,P0J1,9,,Rodrigo Pacheco Mendez,L,191,MEX,20.353,224,250,6-2 2-6 7-6(5),3,R32,124,7,2,95,64,41,19,14,3,7,4,2,88,58,44,12,14,1,5
2025-7083,Istanbul,Hard,32,C,O,20250901,9,DC76,,,Viktor Durasovic,R,185,NOR,28.454,241,232,RH62,,,Mats Rosenkranz,L,193,GER,27.025,342,146,7-6(5) 6-3,3,R32,86,9,0,58,40,31,11,10,0,1,4,4,63,31,25,16,11,0,3
2025-7083,Istanbul,Hard,32,C,O,20250901,10,G0AO,,,Alastair Gray,R,193,GBR,27.195,335,149,HH06,,,Marc-Andrea Huesler,L,196,SUI,29.188,227,244,6-3 2-6 6-4,3,R32,116,4,6,87,50,39,14,14,3,6,7,2,67,45,32,13,13,1,4
2025-7083,Istanbul,Hard,32,C,O,20250901,11,K0HG,,,Milos Karol,R,198,SVK,22.719,357,138,K0L1,,,Michal Krajci,R,183,SVK,20.63,664,50,6-3 6-2,3,R32,77,16,3,54,32,29,11,9,2,2,2,3,62,38,23,12,8,5,8
2025-7083,Istanbul,Hard,32,C,O,20250901,12,M0AW,,,Nicolas Mejia,R,183,COL,25.555,246,223,I305,,,Ilya Ivashka,R,193,BLR,31.518,768,34,6-2 2-1 RET,3,R32,59,1,0,28,22,16,5,5,2,2,3,4,39,19,11,8,6,1,4
2025-7083,Istanbul,Hard,32,C,O,20250901,13,MV14,,,Alex Molcan,L,178,SVK,27.751,257,213,N561,,,Ivan Nedelko,R,185,RUS,39.307,937,18,6-4 1-0 RET,3,R32,46,0,0,29,13,10,8,5,0,1,1,0,30,11,7,7,6,0,3
2025-7083,Istanbul,Hard,32,C,O,20250901,14,P0B2,,,Luca Potenza,R,175,ITA,25.095,479,88,KI91,,,Koray Kirci,R,185,TUR,27.042,1250,7,7-5 7-5,3,R32,106,2,2,69,41,28,16,12,3,6,4,2,77,45,29,13,12,9,14
2025-7083,Istanbul,Hard,32,C,O,20250901,15,S0KT,,,Stefanos Sakellaridis,R,198,GRE,20.966,315,160,LI10,,,Christian Langmo,R,191,USA,29.251,360,137,4-6 6-3 6-4,3,R32,127,8,3,76,46,39,21,15,2,3,4,3,101,70,52,14,14,5,7
2025-7083,Istanbul,Hard,32,C,O,20250901,16,TD49,,,Mert Naci Turker,,,,27.044,853,26,A0F7,,,Kaya Arinc,,,TUR,25.922,1592,3,7-6(3) 6-2,3,R32,124,3,2,67,41,26,12,10,1,5,2,10,82,50,31,6,10,7,13
2025-7083,Istanbul,Hard,32,C,O,20250901,17,K0HG,,,Milos Karol,R,198,SVK,22.719,357,138,KI63,1,,Lukas Klein,R,193,SVK,27.447,119,525,6-7(6) 6-2 7-5,3,R16,147,9,5,113,66,51,24,16,7,8,2,8,109,70,45,24,16,2,6
2025-7083,Istanbul,Hard,32,C,O,20250901,18,S0KT,,,Stefanos Sakellaridis,R,198,GRE,20.966,315,160,V0AM,2,,Otto Virtanen,R,193,FIN,24.197,123,515,6-2 3-1 RET,3,R16,53,0,1,29,20,14,7,6,1,2,1,5,50,30,16,5,6,1,5
2025-7083,Istanbul,Hard,32,C,O,20250901,19,MV14,,,Alex Molcan,L,178,SVK,27.751,257,213,L0IL,3,,Martin Landaluce,R,193,ESP,19.647,138,468,6-3 6-4,3,R16,78,1,2,49,33,27,11,10,0,1,1,2,52,35,24,6,9,4,7
2025-7083,Istanbul,Hard,32,C,O,20250901,20,HB48,6,,Calvin Hemery,R,191,FRA,30.593,185,293,TD49,,,Mert Naci Turker,,,,27.044,853,26,6-2 3-6 6-3,3,R16,159,8,8,100,62,45,19,13,11,12,7,5,102,66,44,16,13,6,9
2025-7083,Istanbul,Hard,32,C,O,20250901,21,GF95,7,,Hugo Grenier,R,196,FRA,29.443,188,288,G0AO,,,Alastair Gray,R,193,GBR,27.195,335,149,6-7(1) 6-1 6-2,3,R16,149,9,7,98,62,46,19,14,5,5,4,3,96,53,34,22,13,7,11
2025-7083,Istanbul,Hard,32,C,O,20250901,22,M0AW,,,Nicolas Mejia,R,183,COL,25.555,246,223,G09C,,,Marek Gengel,R,185,CZE,29.958,251,220,7-6(8) 3-6 6-2,3,R16,152,9,3,89,47,31,24,14,3,7,5,3,106,73,46,11,15,8,13
2025-7083,Istanbul,Hard,32,C,O,20250901,23,P0B2,,,Luca Potenza,R,175,ITA,25.095,479,88,GB93,,,Norbert Gombos,R,193,SVK,35.053,261,209,7-5 6-3,3,R16,97,3,1,63,40,26,13,11,2,5,3,4,70,45,24,12,10,3,8
2025-7083,Istanbul,Hard,32,C,O,20250901,24,S0NV,,,Abdullah Shelbayh,L,180,JOR,21.793,351,141,DC76,,,Viktor Durasovic,R,185,NOR,28.454,241,232,6-4 6-0,3,R16,79,8,3,55,25,19,17,8,2,3,4,6,55,28,17,8,8,3,8
2025-7083,Istanbul,Hard,32,C,O,20250901,25,P0B2,,,Luca Potenza,R,175,ITA,25.095,479,88,HB48,6,,Calvin Hemery,R,191,FRA,30.593,185,293,6-4 7-6(5),3,QF,130,3,2,68,37,26,19,11,2,4,6,1,91,63,43,9,11,4,7
2025-7083,Istanbul,Hard,32,C,O,20250901,26,S0KT,,,Stefanos Sakellaridis,R,198,GRE,20.966,315,160,GF95,7,,Hugo Grenier,R,196,FRA,29.443,188,288,7-5 6-7(3) 6-2,3,QF,165,5,2,98,65,45,20,16,2,4,9,7,115,73,50,18,16,10,15
2025-7083,Istanbul,Hard,32,C,O,20250901,27,M0AW,,,Nicolas Mejia,R,183,COL,25.555,246,223,K0HG,,,Milos Karol,R,198,SVK,22.719,357,138,6-2 7-6(1),3,QF,110,1,1,75,47,33,19,10,6,6,6,3,72,40,30,13,10,8,10
2025-7083,Istanbul,Hard,32,C,O,20250901,28,MV14,,,Alex Molcan,L,178,SVK,27.751,257,213,S0NV,,,Abdullah Shelbayh,L,180,JOR,21.793,351,141,4-6 6-1 7-6(5),3,QF,146,3,3,98,66,42,20,15,6,10,5,2,94,56,35,21,14,7,12
2025-7083,Istanbul,Hard,32,C,O,20250901,29,M0AW,,,Nicolas Mejia,R,183,COL,25.555,246,223,P0B2,,,Luca Potenza,R,175,ITA,25.095,479,88,6-3 6-1,3,SF,76,13,0,48,33,26,9,8,1,1,1,3,55,37,21,7,8,2,6
2025-7083,Istanbul,Hard,32,C,O,20250901,30,MV14,,,Alex Molcan,L,178,SVK,27.751,257,213,S0KT,,,Stefanos Sakellaridis,R,198,GRE,20.966,315,160,6-2 6-4,3,SF,77,4,1,62,47,30,12,9,3,4,7,0,46,28,17,7,9,2,6
2025-7083,Istanbul,Hard,32,C,O,20250901,31,MV14,,,Alex Molcan,L,178,SVK,27.751,257,213,M0AW,,,Nicolas Mejia,R,183,COL,25.555,246,223,7-6(9) 6-2,3,F,132,2,0,65,38,28,16,10,3,5,3,3,82,49,34,10,10,6,10
2025-784,Seville,Clay,32,C,O,20250901,1,O660,,,Genaro Alberto Olivieri,R,175,ARG,27.077,259,210,CF59,1,,Roberto Carballes Baena,R,183,ESP,32.444,87,740,5-7 7-6(4) 3-0 RET,3,R32,157,2,0,101,82,48,13,14,5,7,2,0,81,57,35,16,13,1,3
2025-784,Seville,Clay,32,C,O,20250901,2,TE16,2,,Carlos Taberner,R,183,ESP,28.066,99,643,M0GB,,,Alex Martinez,R,185,ESP,24.454,589,61,6-2 1-6 6-3,3,R32,115,1,4,68,38,27,19,12,2,4,2,4,71,46,32,12,12,3,6
2025-784,Seville,Clay,32,C,O,20250901,3,F0F2,3,,Jaime Faria,R,188,POR,22.073,117,530,A09U,,,Nicolas Alvarez Varona,R,188,ESP,24.29,282,188,3-6 6-3 6-4,3,R32,118,6,5,72,49,38,12,14,0,2,3,6,97,60,39,19,14,6,9
2025-784,Seville,Clay,32,C,O,20250901,4,L987,4,,Dusan Lajovic,R,183,SRB,35.173,128,489,Y218,,,Elias Ymer,R,185,SWE,29.394,231,241,7-6(4) 6-7(2) 6-1,3,R32,146,4,3,106,72,49,21,15,4,6,8,4,95,58,46,14,16,7,12
2025-784,Seville,Clay,32,C,O,20250901,5,J476,,,David Jorda Sanchis,R,198,ESP,31.217,443,100,BS86,5,,Tomas Barrios Vera,R,191,CHI,27.726,134,473,6-1 6-3,3,R32,70,6,0,52,29,23,14,8,3,3,1,0,44,29,15,7,8,0,4
2025-784,Seville,Clay,32,C,O,20250901,6,B0ID,6,,Ignacio Buse,R,183,PER,21.437,135,473,Z419,,,Bernabe Zapata Miralles,R,183,ESP,28.635,410,117,7-6(3) 6-3,3,R32,118,4,3,80,44,33,14,11,7,10,1,2,76,49,28,11,10,4,8
2025-784,Seville,Clay,32,C,O,20250901,7,CD85,7,,Pablo Carreno Busta,R,188,ESP,34.141,137,468,R0FP,,,Daniel Rincon,L,185,ESP,22.65,287,184,6-2 6-2,3,R32,81,0,0,52,38,26,4,8,2,4,1,0,57,29,17,7,8,5,11
2025-784,Seville,Clay,32,C,O,20250901,8,G0FW,8,,Vilius Gaubas,R,178,LTU,20.674,160,345,R772,,,Albert Ramos-Vinolas,L,188,ESP,37.624,290,178,7-5 4-6 7-5,3,R32,181,8,2,109,66,46,25,17,5,8,2,5,122,83,54,18,17,7,11
2025-784,Seville,Clay,32,C,O,20250901,9,BV25,,,Javier Barranco Cosano,L,180,ESP,26.79,405,119,B0GR,,,Gonzalo Bueno,R,173,PER,21.413,205,263,6-0 6-2,3,R32,70,0,2,35,26,18,7,7,1,2,0,2,49,27,12,6,7,3,9
2025-784,Seville,Clay,32,C,O,20250901,10,D0H9,,,Guy Den Ouden,R,183,NED,23.4,161,344,KE36,,,Dominik Kellovsky,R,183,CZE,29.106,558,67,6-4 3-6 6-1,3,R32,124,4,1,93,62,39,22,13,5,6,4,2,81,53,37,13,13,5,8
2025-784,Seville,Clay,32,C,O,20250901,11,SN54,,,Frederico Ferreira Silva,L,178,POR,30.459,255,218,S0GV,,,Robert Strombachs,R,191,LAT,25.963,337,148,3-6 6-3 6-3,3,R32,135,4,0,90,67,40,16,13,5,7,4,4,87,59,38,14,14,3,7
2025-784,Seville,Clay,32,C,O,20250901,12,F0BT,,,Jonas Forejtek,R,183,CZE,24.479,473,89,GA79,,,Lorenzo Giustino,R,180,ITA,33.977,296,172,6-2 6-3,3,R32,69,5,0,44,27,19,11,8,0,1,2,2,49,26,12,11,9,3,8
2025-784,Seville,Clay,32,C,O,20250901,13,L0CX,,,Pablo Llamas Ruiz,R,188,ESP,22.886,361,136,D0CG,,,Facundo Diaz Acosta,L,183,ARG,24.712,256,214,6-4 6-0,3,R32,82,0,1,49,38,28,6,8,0,0,0,1,51,27,14,12,8,9,13
2025-784,Seville,Clay,32,C,O,20250901,14,L0C1,,,Carlos Lopez Montagud,R,180,ESP,25.155,645,51,S0CG,,,Carlos Sanchez Jover,L,173,ESP,25.114,295,172,6-1 6-3,3,R32,65,3,0,41,35,28,2,8,1,2,1,3,53,36,17,8,8,5,10
2025-784,Seville,Clay,32,C,O,20250901,15,M0N7,,,Daniel Merida,R,188,ESP,20.931,170,318,N731,,,Christoph Negritu,R,193,GER,31.45,274,196,3-6 6-3 6-2,3,R32,108,1,3,81,61,45,9,13,1,2,2,1,78,48,30,18,13,4,7
2025-784,Seville,Clay,32,C,O,20250901,16,R0GO,,,Henrique Rocha,R,180,POR,21.405,167,323,M0EA,,,Pol Martin Tiffon,R,183,ESP,26.092,253,219,6-3 6-2,3,R32,87,0,1,53,28,20,17,9,3,4,0,2,54,37,21,7,8,8,12
2025-784,Seville,Clay,32,C,O,20250901,17,TE16,2,,Carlos Taberner,R,183,ESP,28.066,99,643,D0H9,,,Guy Den Ouden,R,183,NED,23.4,161,344,6-3 3-1 RET,3,R16,75,1,0,37,25,16,8,7,2,4,0,3,57,36,16,9,6,10,14
2025-784,Seville,Clay,32,C,O,20250901,18,M0N7,,,Daniel Merida,R,188,ESP,20.931,170,318,F0F2,3,,Jaime Faria,R,188,POR,22.073,117,530,4-6 7-5 6-4,3,R16,152,1,1,111,81,46,17,16,9,14,7,7,110,72,46,14,16,5,11
2025-784,Seville,Clay,32,C,O,20250901,19,L987,4,,Dusan Lajovic,R,183,SRB,35.173,128,489,SN54,,,Frederico Ferreira Silva,L,178,POR,30.459,255,218,6-4 6-4,3,R16,102,4,1,65,48,35,7,10,4,5,2,3,68,44,29,11,10,6,9
2025-784,Seville,Clay,32,C,O,20250901,20,B0ID,6,,Ignacio Buse,R,183,PER,21.437,135,473,L0CX,,,Pablo Llamas Ruiz,R,188,ESP,22.886,361,136,6-3 6-1,3,R16,72,0,1,40,23,18,11,8,0,1,1,1,49,37,19,2,8,2,7
2025-784,Seville,Clay,32,C,O,20250901,21,CD85,7,,Pablo Carreno Busta,R,188,ESP,34.141,137,468,BV25,,,Javier Barranco Cosano,L,180,ESP,26.79,405,119,6-3 6-2,3,R16,87,2,0,61,45,32,9,9,4,4,2,1,53,35,24,7,8,4,7
2025-784,Seville,Clay,32,C,O,20250901,22,G0FW,8,,Vilius Gaubas,R,178,LTU,20.674,160,345,F0BT,,,Jonas Forejtek,R,183,CZE,24.479,473,89,6-7(3) 7-6(5) 6-4,3,R16,173,4,3,112,81,57,15,17,4,7,9,3,115,80,58,14,17,5,9
2025-784,Seville,Clay,32,C,O,20250901,23,J476,,,David Jorda Sanchis,R,198,ESP,31.217,443,100,L0C1,,,Carlos Lopez Montagud,R,180,ESP,25.155,645,51,4-6 6-4 6-3,3,R16,175,5,1,112,70,49,19,15,6,9,2,1,101,72,44,12,14,5,9
2025-784,Seville,Clay,32,C,O,20250901,24,O660,,,Genaro Alberto Olivieri,R,175,ARG,27.077,259,210,R0GO,,,Henrique Rocha,R,180,POR,21.405,167,323,0-6 7-5 6-2,3,R16,145,2,2,85,63,45,5,13,6,11,2,9,91,50,31,19,13,9,14
2025-784,Seville,Clay,32,C,O,20250901,25,B0ID,6,,Ignacio Buse,R,183,PER,21.437,135,473,TE16,2,,Carlos Taberner,R,183,ESP,28.066,99,643,6-3 6-2,3,QF,104,2,0,57,36,19,16,9,5,7,0,4,68,41,19,12,8,8,13
2025-784,Seville,Clay,32,C,O,20250901,26,L987,4,,Dusan Lajovic,R,183,SRB,35.173,128,489,CD85,7,,Pablo Carreno Busta,R,188,ESP,34.141,137,468,6-4 3-6 6-3,3,QF,134,6,1,85,60,47,13,14,3,4,2,3,88,64,45,13,14,4,6
2025-784,Seville,Clay,32,C,O,20250901,27,O660,,,Genaro Alberto Olivieri,R,175,ARG,27.077,259,210,G0FW,8,,Vilius Gaubas,R,178,LTU,20.674,160,345,1-6 6-3 7-5,3,QF,141,1,1,101,82,49,6,14,10,15,0,2,80,55,35,10,14,1,6
2025-784,Seville,Clay,32,C,O,20250901,28,M0N7,,,Daniel Merida,R,188,ESP,20.931,170,318,J476,,,David Jorda Sanchis,R,198,ESP,31.217,443,100,6-4 6-4,3,QF,82,2,0,54,38,29,10,10,2,3,1,0,63,33,24,14,10,4,7
2025-784,Seville,Clay,32,C,O,20250901,29,O660,,,Genaro Alberto Olivieri,R,175,ARG,27.077,259,210,L987,4,,Dusan Lajovic,R,183,SRB,35.173,128,489,7-5 3-2 RET,3,SF,80,0,0,42,37,27,4,8,1,2,1,0,68,53,30,9,9,8,11
2025-784,Seville,Clay,32,C,O,20250901,30,B0ID,6,,Ignacio Buse,R,183,PER,21.437,135,473,M0N7,,,Daniel Merida,R,188,ESP,20.931,170,318,6-7(4) 6-2 6-3,3,SF,166,2,3,101,65,43,23,14,6,7,0,5,119,85,50,18,15,11,16
2025-784,Seville,Clay,32,C,O,20250901,31,B0ID,6,,Ignacio Buse,R,183,PER,21.437,135,473,O660,,,Genaro Alberto Olivieri,R,175,ARG,27.077,259,210,6-3 3-6 6-3,3,F,141,0,1,95,70,47,13,14,4,6,1,1,81,65,37,11,13,3,6
2025-9120,Cassis,Hard,32,C,O,20250901,1,G0BY,,,Daniil Glinka,L,188,EST,25.306,347,142,HB64,1,,Quentin Halys,R,191,FRA,28.849,70,873,6-4 1-6 6-3,3,R32,118,10,1,81,50,34,19,13,5,7,5,7,81,52,41,14,13,7,9
2025-9120,Cassis,Hard,32,C,O,20250901,2,L0GH,2,,Mark Lajal,R,191,EST,22.308,147,413,J620,,,Maxime Janvier,R,196,FRA,28.871,559,67,6-4 6-1,3,R32,74,2,2,45,27,18,9,8,0,2,3,6,64,33,19,9,9,9,15
2025-9120,Cassis,Hard,32,C,O,20250901,3,HD68,3,,Billy Harris,R,193,GBR,30.601,151,382,M0GP,,,Filippo Moroni,R,175,ITA,24.58,523,75,6-7(4) 6-3 6-3,3,R32,141,15,1,83,53,42,13,15,4,7,3,6,122,64,40,27,15,13,19
2025-9120,Cassis,Hard,32,C,O,20250901,4,R09X,4,,Jurij Rodionov,L,191,AUT,26.297,154,372,MW76,,,Matteo Martineau,R,183,FRA,26.626,271,199,6-2 6-3,3,R32,63,5,1,48,29,25,12,9,0,0,4,5,57,39,24,9,8,1,4
2025-9120,Cassis,Hard,32,C,O,20250901,5,D0DW,5,,Titouan Droguet,R,191,FRA,24.214,159,355,P0IT,,,Olaf Pieczkowski,R,183,POL,21.418,476,89,6-1 6-2,3,R32,55,1,1,38,24,22,10,8,0,0,0,7,49,28,18,6,7,5,9
2025-9120,Cassis,Hard,32,C,O,20250901,6,E768,,,Antoine Escoffier,R,185,FRA,33.506,320,158,S0GR,6,,Timofey Skatov,R,173,KAZ,24.611,192,282,6-4 6-2,3,R32,92,3,0,53,33,27,10,9,1,2,5,1,69,44,24,13,9,6,10
2025-9120,Cassis,Hard,32,C,O,20250901,7,D0DC,,,Etienne Donnet,R,178,FRA,24.539,499,82,G0GW,7,,Sascha Gueymard Wayenburg,R,191,FRA,22.086,206,262,6-4 6-4,3,R32,84,7,0,61,34,27,17,10,2,2,7,5,67,45,31,11,10,6,8
2025-9120,Cassis,Hard,32,C,O,20250901,8,VA25,8,,Valentin Vacherot,R,193,MON,26.793,216,253,C0BH,,,Clement Chidekh,R,180,FRA,24.219,221,251,6-1 6-4,3,R32,58,9,0,41,34,30,6,9,0,0,1,4,44,23,13,11,8,1,4
2025-9120,Cassis,Hard,32,C,O,20250901,9,B0JJ,,,Robin Bertrand,R,178,FRA,22.467,297,172,B0MM,,,Edas Butvilas,R,191,LTU,21.109,249,222,6-4 6-3,3,R32,106,0,5,67,36,27,13,9,3,5,2,3,71,35,23,14,10,5,10
2025-9120,Cassis,Hard,32,C,O,20250901,10,C0HB,,,Eliakim Coulibaly,L,180,CIV,23.326,301,168,D750,,,Kenny De Schepper,L,203,FRA,38.261,663,50,7-5 5-7 6-2,3,R32,138,2,7,106,59,41,23,16,9,13,8,2,89,60,42,8,16,1,7
2025-9120,Cassis,Hard,32,C,O,20250901,11,E0DD,,,Justin Engel,R,185,GER,17.919,220,251,P0D0,,,Jakub Paul,R,180,SUI,26.448,288,182,6-7(3) 7-6(5) 6-1,3,R32,141,4,6,94,49,37,27,15,0,2,6,1,119,84,53,17,16,5,10
2025-9120,Cassis,Hard,32,C,O,20250901,12,F0DM,,,Arthur Fery,R,175,GBR,23.14,235,235,GG65,,,Michael Geerts,R,178,BEL,30.623,311,163,7-6(5) 6-2,3,R32,109,6,2,71,43,33,18,10,1,1,3,1,74,36,23,23,10,7,9
2025-9120,Cassis,Hard,32,C,O,20250901,13,M0TO,,,Mae Malige,R,173,FRA,19.428,534,73,PD31,,,Benoit Paire,R,196,FRA,36.318,686,46,6-3 6-4,3,R32,84,0,1,61,33,22,17,10,1,3,3,4,66,28,17,17,9,6,10
2025-9120,Cassis,Hard,32,C,O,20250901,14,MP01,,,Michael Mmoh,R,188,USA,27.641,327,156,PJ74,,,Lucas Poullain,R,175,FRA,29.741,359,138,7-5 6-3,3,R32,113,3,3,69,46,35,12,11,2,3,1,1,64,40,26,12,10,2,5
2025-9120,Cassis,Hard,32,C,O,20250901,15,P0GN,,,Tom Paris,R,193,FRA,22.998,352,140,W0BU,,,Olle Wallin,R,191,SWE,23.86,414,116,6-2 3-6 6-4,3,R32,116,12,6,86,47,33,20,14,6,9,5,5,85,49,32,17,13,7,11
2025-9120,Cassis,Hard,32,C,O,20250901,16,S0EX,,,Hamish Stewart,R,193,GBR,26.092,442,101,A09T,,,Dan Added,R,183,FRA,26.387,266,201,6-3 7-6(8),3,R32,116,6,4,72,45,32,16,10,3,4,7,0,91,46,34,20,11,6,9
2025-9120,Cassis,Hard,32,C,O,20250901,17,L0GH,2,,Mark Lajal,R,191,EST,22.308,147,413,P0GN,,,Tom Paris,R,193,FRA,22.998,352,140,7-5 6-4,3,R16,96,2,5,72,39,30,16,11,2,4,6,3,61,39,27,9,11,4,8
2025-9120,Cassis,Hard,32,C,O,20250901,18,HD68,3,,Billy Harris,R,193,GBR,30.601,151,382,C0HB,,,Eliakim Coulibaly,L,180,CIV,23.326,301,168,7-6(1) 6-2,3,R16,88,15,3,69,39,30,17,10,2,3,4,3,60,41,26,10,10,0,3
2025-9120,Cassis,Hard,32,C,O,20250901,19,R09X,4,,Jurij Rodionov,L,191,AUT,26.297,154,372,B0JJ,,,Robin Bertrand,R,178,FRA,22.467,297,172,6-0 6-2,3,R16,71,6,1,51,40,27,7,7,4,4,0,1,51,38,18,4,7,1,6
2025-9120,Cassis,Hard,32,C,O,20250901,20,F0DM,,,Arthur Fery,R,175,GBR,23.14,235,235,D0DW,5,,Titouan Droguet,R,191,FRA,24.214,159,355,6-0 6-2,3,R16,55,0,1,34,18,15,13,7,0,0,1,1,41,21,13,5,7,2,7
2025-9120,Cassis,Hard,32,C,O,20250901,21,VA25,8,,Valentin Vacherot,R,193,MON,26.793,216,253,MP01,,,Michael Mmoh,R,188,USA,27.641,327,156,6-3 6-4,3,R16,99,9,2,68,42,32,17,10,3,3,3,3,58,26,18,17,9,2,4
2025-9120,Cassis,Hard,32,C,O,20250901,22,E0DD,,,Justin Engel,R,185,GER,17.919,220,251,D0DC,,,Etienne Donnet,R,178,FRA,24.539,499,82,7-6(5) 6-2,3,R16,91,10,2,69,47,35,11,10,2,3,6,2,66,42,28,12,10,3,6
2025-9120,Cassis,Hard,32,C,O,20250901,23,G0BY,,,Daniil Glinka,L,188,EST,25.306,347,142,S0EX,,,Hamish Stewart,R,193,GBR,26.092,442,101,7-6(5) 6-3,3,R16,98,6,1,69,47,37,12,11,1,2,7,1,69,42,29,14,10,3,5
2025-9120,Cassis,Hard,32,C,O,20250901,24,M0TO,,,Mae Malige,R,173,FRA,19.428,534,73,E768,,,Antoine Escoffier,R,185,FRA,33.506,320,158,6-4 6-3,3,R16,78,4,2,63,40,27,12,10,2,4,3,3,49,30,19,7,9,3,7
2025-9120,Cassis,Hard,32,C,O,20250901,25,E0DD,,,Justin Engel,R,185,GER,17.919,220,251,L0GH,2,,Mark Lajal,R,191,EST,22.308,147,413,7-6(3) 4-6 6-3,3,QF,151,13,7,100,54,41,19,16,5,10,8,10,102,61,41,18,15,4,9
2025-9120,Cassis,Hard,32,C,O,20250901,26,HD68,3,,Billy Harris,R,193,GBR,30.601,151,382,M0TO,,,Mae Malige,R,173,FRA,19.428,534,73,7-6(5) 6-1,3,QF,108,8,2,84,50,32,17,10,7,9,1,4,62,43,24,8,9,5,9
2025-9120,Cassis,Hard,32,C,O,20250901,27,R09X,4,,Jurij Rodionov,L,191,AUT,26.297,154,372,VA25,8,,Valentin Vacherot,R,193,MON,26.793,216,253,6-4 3-6 6-3,3,QF,133,6,2,94,59,42,17,14,5,7,9,3,91,55,41,17,14,6,9
2025-9120,Cassis,Hard,32,C,O,20250901,28,G0BY,,,Daniil Glinka,L,188,EST,25.306,347,142,F0DM,,,Arthur Fery,R,175,GBR,23.14,235,235,6-2 4-6 7-6(1),3,QF,129,10,3,94,50,42,27,15,9,10,10,1,91,63,45,17,15,3,5
2025-9120,Cassis,Hard,32,C,O,20250901,29,HD68,3,,Billy Harris,R,193,GBR,30.601,151,382,E0DD,,,Justin Engel,R,185,GER,17.919,220,251,6-7(3) 7-6(5) 6-2,3,SF,169,15,3,124,77,61,20,16,5,6,11,2,100,64,50,19,16,5,8
2025-9120,Cassis,Hard,32,C,O,20250901,30,G0BY,,,Daniil Glinka,L,188,EST,25.306,347,142,R09X,4,,Jurij Rodionov,L,191,AUT,26.297,154,372,6-2 6-4,3,SF,82,6,3,63,36,21,19,9,1,2,1,0,60,43,22,9,9,2,6
2025-9120,Cassis,Hard,32,C,O,20250901,31,HD68,3,,Billy Harris,R,193,GBR,30.601,151,382,G0BY,,,Daniil Glinka,L,188,EST,25.306,347,142,3-6 7-5 6-3,3,F,130,3,4,87,53,38,24,15,6,7,8,4,87,46,37,24,15,5,7
2025-9556,Tulln,Clay,32,C,O,20250901,1,CH12,1,,Jan Choinski,R,196,GBR,29.227,150,387,KC04,,,Jozef Kovalik,R,183,SVK,32.824,577,63,6-0 6-2,3,R32,61,3,1,35,18,17,11,7,0,0,0,1,40,17,5,11,7,1,6
2025-9556,Tulln,Clay,32,C,O,20250901,2,M0IF,2,,Francesco Maestrelli,R,196,ITA,22.697,155,364,KC33,,,Dimitar Kuzmanov,R,183,BUL,32.096,263,204,7-6(3) 6-1,3,R32,97,7,1,62,39,33,13,10,3,4,0,5,62,40,28,6,9,2,5
2025-9556,Tulln,Clay,32,C,O,20250901,3,PL64,,,Oleg Prihodko,R,180,UKR,27.912,309,163,N0CS,3,,Lukas Neumayer,R,183,AUT,22.987,157,360,1-6 6-3 6-4,3,R32,,,,,,,,,,,,,,,,,,,
2025-9556,Tulln,Clay,32,C,O,20250901,4,TA29,4,,Marco Trungelliti,R,178,ARG,35.584,183,301,GE28,,,Ivan Gakhov,L,191,RUS,28.824,273,198,6-4 6-2,3,R32,87,3,2,56,30,19,17,9,0,1,4,9,76,41,27,13,9,14,18
2025-9556,Tulln,Clay,32,C,O,20250901,5,RH59,5,,Santiago Rodriguez Taverna,R,191,ARG,26.13,207,260,E0AC,,,Mathys Erhard,R,188,FRA,23.849,283,188,6-3 6-4,3,R32,71,3,0,50,38,31,10,10,0,0,0,2,58,44,31,6,9,3,5
2025-9556,Tulln,Clay,32,C,O,20250901,6,SS25,6,,Vitaliy Sachko,R,188,UKR,28.134,217,253,M0SE,,,Maxim Mrva,R,178,CZE,18.084,427,107,6-2 7-6(5),3,R32,90,2,5,75,47,25,20,10,6,8,4,4,76,51,37,3,10,4,8
2025-9556,Tulln,Clay,32,C,O,20250901,7,T0FI,,,Marko Topo,R,185,GER,21.969,285,185,S0LA,7,,Dominic Stricker,L,183,SUI,23.044,226,245,6-4 6-4,3,R32,76,1,1,53,31,27,15,10,0,0,4,3,61,37,24,14,10,2,4
2025-9556,Tulln,Clay,32,C,O,20250901,8,J09X,,,Filip Cristian Jianu,R,180,ROU,23.953,267,201,B0GY,8,,Alex Barrena,R,175,ARG,22.894,228,244,6-4 6-2,3,R32,89,5,0,61,45,29,7,9,7,9,1,3,52,26,13,12,9,4,9
2025-9556,Tulln,Clay,32,C,O,20250901,9,D0LJ,,,Diego Dedura,L,180,GER,17.473,339,147,SO20,,,Jelle Sels,R,188,NED,30.062,332,151,4-6 6-3 6-2,3,R32,142,1,1,100,86,53,8,14,11,14,3,4,95,52,34,18,13,10,15
2025-9556,Tulln,Clay,32,C,O,20250901,10,K0CJ,,,Sandro Kopp,R,185,AUT,25.268,396,125,DF92,,,Corentin Denolly,L,188,FRA,28.238,310,163,2-6 7-5 6-2,3,R32,117,3,1,86,65,42,14,14,7,10,2,7,92,61,40,12,14,9,13
2025-9556,Tulln,Clay,32,C,O,20250901,11,M0N1,,,Luka Mikrut,R,188,CRO,21.377,340,146,KH56,,,Zdenek Kolar,R,183,CZE,28.895,278,191,5-7 6-2 6-3,3,R32,138,14,2,94,62,50,12,15,3,4,1,7,95,56,40,20,14,5,8
2025-9556,Tulln,Clay,32,C,O,20250901,12,M0AC,,,Rudolf Molleker,R,188,GER,24.849,386,129,PH77,,,David Poljak,R,188,CZE,29.292,1155,9,7-6(6) 4-6 6-3,3,R32,143,3,6,108,70,50,19,16,6,10,6,5,125,69,46,26,15,11,15
2025-9556,Tulln,Clay,32,C,O,20250901,13,N897,,,Sumit Nagal,R,178,IND,28.044,293,175,P0GQ,,,Mili Poljicak,R,185,CRO,21.136,304,167,6-4 6-2,3,R32,81,0,1,55,41,33,7,9,2,2,2,1,55,30,23,10,9,4,7
2025-9556,Tulln,Clay,32,C,O,20250901,14,P0EV,,,Andrew Paulson,R,191,CZE,23.792,808,29,BU10,,,Jacopo Berrettini,R,191,ITA,26.762,371,133,6-3 6-4,3,R32,77,5,4,60,32,28,15,10,2,2,4,0,54,32,21,16,9,4,6
2025-9556,Tulln,Clay,32,C,O,20250901,15,S0WT,,,Joel Schwaerzler,L,188,AUT,19.595,262,206,P0K4,,,Tiago Pereira,R,0,PRT,21.199,286,185,6-4 3-6 6-3,3,R32,105,4,2,69,37,30,24,14,1,2,2,0,82,51,40,15,14,0,2
2025-9556,Tulln,Clay,32,C,O,20250901,16,W712,,,Kai Wehnelt,R,188,GER,29.763,869,25,O0AD,,,Neil Oberleitner,R,191,AUT,26.075,466,92,6-3 7-6(3),3,R32,90,3,4,70,47,33,14,11,3,5,5,5,78,42,27,17,10,5,8
2025-9556,Tulln,Clay,32,C,O,20250901,17,S0WT,,,Joel Schwaerzler,L,188,AUT,19.595,262,206,CH12,1,,Jan Choinski,R,196,GBR,29.227,150,387,7-6(3) 6-2,3,R16,102,7,2,72,45,36,15,10,4,4,5,2,67,42,31,11,10,3,5
2025-9556,Tulln,Clay,32,C,O,20250901,18,M0IF,2,,Francesco Maestrelli,R,196,ITA,22.697,155,364,W712,,,Kai Wehnelt,R,188,GER,29.763,869,25,6-2 3-6 7-5,3,R16,128,6,3,71,41,30,18,14,2,5,5,5,103,67,46,15,15,5,10
2025-9556,Tulln,Clay,32,C,O,20250901,19,TA29,4,,Marco Trungelliti,R,178,ARG,35.584,183,301,M0N1,,,Luka Mikrut,R,188,CRO,21.377,340,146,7-6(4) 6-0,3,R16,84,1,3,57,35,27,17,9,3,3,5,1,62,40,30,5,9,2,5
2025-9556,Tulln,Clay,32,C,O,20250901,20,RH59,5,,Santiago Rodriguez Taverna,R,191,ARG,26.13,207,260,D0LJ,,,Diego Dedura,L,180,GER,17.473,339,147,6-4 6-4,3,R16,82,0,0,74,46,33,16,10,6,6,1,1,55,41,31,5,10,1,3
2025-9556,Tulln,Clay,32,C,O,20250901,21,K0CJ,,,Sandro Kopp,R,185,AUT,25.268,396,125,SS25,6,,Vitaliy Sachko,R,188,UKR,28.134,217,253,1-6 7-6(2) 6-4,3,R16,141,0,2,91,56,37,19,14,3,6,5,2,96,46,30,33,15,3,5
2025-9556,Tulln,Clay,32,C,O,20250901,22,N897,,,Sumit Nagal,R,178,IND,28.044,293,175,J09X,,,Filip Cristian Jianu,R,180,ROU,23.953,267,201,6-3 6-4,3,R16,84,1,1,50,31,22,10,9,0,2,0,1,61,42,23,8,10,6,11
2025-9556,Tulln,Clay,32,C,O,20250901,23,P0EV,,,Andrew Paulson,R,191,CZE,23.792,808,29,T0FI,,,Marko Topo,R,185,GER,21.969,285,185,7-5 3-6 7-6(5),3,R16,153,10,3,105,58,42,22,16,8,13,15,9,123,68,53,23,17,12,17
2025-9556,Tulln,Clay,32,C,O,20250901,24,PL64,,,Oleg Prihodko,R,180,UKR,27.912,309,163,M0AC,,,Rudolf Molleker,R,188,GER,24.849,386,129,6-2 7-5,3,R16,70,5,2,58,42,31,5,10,2,4,3,5,61,37,24,5,10,4,9
2025-9556,Tulln,Clay,32,C,O,20250901,25,P0EV,,,Andrew Paulson,R,191,CZE,23.792,808,29,M0IF,2,,Francesco Maestrelli,R,196,ITA,22.697,155,364,6-2 6-3,3,QF,80,4,4,51,36,30,8,9,2,2,4,9,59,32,21,10,8,4,7
2025-9556,Tulln,Clay,32,C,O,20250901,26,TA29,4,,Marco Trungelliti,R,178,ARG,35.584,183,301,K0CJ,,,Sandro Kopp,R,185,AUT,25.268,396,125,7-6(2) 6-1,3,QF,100,2,1,63,41,33,12,10,2,3,1,2,81,59,36,7,9,9,12
2025-9556,Tulln,Clay,32,C,O,20250901,27,RH59,5,,Santiago Rodriguez Taverna,R,191,ARG,26.13,207,260,PL64,,,Oleg Prihodko,R,180,UKR,27.912,309,163,6-3 6-4,3,QF,104,6,0,73,42,30,15,10,8,9,3,5,78,44,27,17,9,8,11
2025-9556,Tulln,Clay,32,C,O,20250901,28,S0WT,,,Joel Schwaerzler,L,188,AUT,19.595,262,206,N897,,,Sumit Nagal,R,178,IND,28.044,293,175,6-7(4) 6-4 6-1,3,QF,156,5,1,96,58,40,16,14,8,13,0,5,106,76,41,10,15,3,12
2025-9556,Tulln,Clay,32,C,O,20250901,29,TA29,4,,Marco Trungelliti,R,178,ARG,35.584,183,301,S0WT,,,Joel Schwaerzler,L,188,AUT,19.595,262,206,6-4 6-3,3,SF,97,3,1,52,32,24,13,9,2,3,5,2,87,62,36,12,10,14,18
2025-9556,Tulln,Clay,32,C,O,20250901,30,P0EV,,,Andrew Paulson,R,191,CZE,23.792,808,29,RH59,5,,Santiago Rodriguez Taverna,R,191,ARG,26.13,207,260,5-7 6-3 6-3,3,SF,139,2,3,114,65,48,23,15,9,11,8,2,88,54,36,19,15,5,9
2025-9556,Tulln,Clay,32,C,O,20250901,31,TA29,4,,Marco Trungelliti,R,178,ARG,35.584,183,301,P0EV,,,Andrew Paulson,R,191,CZE,23.792,808,29,7-5 6-1,3,F,83,3,0,50,23,21,15,9,0,0,3,4,60,30,21,14,10,4,8
2025-2937,Guangzhou (Huangpu),Hard,32,C,O,20250908,1,O483,1,,Christopher O'Connell,R,183,AUS,31.266,89,694,TG30,,,Rigele Te,R,188,CHN,27.915,547,69,6-4 6-4,3,R32,84,6,1,48,28,22,13,10,0,2,3,4,65,39,21,13,10,6,10
2025-2937,Guangzhou (Huangpu),Hard,32,C,O,20250908,2,C0C8,2,,Juan Manuel Cerundolo,L,183,ARG,23.814,86,737,S0AQ,,,Yuta Shimizu,L,163,JPN,26.251,202,266,6-1 6-4,3,R32,95,8,7,67,40,30,12,9,6,7,0,1,62,40,22,10,8,7,11
2025-2937,Guangzhou (Huangpu),Hard,32,C,O,20250908,3,B0NN,3,,Nishesh Basavareddy,R,180,USA,20.353,108,588,RB56,,,Ramkumar Ramanathan,R,188,IND,30.834,648,51,6-1 6-4,3,R32,66,11,3,44,26,22,12,9,0,1,5,3,41,18,10,11,8,1,5
2025-2937,Guangzhou (Huangpu),Hard,32,C,O,20250908,4,M0OQ,,,James McCabe,R,188,AUS,22.179,178,307,BG23,4,,Nikoloz Basilashvili,R,185,GEO,33.541,111,565,6-3 6-4,3,R32,69,13,1,55,34,28,12,10,1,2,2,6,57,32,20,11,9,5,8
2025-2937,Guangzhou (Huangpu),Hard,32,C,O,20250908,5,TE30,6,,Alejandro Tabilo,L,188,CHI,28.268,125,517,K09F,,,Pavel Kotov,R,191,RUS,26.806,318,162,7-6(4) 6-4,3,R32,111,5,2,68,39,32,18,11,5,6,8,3,71,44,34,12,11,4,6
2025-2937,Guangzhou (Huangpu),Hard,32,C,O,20250908,6,E687,7,,Daniel Evans,R,175,GBR,35.296,157,378,C0Q4,,,Charles Chen,R,191,CHN,17.719,1079,12,6-4 6-4,3,R32,89,5,6,55,34,29,12,10,3,3,10,2,56,29,25,13,10,3,5
2025-2937,Guangzhou (Huangpu),Hard,32,C,O,20250908,7,HD68,8,,Billy Harris,R,193,GBR,30.62,136,467,Y171,,,Denis Yevseyev,R,188,KAZ,32.298,334,152,6-4 4-0 RET,3,R32,59,9,0,33,22,19,9,7,0,0,0,3,60,36,21,10,7,6,9
2025-2937,Guangzhou (Huangpu),Hard,32,C,O,20250908,8,S0MN,,,Marat Sharipov,R,188,RUS,22.916,265,200,DA81,9,,Taro Daniel,R,191,JPN,32.613,168,326,7-6(5) 1-6 6-4,3,R32,132,14,5,91,50,41,21,14,4,6,12,1,94,58,46,20,15,3,4
2025-2937,Guangzhou (Huangpu),Hard,32,C,O,20250908,9,B0LQ,,,Petr Bar Biryukov,L,196,RUS,23.526,313,165,Z0D1,,,Tianhui Zhang,R,180,CHN,19.551,568,65,7-5 6-1,3,R32,76,12,0,45,32,31,6,9,2,2,3,9,65,39,25,10,10,7,11
2025-2937,Guangzhou (Huangpu),Hard,32,C,O,20250908,10,CH80,,,Luca Castelnuovo,L,188,SUI,28.608,501,82,J553,,,Omar Jasika,L,183,AUS,28.309,198,268,7-6(2) 7-6(4),3,R32,138,10,3,100,63,46,14,12,9,12,6,5,100,62,38,18,12,6,9
2025-2937,Guangzhou (Huangpu),Hard,32,C,O,20250908,11,C0AK,,,Oliver Crawford,R,180,GBR,26.36,184,292,X01A,,,Linang Xiao,R,173,CHN,25.476,641,53,6-3 6-4,3,R32,81,5,1,58,37,28,15,10,3,3,4,1,43,25,18,12,9,0,2
2025-2937,Guangzhou (Huangpu),Hard,32,C,O,20250908,12,E865,,,Christopher Eubanks,R,201,USA,29.344,180,305,S0HR,,,Kasidit Samrej,R,191,THA,24.632,353,144,7-5 7-6(4),3,R32,113,16,5,72,42,33,20,12,2,3,12,8,92,57,41,18,12,8,10
2025-2937,Guangzhou (Huangpu),Hard,32,C,O,20250908,13,G0IX,,,Arthur Gea,R,180,FRA,20.682,253,223,B0GI,,,Alexandr Binda,R,180,ITA,23.962,382,132,6-4 6-4,3,R32,104,3,3,66,36,29,13,10,2,4,5,3,69,38,26,13,10,5,9
2025-2937,Guangzhou (Huangpu),Hard,32,C,O,20250908,14,H09F,,,Yu Hsiou Hsu,R,178,TPE,26.437,241,238,K0EZ,,,Yuta Kikuchi,R,173,JPN,25.949,617,56,4-6 6-3 6-3,3,R32,127,3,3,85,56,35,16,14,3,6,3,7,86,50,35,12,14,5,10
2025-2937,Guangzhou (Huangpu),Hard,32,C,O,20250908,15,O0A2,,,Gauthier Onclin,R,180,BEL,24.531,215,255,S0O6,,,Ilia Simakin,R,193,RUS,21.867,251,223,6-2 6-4,3,R32,89,5,1,65,40,31,13,9,6,6,9,5,71,41,28,11,9,9,12
2025-2937,Guangzhou (Huangpu),Hard,32,C,O,20250908,16,Z0A1,,,Giulio Zeppieri,L,183,ITA,23.754,171,317,Z09K,,,Evan Zhu,R,185,USA,27.066,578,62,7-6(4) 6-2,3,R32,104,11,2,55,36,32,13,10,0,0,1,5,86,50,32,17,10,4,6
2025-2937,Guangzhou (Huangpu),Hard,32,C,O,20250908,17,O483,1,,Christopher O'Connell,R,183,AUS,31.266,89,694,E865,,,Christopher Eubanks,R,201,USA,29.344,180,305,3-6 6-3 6-4,3,R16,112,22,1,76,52,43,14,14,4,5,13,7,88,53,39,20,14,3,5
2025-2937,Guangzhou (Huangpu),Hard,32,C,O,20250908,18,C0C8,2,,Juan Manuel Cerundolo,L,183,ARG,23.814,86,737,B0LQ,,,Petr Bar Biryukov,L,196,RUS,23.526,313,165,6-1 2-1 RET,3,R16,51,4,1,30,18,13,8,5,1,1,2,2,35,14,6,9,5,5,8
2025-2937,Guangzhou (Huangpu),Hard,32,C,O,20250908,19,B0NN,3,,Nishesh Basavareddy,R,180,USA,20.353,108,588,Z0A1,,,Giulio Zeppieri,L,183,ITA,23.754,171,317,6-4 1-0 RET,3,R16,47,3,1,22,10,9,11,5,0,0,3,4,36,16,15,7,6,3,5
2025-2937,Guangzhou (Huangpu),Hard,32,C,O,20250908,20,TE30,6,,Alejandro Tabilo,L,188,CHI,28.268,125,517,H09F,,,Yu Hsiou Hsu,R,178,TPE,26.437,241,238,6-2 6-1,3,R16,85,7,3,55,35,28,9,7,7,7,2,3,53,33,16,8,8,3,8
2025-2937,Guangzhou (Huangpu),Hard,32,C,O,20250908,21,E687,7,,Daniel Evans,R,175,GBR,35.296,157,378,C0AK,,,Oliver Crawford,R,180,GBR,26.36,184,292,3-6 7-6(7) 6-1,3,R16,175,11,7,94,53,44,16,13,7,10,6,8,104,61,42,19,15,10,15
2025-2937,Guangzhou (Huangpu),Hard,32,C,O,20250908,22,HD68,8,,Billy Harris,R,193,GBR,30.62,136,467,G0IX,,,Arthur Gea,R,180,FRA,20.682,253,223,7-5 7-6(6),3,R16,157,8,4,95,53,38,20,12,7,9,8,4,82,48,35,17,12,3,6
2025-2937,Guangzhou (Huangpu),Hard,32,C,O,20250908,23,O0A2,,,Gauthier Onclin,R,180,BEL,24.531,215,255,M0OQ,,,James McCabe,R,188,AUS,22.179,178,307,6-1 4-1 RET,3,R16,70,2,0,32,26,18,6,6,0,0,3,3,47,18,13,7,6,2,6
2025-2937,Guangzhou (Huangpu),Hard,32,C,O,20250908,24,S0MN,,,Marat Sharipov,R,188,RUS,22.916,265,200,CH80,,,Luca Castelnuovo,L,188,SUI,28.608,501,82,3-6 7-6(5) 6-2,3,R16,134,20,9,101,64,51,17,15,1,3,13,4,116,72,52,22,14,9,11
2025-2937,Guangzhou (Huangpu),Hard,32,C,O,20250908,25,O483,1,,Christopher O'Connell,R,183,AUS,31.266,89,694,S0MN,,,Marat Sharipov,R,188,RUS,22.916,265,200,6-4 6-4,3,QF,75,7,4,56,29,27,14,10,0,0,3,2,47,20,18,16,10,0,2
2025-2937,Guangzhou (Huangpu),Hard,32,C,O,20250908,26,C0C8,2,,Juan Manuel Cerundolo,L,183,ARG,23.814,86,737,E687,7,,Daniel Evans,R,175,GBR,35.296,157,378,4-6 1-2 RET,3,QF,79,0,4,41,30,17,2,7,3,7,0,1,32,19,14,6,6,1,3
2025-2937,Guangzhou (Huangpu),Hard,32,C,O,20250908,27,TE30,6,,Alejandro Tabilo,L,188,CHI,28.268,125,517,B0NN,3,,Nishesh Basavareddy,R,180,USA,20.353,108,588,5-7 7-5 6-2,3,QF,153,11,2,91,62,50,18,16,6,7,10,2,96,59,40,18,16,1,4
2025-2937,Guangzhou (Huangpu),Hard,32,C,O,20250908,28,HD68,8,,Billy Harris,R,193,GBR,30.62,136,467,O0A2,,,Gauthier Onclin,R,180,BEL,24.531,215,255,6-2 7-6(6),3,QF,126,6,3,81,48,34,17,10,6,7,1,3,71,46,28,13,10,9,12
2025-2937,Guangzhou (Huangpu),Hard,32,C,O,20250908,29,TE30,6,,Alejandro Tabilo,L,188,CHI,28.268,125,517,O483,1,,Christopher O'Connell,R,183,AUS,31.266,89,694,2-1 RET,3,SF,22,1,1,18,10,8,3,2,1,1,0,0,5,5,4,0,1,0,0
2025-2937,Guangzhou (Huangpu),Hard,32,C,O,20250908,30,C0C8,2,,Juan Manuel Cerundolo,L,183,ARG,23.814,86,737,HD68,8,,Billy Harris,R,193,GBR,30.62,136,467,6-2 2-6 6-4,3,SF,139,2,3,68,36,29,18,13,0,2,3,3,74,36,27,21,13,3,6
2025-2937,Guangzhou (Huangpu),Hard,32,C,O,20250908,31,C0C8,2,,Juan Manuel Cerundolo,L,183,ARG,23.814,86,737,TE30,6,,Alejandro Tabilo,L,188,CHI,28.268,125,517,6-2 6-3,3,F,81,4,0,49,30,22,13,8,3,3,0,2,51,32,17,10,9,6,10
2025-3011,Winston Salem,Hard,32,C,O,20250908,1,LI10,,,Christian Langmo,R,191,USA,29.27,366,139,FA43,1,,Juan Pablo Ficovich,R,188,ARG,28.621,132,485,6-4 3-6 6-3,3,R32,142,10,4,83,55,42,17,14,3,4,1,2,87,56,40,16,14,5,7
2025-3011,Winston Salem,Hard,32,C,O,20250908,2,C0HT,2,,Murphy Cassone,R,188,USA,23.064,177,309,W0DD,,,Cooper Williams,R,191,USA,20.227,724,39,6-1 6-2,3,R32,61,10,2,43,24,22,11,8,1,1,0,2,40,24,13,7,7,0,4
2025-3011,Winston Salem,Hard,32,C,O,20250908,3,KC12,3,,Mitchell Krueger,R,188,USA,31.655,248,228,Z0AK,,,Tyler Zink,R,185,USA,24.605,358,142,6-1 6-2,3,R32,58,9,0,34,25,21,7,7,0,0,4,2,50,28,18,5,8,7,12
2025-3011,Winston Salem,Hard,32,C,O,20250908,4,P0HT,4,,Jack Pinnington Jones,R,180,GBR,22.445,240,238,B0EK,,,Moerani Bouzige,R,180,AUS,26.157,328,154,6-1 6-4,3,R32,88,7,5,61,40,33,9,9,3,3,2,6,46,23,16,8,8,1,4
2025-3011,Winston Salem,Hard,32,C,O,20250908,5,B0I5,,,Blaise Bicknell,R,191,JAM,23.784,599,58,M0ON,5,,Johannus Monday,L,198,GBR,23.628,238,240,6-4 5-7 7-5,3,R32,167,4,4,99,64,48,20,17,1,2,7,6,122,85,60,18,17,6,8
2025-3011,Winston Salem,Hard,32,C,O,20250908,6,G0IW,,,Antoine Ghibaudo,R,191,FRA,20.619,454,95,J0B5,6,,Garrett Johns,R,180,USA,24.726,293,178,6-3 6-4,3,R32,87,3,2,54,37,30,12,10,1,1,3,0,52,33,25,8,9,0,2
2025-3011,Winston Salem,Hard,32,C,O,20250908,7,RG42,7,,Alex Rybakov,L,185,USA,28.613,321,162,KD35,,,Thai-Son Kwiatkowski,R,188,USA,30.568,1378,4,7-6(3) 6-4,3,R32,116,4,3,69,50,41,12,11,3,3,3,2,81,54,35,16,11,9,10
2025-3011,Winston Salem,Hard,32,C,O,20250908,8,P0JL,,,Luca Pow,L,175,RUS,20.6,961,17,M0RE,,,Patrick Maloney,R,193,USA,25.58,323,162,6-2 6-3,3,R32,71,6,2,45,30,27,10,9,0,0,5,3,55,35,19,12,8,5,8
2025-3011,Winston Salem,Hard,32,C,O,20250908,9,B0NO,,,Darwin Blanch,L,185,USA,17.947,370,136,S0NV,,,Abdullah Shelbayh,L,180,JOR,21.812,375,133,6-3 6-4,3,R32,87,7,1,55,37,30,9,10,0,1,4,5,63,34,28,7,9,8,11
2025-3011,Winston Salem,Hard,32,C,O,20250908,10,D0DT,,,Martin Damm,L,203,USA,21.941,281,186,V0HG,,,Emon Van Loben Sels,R,183,USA,20.72,845,26,6-3 6-7(8) 6-3,3,R32,155,24,6,113,71,51,25,16,9,10,6,3,98,65,43,18,14,6,9
2025-3011,Winston Salem,Hard,32,C,O,20250908,11,J0DZ,,,Rafael Jodar,R,191,ESP,18.976,369,136,G0PP,,,Gavin Goode,,,USA,17.38,,,7-5 6-1,3,R32,90,4,1,57,35,30,11,10,5,6,1,1,58,41,24,7,9,4,8
2025-3011,Winston Salem,Hard,32,C,O,20250908,12,K0HZ,,,Aidan Kim,R,191,USA,20.789,606,57,M0G0,,,Ryuki Matsuda,R,157,JPN,25.697,471,91,6-3 6-4,3,R32,74,7,3,52,31,22,11,10,3,6,0,2,48,29,16,8,9,2,7
2025-3011,Winston Salem,Hard,32,C,O,20250908,13,PL39,,,Alfredo Perez,R,193,USA,28.298,361,141,W0C4,,,Edward Winter,R,178,AUS,20.98,530,74,6-2 4-6 7-6(6),3,R32,193,2,4,111,70,50,17,15,10,13,1,2,100,74,47,12,15,6,10
2025-3011,Winston Salem,Hard,32,C,O,20250908,14,S0TI,,,Philip Sekulic,R,191,AUS,22.01,473,90,M0RG,,,Daniel Milavsky,R,193,USA,23.989,449,97,7-6(2) 6-4,3,R32,134,3,6,89,55,38,14,11,11,14,3,2,69,43,26,10,11,2,6
2025-3011,Winston Salem,Hard,32,C,O,20250908,15,S0VM,,,Trevor Svajda,R,175,USA,19.387,506,81,I0B0,,,Andre Ilagan,L,173,USA,24.81,409,119,2-6 6-1 6-2,3,R32,125,9,3,89,47,32,22,12,9,12,2,5,75,34,21,18,11,9,14
2025-3011,Winston Salem,Hard,32,C,O,20250908,16,V0DG,,,Quinn Vandecasteele,R,191,USA,23.02,704,42,T0BW,,,James Trotter,R,183,JPN,26.114,187,289,6-2 6-4,3,R32,98,5,1,61,35,27,12,9,6,7,4,2,55,30,18,12,9,4,8
2025-3011,Winston Salem,Hard,32,C,O,20250908,17,C0HT,2,,Murphy Cassone,R,188,USA,23.064,177,309,S0TI,,,Philip Sekulic,R,191,AUS,22.01,473,90,6-1 6-4,3,R16,83,4,2,54,33,24,12,9,7,8,0,2,53,33,18,9,8,6,10
2025-3011,Winston Salem,Hard,32,C,O,20250908,18,KC12,3,,Mitchell Krueger,R,188,USA,31.655,248,228,PL39,,,Alfredo Perez,R,193,USA,28.298,361,141,6-4 7-6(5),3,R16,139,2,5,70,44,32,15,11,3,5,5,0,75,53,31,13,11,5,8
2025-3011,Winston Salem,Hard,32,C,O,20250908,19,P0HT,4,,Jack Pinnington Jones,R,180,GBR,22.445,240,238,V0DG,,,Quinn Vandecasteele,R,191,USA,23.02,704,42,6-3 6-3,3,R16,114,1,3,73,42,29,15,9,10,11,4,4,56,25,16,14,9,4,8
2025-3011,Winston Salem,Hard,32,C,O,20250908,20,S0VM,,,Trevor Svajda,R,175,USA,19.387,506,81,RG42,7,,Alex Rybakov,L,185,USA,28.613,321,162,6-3 6-3,3,R16,99,1,1,55,34,25,13,9,1,2,1,4,60,37,22,10,9,7,11
2025-3011,Winston Salem,Hard,32,C,O,20250908,21,G0IW,,,Antoine Ghibaudo,R,191,FRA,20.619,454,95,D0DT,,,Martin Damm,L,203,USA,21.941,281,186,7-6(5) 6-3,3,R16,96,2,5,66,37,30,18,11,2,3,11,5,55,31,26,13,10,2,4
2025-3011,Winston Salem,Hard,32,C,O,20250908,22,J0DZ,,,Rafael Jodar,R,191,ESP,18.976,369,136,P0JL,,,Luca Pow,L,175,RUS,20.6,961,17,6-3 1-0 RET,3,R16,49,3,0,28,22,18,4,5,1,1,0,1,28,15,10,5,5,0,2
2025-3011,Winston Salem,Hard,32,C,O,20250908,23,K0HZ,,,Aidan Kim,R,191,USA,20.789,606,57,B0I5,,,Blaise Bicknell,R,191,JAM,23.784,599,58,6-1 1-6 6-3,3,R16,103,2,1,66,43,30,16,12,3,5,2,5,73,50,35,9,11,8,11
2025-3011,Winston Salem,Hard,32,C,O,20250908,24,LI10,,,Christian Langmo,R,191,USA,29.27,366,139,B0NO,,,Darwin Blanch,L,185,USA,17.947,370,136,3-6 6-3 6-3,3,R16,149,9,6,90,51,39,21,13,6,7,3,8,95,61,40,18,14,7,10
2025-3011,Winston Salem,Hard,32,C,O,20250908,25,S0VM,,,Trevor Svajda,R,175,USA,19.387,506,81,C0HT,2,,Murphy Cassone,R,188,USA,23.064,177,309,7-6(3) 6-2,3,QF,98,6,3,64,42,35,11,10,1,2,7,2,61,40,26,11,10,5,8
2025-3011,Winston Salem,Hard,32,C,O,20250908,26,J0DZ,,,Rafael Jodar,R,191,ESP,18.976,369,136,KC12,3,,Mitchell Krueger,R,188,USA,31.655,248,228,6-3 6-2,3,QF,89,5,3,61,38,29,10,9,2,3,0,5,48,32,17,6,8,1,5
2025-3011,Winston Salem,Hard,32,C,O,20250908,27,P0HT,4,,Jack Pinnington Jones,R,180,GBR,22.445,240,238,K0HZ,,,Aidan Kim,R,191,USA,20.789,606,57,6-4 6-4,3,QF,110,4,5,57,30,24,16,10,0,1,11,2,79,42,24,19,10,9,12
2025-3011,Winston Salem,Hard,32,C,O,20250908,28,LI10,,,Christian Langmo,R,191,USA,29.27,366,139,G0IW,,,Antoine Ghibaudo,R,191,FRA,20.619,454,95,6-4 6-4,3,QF,123,7,2,61,36,29,14,10,3,3,4,3,75,47,32,14,10,6,8
2025-3011,Winston Salem,Hard,32,C,O,20250908,29,P0HT,4,,Jack Pinnington Jones,R,180,GBR,22.445,240,238,LI10,,,Christian Langmo,R,191,USA,29.27,366,139,6-3 6-4,3,SF,93,9,2,47,33,28,12,10,0,0,9,1,60,49,32,5,9,2,4
2025-3011,Winston Salem,Hard,32,C,O,20250908,30,S0VM,,,Trevor Svajda,R,175,USA,19.387,506,81,J0DZ,,,Rafael Jodar,R,191,ESP,18.976,369,136,7-5 7-5,3,SF,119,1,2,83,53,35,17,12,4,7,2,4,71,38,24,15,12,1,6
2025-3011,Winston Salem,Hard,32,C,O,20250908,31,P0HT,4,,Jack Pinnington Jones,R,180,GBR,22.445,240,238,S0VM,,,Trevor Svajda,R,175,USA,19.387,506,81,6-2 6-2,3,F,96,4,5,55,27,22,16,8,4,4,2,1,54,35,18,8,8,7,11
2025-3503,Rennes,Hard,32,C,I,20250908,1,G09O,1,,Hugo Gaston,L,173,FRA,24.95,128,513,N731,,,Christoph Negritu,R,193,GER,31.469,298,173,6-2 7-5,3,R32,79,4,0,50,27,24,17,10,2,2,10,1,79,54,35,8,10,6,9
2025-3503,Rennes,Hard,32,C,I,20250908,2,W367,2,,Stan Wawrinka,R,183,SUI,40.449,149,417,D750,,,Kenny De Schepper,L,203,FRA,38.281,636,54,6-4 6-4,3,R32,78,3,4,55,31,27,16,10,1,1,4,2,64,46,33,6,10,5,7
2025-3503,Rennes,Hard,32,C,I,20250908,3,M0G4,3,,Harold Mayot,R,180,FRA,23.592,152,401,B0JJ,,,Robin Bertrand,R,178,FRA,22.486,310,166,6-0 6-3,3,R32,63,6,3,55,36,24,12,8,5,6,0,1,41,25,11,7,7,2,7
2025-3503,Rennes,Hard,32,C,I,20250908,4,D0DW,4,,Titouan Droguet,R,191,FRA,24.233,162,349,MW76,,,Matteo Martineau,R,183,FRA,26.645,267,199,6-3 3-6 7-5,3,R32,105,13,3,79,64,55,5,15,2,3,8,4,92,68,48,14,15,5,7
2025-3503,Rennes,Hard,32,C,I,20250908,5,G0GW,6,,Sascha Gueymard Wayenburg,R,191,FRA,22.105,208,262,P0GN,,,Tom Paris,R,193,FRA,23.017,302,170,6-2 6-4,3,R32,72,5,2,54,33,27,11,9,5,6,4,1,48,30,17,9,9,0,4
2025-3503,Rennes,Hard,32,C,I,20250908,6,C0NB,7,,Federico Cina,R,185,ITA,18.445,204,263,PJ74,,,Lucas Poullain,R,175,FRA,29.76,368,138,6-1 6-3,3,R32,74,2,1,56,34,27,8,8,2,3,0,0,51,39,17,6,8,3,8
2025-3503,Rennes,Hard,32,C,I,20250908,7,B0ER,8,,Arthur Bouquier,R,188,FRA,24.704,217,254,G09C,,,Marek Gengel,R,185,CZE,29.977,250,224,4-6 6-3 6-4,3,R32,119,16,8,97,65,51,12,15,11,13,5,2,92,62,45,13,14,6,9
2025-3503,Rennes,Hard,32,C,I,20250908,8,A09T,,,Dan Added,R,183,FRA,26.407,274,193,M0TO,,,Mae Malige,R,173,FRA,19.447,496,85,6-4 6-3,3,R32,98,5,0,54,36,29,10,9,3,3,5,5,76,51,33,12,10,7,10
2025-3503,Rennes,Hard,32,C,I,20250908,9,BK24,,,Gregoire Barrere,R,183,FRA,31.559,376,132,J0EM,,,Daniel Jade,,,FRA,16.482,1709,2,6-1 6-2,3,R32,53,9,1,40,26,18,9,7,5,6,1,5,49,31,18,2,8,9,15
2025-3503,Rennes,Hard,32,C,I,20250908,10,C0BH,,,Clement Chidekh,R,180,FRA,24.238,228,245,U176,,,Vadym Ursu,R,183,UKR,28.684,502,82,6-0 6-2,3,R32,60,3,3,38,28,22,6,7,0,0,2,2,62,37,17,11,7,9,14
2025-3503,Rennes,Hard,32,C,I,20250908,11,CG94,,,Enzo Couacaud,R,183,FRA,30.524,543,70,K926,,,Mikhail Kukushkin,R,183,KAZ,37.703,231,244,7-5 6-3,3,R32,72,13,2,67,42,32,14,11,5,6,5,1,52,33,22,12,10,1,4
2025-3503,Rennes,Hard,32,C,I,20250908,12,C0HB,,,Eliakim Coulibaly,L,180,CIV,23.346,289,180,R0HQ,,,Leo Raquillet,R,191,FRA,19.929,853,26,6-4 6-7(0) 6-2,3,R32,127,15,3,88,53,44,17,15,6,7,6,1,97,55,40,22,15,6,10
2025-3503,Rennes,Hard,32,C,I,20250908,13,GG65,,,Michael Geerts,R,178,BEL,30.642,324,161,C0JT,,,Robin Catry,R,196,FRA,23.51,628,54,6-4 3-6 6-4,3,R32,127,1,0,74,47,38,16,14,1,2,18,5,106,77,57,10,15,6,8
2025-3503,Rennes,Hard,32,C,I,20250908,14,J620,,,Maxime Janvier,R,196,FRA,28.89,565,66,GC89,,,Egor Gerasimov,R,196,BLR,32.824,548,68,7-6(5) 6-4,3,R32,114,5,8,73,48,39,10,11,3,5,4,2,95,61,37,16,11,8,11
2025-3503,Rennes,Hard,32,C,I,20250908,15,K0DB,,,Cannon Kingsley,R,191,USA,24.342,567,65,C0JX,,,Sean Cuenin,R,183,FRA,21.561,494,85,6-4 7-6(5),3,R32,96,13,0,72,51,36,14,11,5,6,8,4,68,43,31,13,11,1,3
2025-3503,Rennes,Hard,32,C,I,20250908,16,Z09F,,,Patrick Zahraj,R,191,GER,26.146,259,211,V0BD,,,Nikolay Vylegzhanin,R,178,RUS,25.391,488,86,3-6 7-6(2) 6-2,3,R32,134,4,7,94,53,40,15,14,5,10,2,10,87,50,32,18,15,4,10
2025-3503,Rennes,Hard,32,C,I,20250908,17,G09O,1,,Hugo Gaston,L,173,FRA,24.95,128,513,CG94,,,Enzo Couacaud,R,183,FRA,30.524,543,70,6-3 1-0 RET,3,R16,39,4,3,29,20,18,5,5,0,0,2,0,30,19,13,4,5,1,3
2025-3503,Rennes,Hard,32,C,I,20250908,18,W367,2,,Stan Wawrinka,R,183,SUI,40.449,149,417,A09T,,,Dan Added,R,183,FRA,26.407,274,193,6-3 6-4,3,R16,71,10,0,54,28,24,19,10,1,1,3,1,50,29,20,12,9,0,2
2025-3503,Rennes,Hard,32,C,I,20250908,19,M0G4,3,,Harold Mayot,R,180,FRA,23.592,152,401,BK24,,,Gregoire Barrere,R,183,FRA,31.559,376,132,6-3 7-6(8),3,R16,98,4,4,67,48,38,6,10,2,4,3,2,99,59,35,18,11,10,14
2025-3503,Rennes,Hard,32,C,I,20250908,20,K0DB,,,Cannon Kingsley,R,191,USA,24.342,567,65,D0DW,4,,Titouan Droguet,R,191,FRA,24.233,162,349,6-2 5-7 6-3,3,R16,111,2,0,92,63,45,18,15,6,7,11,2,79,54,39,12,14,2,5
2025-3503,Rennes,Hard,32,C,I,20250908,21,C0HB,,,Eliakim Coulibaly,L,180,CIV,23.346,289,180,G0GW,6,,Sascha Gueymard Wayenburg,R,191,FRA,22.105,208,262,7-6(6) 6-3,3,R16,88,7,5,70,48,41,13,11,1,1,2,2,68,41,32,13,10,4,5
2025-3503,Rennes,Hard,32,C,I,20250908,22,GG65,,,Michael Geerts,R,178,BEL,30.642,324,161,C0NB,7,,Federico Cina,R,185,ITA,18.445,204,263,6-2 7-6(4),3,R16,86,1,1,60,42,34,9,10,0,1,6,2,60,33,26,10,10,0,3
2025-3503,Rennes,Hard,32,C,I,20250908,23,Z09F,,,Patrick Zahraj,R,191,GER,26.146,259,211,B0ER,8,,Arthur Bouquier,R,188,FRA,24.704,217,254,1-6 7-6(5) 6-4,3,R16,163,7,4,108,73,43,16,14,8,14,12,5,117,77,52,12,15,9,14
2025-3503,Rennes,Hard,32,C,I,20250908,24,C0BH,,,Clement Chidekh,R,180,FRA,24.238,228,245,J620,,,Maxime Janvier,R,196,FRA,28.89,565,66,6-3 6-7(4) 6-4,3,R16,150,2,8,120,69,48,28,15,10,12,13,4,101,63,43,20,16,4,9
2025-3503,Rennes,Hard,32,C,I,20250908,25,G09O,1,,Hugo Gaston,L,173,FRA,24.95,128,513,C0HB,,,Eliakim Coulibaly,L,180,CIV,23.346,289,180,7-5 6-2,3,QF,82,3,0,53,28,21,17,10,1,3,2,1,68,44,28,7,10,2,7
2025-3503,Rennes,Hard,32,C,I,20250908,26,W367,2,,Stan Wawrinka,R,183,SUI,40.449,149,417,GG65,,,Michael Geerts,R,178,BEL,30.642,324,161,7-6(2) 7-5,3,QF,112,6,1,77,44,39,17,12,0,0,2,2,77,55,39,14,12,3,4
2025-3503,Rennes,Hard,32,C,I,20250908,27,C0BH,,,Clement Chidekh,R,180,FRA,24.238,228,245,M0G4,3,,Harold Mayot,R,180,FRA,23.592,152,401,6-2 2-6 6-4,3,QF,121,3,3,94,64,39,16,13,9,12,5,1,86,50,32,19,13,10,14
2025-3503,Rennes,Hard,32,C,I,20250908,28,Z09F,,,Patrick Zahraj,R,191,GER,26.146,259,211,K0DB,,,Cannon Kingsley,R,191,USA,24.342,567,65,6-4 3-6 6-3,3,QF,129,11,6,89,64,50,11,14,5,7,8,2,98,59,38,21,14,3,6
2025-3503,Rennes,Hard,32,C,I,20250908,29,G09O,1,,Hugo Gaston,L,173,FRA,24.95,128,513,C0BH,,,Clement Chidekh,R,180,FRA,24.238,228,245,6-3 2-6 6-2,3,SF,114,7,1,80,49,28,19,13,8,12,2,15,95,62,42,9,12,12,17
2025-3503,Rennes,Hard,32,C,I,20250908,30,W367,2,,Stan Wawrinka,R,183,SUI,40.449,149,417,Z09F,,,Patrick Zahraj,R,191,GER,26.146,259,211,7-6(3) 6-2,3,SF,103,7,1,57,33,29,14,10,2,3,5,3,73,44,31,11,10,7,10
2025-3503,Rennes,Hard,32,C,I,20250908,31,G09O,1,,Hugo Gaston,L,173,FRA,24.95,128,513,W367,2,,Stan Wawrinka,R,183,SUI,40.449,149,417,6-4 6-4,3,F,85,1,2,62,38,28,15,10,4,5,4,0,67,48,33,7,10,4,7
2025-448,Szczecin,Clay,32,C,O,20250908,1,KI82,1,,Vit Kopriva,R,178,CZE,28.233,88,734,M0E1,,,Daniel Michalski,R,180,POL,25.659,295,176,6-4 7-5,3,R32,110,3,5,69,39,31,14,11,6,7,0,0,64,32,23,16,11,2,5
2025-448,Szczecin,Clay,32,C,O,20250908,2,T0A1,2,,Thiago Agustin Tirante,R,185,ARG,24.413,116,543,V717,,,Alexey Vatutin,R,178,RUS,32.865,317,163,6-1 6-1,3,R32,58,5,0,38,22,18,8,7,1,2,0,5,51,37,16,4,7,4,10
2025-448,Szczecin,Clay,32,C,O,20250908,3,P0CT,3,,Francesco Passaro,R,180,ITA,24.668,145,425,J0F9,,,Dorian Juszczak,R,178,POL,20.496,1815,1,6-0 6-1,3,R32,62,4,0,28,22,18,6,6,0,0,1,2,55,32,16,6,7,8,14
2025-448,Szczecin,Clay,32,C,O,20250908,4,GE33,4,,Daniel Elahi Galan,R,191,COL,29.224,131,490,S0GZ,,,Nikolas Sanchez Izquierdo,R,185,ESP,26.486,297,174,6-7(4) 6-4 7-6(4),3,R32,190,4,6,131,82,59,20,17,6,10,4,3,106,66,43,21,17,6,11
2025-448,Szczecin,Clay,32,C,O,20250908,5,PH64,5,,Andrea Pellegrino,R,185,ITA,28.463,126,516,L0M5,,,Mateusz Lange,R,193,POL,19.68,,,6-0 7-5,3,R32,75,1,2,55,31,18,16,9,2,4,1,4,61,40,23,3,9,4,10
2025-448,Szczecin,Clay,32,C,O,20250908,6,B0OU,,,Hynek Barton,R,183,CZE,21.426,305,168,B0FV,6,,Roman Andres Burruchaga,R,183,ARG,23.625,143,431,5-7 6-4 7-5,3,R32,153,7,4,103,63,45,17,17,7,12,1,4,105,57,39,21,17,7,13
2025-448,Szczecin,Clay,32,C,O,20250908,7,SS25,,,Vitaliy Sachko,R,188,UKR,28.153,224,248,CH12,7,,Jan Choinski,R,196,GBR,29.246,218,254,7-5 4-6 6-3,3,R32,146,11,1,91,61,42,15,16,9,13,7,2,112,67,41,22,15,12,17
2025-448,Szczecin,Clay,32,C,O,20250908,8,L0CX,,,Pablo Llamas Ruiz,R,188,ESP,22.905,284,184,MJ08,8,,Thiago Monteiro,L,183,BRA,31.274,169,322,6-4 6-3,3,R32,,,,,,,,,,,,,,,,,,,
2025-448,Szczecin,Clay,32,C,O,20250908,9,BU54,,,Geoffrey Blancaneaux,R,180,FRA,27.086,272,194,B0AM,,,Lorenzo Bocchi,R,180,ITA,27.775,762,35,6-4 6-3,3,R32,96,4,3,51,32,26,10,9,0,1,2,1,66,35,19,16,10,10,14
2025-448,Szczecin,Clay,32,C,O,20250908,10,D0LJ,,,Diego Dedura,L,180,GER,17.492,347,146,P0AY,,,Luka Pavlovic,R,196,FRA,25.443,193,274,6-2 6-2,3,R32,60,0,0,49,36,26,9,8,2,2,5,4,45,23,14,8,8,2,6
2025-448,Szczecin,Clay,32,C,O,20250908,11,D0CG,,,Facundo Diaz Acosta,L,183,ARG,24.731,314,164,Y218,,,Elias Ymer,R,185,SWE,29.413,243,236,6-2 6-1,3,R32,74,2,2,34,23,18,7,7,1,2,3,3,60,48,24,1,8,8,14
2025-448,Szczecin,Clay,32,C,O,20250908,12,KC04,,,Jozef Kovalik,R,183,SVK,32.843,552,67,V0B2,,,Michael Vrbensky,R,,CZE,25.703,630,54,6-1 6-1,3,R32,54,1,3,37,20,18,10,7,0,0,0,1,40,22,11,6,7,3,8
2025-448,Szczecin,Clay,32,C,O,20250908,13,KC33,,,Dimitar Kuzmanov,R,183,BUL,32.115,260,208,W0F8,,,Alan Wazny,R,183,POL,18.264,1768,2,6-1 6-3,3,R32,72,0,0,43,31,24,9,8,0,0,0,4,60,40,24,6,8,3,7
2025-448,Szczecin,Clay,32,C,O,20250908,14,M0AC,,,Rudolf Molleker,R,188,GER,24.868,412,117,RH59,,,Santiago Rodriguez Taverna,R,191,ARG,26.149,226,248,7-5 5-7 7-5,3,R32,157,7,6,104,63,46,25,18,3,6,10,1,127,87,57,19,18,15,19
2025-448,Szczecin,Clay,32,C,O,20250908,15,P0K4,,,Tiago Pereira,R,0,PRT,21.218,285,183,P0EV,,,Andrew Paulson,R,191,CZE,23.811,595,59,7-6(8) 2-1 RET,3,R32,75,5,0,50,33,26,11,7,3,3,4,3,69,41,30,13,8,4,5
2025-448,Szczecin,Clay,32,C,O,20250908,16,S0AK,,,Henri Squire,R,196,GER,24.947,355,143,GE28,,,Ivan Gakhov,L,191,RUS,28.843,287,182,4-6 6-0 6-3,3,R32,117,4,7,81,55,40,11,13,9,12,4,1,84,44,26,17,12,10,16
2025-448,Szczecin,Clay,32,C,O,20250908,17,KI82,1,,Vit Kopriva,R,178,CZE,28.233,88,734,D0LJ,,,Diego Dedura,L,180,GER,17.492,347,146,6-2 6-4,3,R16,88,3,4,67,45,29,12,9,9,11,0,0,53,38,19,6,9,2,7
2025-448,Szczecin,Clay,32,C,O,20250908,18,T0A1,2,,Thiago Agustin Tirante,R,185,ARG,24.413,116,543,KC04,,,Jozef Kovalik,R,183,SVK,32.843,552,67,6-3 4-6 7-5,3,R16,160,14,3,93,58,41,17,15,6,10,3,5,105,62,40,17,16,6,12
2025-448,Szczecin,Clay,32,C,O,20250908,19,S0AK,,,Henri Squire,R,196,GER,24.947,355,143,P0CT,3,,Francesco Passaro,R,180,ITA,24.668,145,425,3-6 7-6(8) 6-3,3,R16,153,6,2,108,80,55,15,14,8,10,10,3,119,73,51,22,16,11,14
2025-448,Szczecin,Clay,32,C,O,20250908,20,BU54,,,Geoffrey Blancaneaux,R,180,FRA,27.086,272,194,GE33,4,,Daniel Elahi Galan,R,191,COL,29.224,131,490,6-4 6-3,3,R16,88,2,4,47,35,29,7,9,0,0,4,0,58,39,24,11,10,2,5
2025-448,Szczecin,Clay,32,C,O,20250908,21,PH64,5,,Andrea Pellegrino,R,185,ITA,28.463,126,516,M0AC,,,Rudolf Molleker,R,188,GER,24.868,412,117,6-3 6-2,3,R16,71,7,3,61,42,34,11,9,5,5,4,0,55,31,23,7,8,1,4
2025-448,Szczecin,Clay,32,C,O,20250908,22,D0CG,,,Facundo Diaz Acosta,L,183,ARG,24.731,314,164,B0OU,,,Hynek Barton,R,183,CZE,21.426,305,168,5-7 6-3 6-4,3,R16,149,6,4,91,56,44,18,16,9,12,7,2,84,51,38,14,15,1,5
2025-448,Szczecin,Clay,32,C,O,20250908,23,L0CX,,,Pablo Llamas Ruiz,R,188,ESP,22.905,284,184,KC33,,,Dimitar Kuzmanov,R,183,BUL,32.115,260,208,7-6(5) 6-1,3,R16,129,2,1,97,65,40,17,10,12,14,5,1,81,53,31,13,9,7,11
2025-448,Szczecin,Clay,32,C,O,20250908,24,SS25,,,Vitaliy Sachko,R,188,UKR,28.153,224,248,P0K4,,,Tiago Pereira,R,0,PRT,21.218,285,183,6-7(3) 6-4 6-4,3,R16,155,3,5,105,61,39,24,16,7,11,2,3,112,69,40,22,16,10,16
2025-448,Szczecin,Clay,32,C,O,20250908,25,L0CX,,,Pablo Llamas Ruiz,R,188,ESP,22.905,284,184,KI82,1,,Vit Kopriva,R,178,CZE,28.233,88,734,6-3 2-6 7-5,3,QF,149,1,1,84,56,32,14,14,3,8,3,0,92,62,33,16,15,7,13
2025-448,Szczecin,Clay,32,C,O,20250908,26,T0A1,2,,Thiago Agustin Tirante,R,185,ARG,24.413,116,543,SS25,,,Vitaliy Sachko,R,188,UKR,28.153,224,248,6-2 7-6(3),3,QF,95,1,3,59,30,24,22,10,2,2,2,1,61,40,30,9,10,1,3
2025-448,Szczecin,Clay,32,C,O,20250908,27,BU54,,,Geoffrey Blancaneaux,R,180,FRA,27.086,272,194,PH64,5,,Andrea Pellegrino,R,185,ITA,28.463,126,516,6-4 6-2,3,QF,84,1,3,63,37,27,16,9,5,5,0,1,48,33,22,7,9,2,5
2025-448,Szczecin,Clay,32,C,O,20250908,28,D0CG,,,Facundo Diaz Acosta,L,183,ARG,24.731,314,164,S0AK,,,Henri Squire,R,196,GER,24.947,355,143,4-6 7-5 7-6(6),3,QF,192,4,5,108,70,51,14,17,1,6,6,9,135,84,54,19,17,9,14
2025-448,Szczecin,Clay,32,C,O,20250908,29,T0A1,2,,Thiago Agustin Tirante,R,185,ARG,24.413,116,543,BU54,,,Geoffrey Blancaneaux,R,180,FRA,27.086,272,194,6-7(3) 6-3 6-0,3,SF,150,5,2,81,44,31,24,14,0,2,3,6,94,58,38,13,13,8,14
2025-448,Szczecin,Clay,32,C,O,20250908,30,L0CX,,,Pablo Llamas Ruiz,R,188,ESP,22.905,284,184,D0CG,,,Facundo Diaz Acosta,L,183,ARG,24.731,314,164,6-7(5) 6-2 6-3,3,SF,162,1,3,100,69,46,19,15,7,8,1,4,95,51,34,23,14,8,12
2025-448,Szczecin,Clay,32,C,O,20250908,31,T0A1,2,,Thiago Agustin Tirante,R,185,ARG,24.413,116,543,L0CX,,,Pablo Llamas Ruiz,R,188,ESP,22.905,284,184,6-3 6-2,3,F,82,7,1,57,29,22,18,9,2,2,3,1,51,38,22,6,8,4,7
2025-7085,Biella,Clay,32,C,O,20250908,1,A0BA,,,Federico Arnaboldi,R,185,ITA,25.224,373,135,TA12,1,,Stefano Travaglia,R,185,ITA,33.697,233,243,W/O,3,R32,,,,,,,,,,,,,,,,,,,
2025-7085,Biella,Clay,32,C,O,20250908,2,KH56,2,,Zdenek Kolar,R,183,CZE,28.914,276,193,P0G5,,,Stefan Popovic,R,178,SRB,22.292,550,68,7-5 6-1,3,R32,79,2,1,52,33,25,13,10,0,1,0,3,54,29,15,12,9,3,7
2025-7085,Biella,Clay,32,C,O,20250908,3,CF01,3,,Marco Cecchinato,R,185,ITA,32.939,278,190,G0CV,,,Buvaysar Gadamauri,R,180,BEL,25.164,597,59,6-1 4-6 7-6(4),3,R32,157,3,1,109,78,46,22,15,13,17,1,2,99,68,40,16,14,13,18
2025-7085,Biella,Clay,32,C,O,20250908,4,RC04,4,,Alexander Ritschard,R,193,SUI,31.461,335,151,G0IB,,,Tom Gentzsch,R,191,GER,22.01,269,196,6-2 4-4 RET,3,R32,70,1,3,40,20,16,14,8,0,1,1,2,49,39,23,4,8,1,4
2025-7085,Biella,Clay,32,C,O,20250908,5,T0FI,5,,Marko Topo,R,185,GER,21.988,288,181,BV24,,,Raul Brancaccio,R,183,ITA,28.348,380,132,6-3 6-4,3,R32,66,6,0,57,39,30,13,10,1,1,3,1,48,31,21,12,9,1,3
2025-7085,Biella,Clay,32,C,O,20250908,6,M0HT,6,,Alejandro Moro Canas,R,183,ESP,24.753,266,200,I09N,,,Federico Iannaccone,R,183,ITA,26.456,622,55,6-0 6-0,3,R32,56,2,0,27,18,17,7,6,0,0,0,0,40,27,8,4,6,3,9
2025-7085,Biella,Clay,32,C,O,20250908,7,PL64,7,,Oleg Prihodko,R,180,UKR,27.932,329,153,CD00,,,Maxime Chazal,R,175,FRA,32.375,574,63,6-4 6-2,3,R32,82,9,0,62,45,32,10,9,6,7,1,5,53,30,19,11,9,1,5
2025-7085,Biella,Clay,32,C,O,20250908,8,SO20,8,,Jelle Sels,R,188,NED,30.081,340,151,V0D4,,,Eric Vanshelboim,R,188,UKR,24.151,489,86,6-3 7-5,3,R32,105,1,0,71,51,35,13,11,8,9,1,2,59,45,30,5,10,2,5
2025-7085,Biella,Clay,32,C,O,20250908,9,C0NN,,,Gianluca Cadenasso,R,175,ITA,20.942,511,79,O639,,,Giovanni Oradini,L,188,ITA,27.984,591,60,6-3 6-3,3,R32,88,0,1,48,40,30,4,9,1,2,3,0,72,47,27,13,9,10,14
2025-7085,Biella,Clay,32,C,O,20250908,10,F0F4,,,Kilian Feldbausch,R,191,SUI,20.003,386,130,WB19,,,Alexander Weis,R,188,ITA,28.375,490,86,7-5 6-3,3,R32,99,1,1,57,45,29,9,10,1,3,1,2,71,40,26,12,11,1,6
2025-7085,Biella,Clay,32,C,O,20250908,11,FC49,,,Giovanni Fonio,R,183,ITA,27.34,416,115,R0HK,,,Filippo Romano,R,188,ITA,20.172,573,63,7-6(4) 6-4,3,R32,116,5,1,75,47,34,16,11,2,4,2,1,79,46,27,20,11,1,4
2025-7085,Biella,Clay,32,C,O,20250908,12,M0EA,,,Pol Martin Tiffon,R,183,ESP,26.111,280,188,P0JG,,,Gabriele Pennaforti,R,191,ITA,24.983,462,93,7-5 4-6 6-3,3,R32,157,2,3,104,57,34,27,16,3,7,7,5,93,69,45,9,15,6,11
2025-7085,Biella,Clay,32,C,O,20250908,13,M0N1,,,Luka Mikrut,R,188,CRO,21.396,256,219,C0OW,,,Lorenzo Carboni,R,168,ITA,19.529,450,97,6-1 6-4,3,R32,82,4,1,54,36,25,9,9,2,4,1,4,56,32,14,13,8,5,10
2025-7085,Biella,Clay,32,C,O,20250908,14,N679,,,Stefano Napolitano,R,196,ITA,30.412,847,26,DG80,,,Enrico Dalla Valle,R,196,ITA,27.469,441,101,6-1 6-4,3,R32,96,2,1,57,42,27,9,9,3,4,2,1,50,36,20,6,8,2,6
2025-7085,Biella,Clay,32,C,O,20250908,15,DB59,,,Dennis Novak,R,183,AUT,32.03,399,125,K0CJ,,,Sandro Kopp,R,185,AUT,25.287,333,152,4-6 6-3 7-5,3,R32,141,4,0,99,70,49,11,16,7,11,2,1,100,74,44,13,15,5,10
2025-7085,Biella,Clay,32,C,O,20250908,16,S0GV,,,Robert Strombachs,R,191,LAT,25.982,339,151,P0I6,,,Gabriele Piraino,L,188,ITA,21.823,351,145,6-3 6-4,3,R32,75,6,2,54,37,27,11,10,0,1,2,2,52,34,23,8,9,3,6
2025-7085,Biella,Clay,32,C,O,20250908,17,KH56,2,,Zdenek Kolar,R,183,CZE,28.914,276,193,FC49,,,Giovanni Fonio,R,183,ITA,27.34,416,115,4-6 7-6(2) 6-1,3,R16,138,4,4,89,66,50,13,15,2,3,9,2,106,65,42,24,14,8,10
2025-7085,Biella,Clay,32,C,O,20250908,18,F0F4,,,Kilian Feldbausch,R,191,SUI,20.003,386,130,CF01,3,,Marco Cecchinato,R,185,ITA,32.939,278,190,3-6 6-1 6-4,3,R16,116,0,3,82,57,39,15,13,5,7,1,0,78,55,31,14,13,6,10
2025-7085,Biella,Clay,32,C,O,20250908,19,C0NN,,,Gianluca Cadenasso,R,175,ITA,20.942,511,79,RC04,4,,Alexander Ritschard,R,193,SUI,31.461,335,151,6-2 2-6 6-4,3,R16,107,1,1,84,61,40,12,13,2,5,1,1,69,46,31,12,13,2,6
2025-7085,Biella,Clay,32,C,O,20250908,20,T0FI,5,,Marko Topo,R,185,GER,21.988,288,181,S0GV,,,Robert Strombachs,R,191,LAT,25.982,339,151,7-5 0-6 6-3,3,R16,121,1,2,94,73,42,11,13,8,13,9,5,89,59,40,12,14,4,9
2025-7085,Biella,Clay,32,C,O,20250908,21,M0EA,,,Pol Martin Tiffon,R,183,ESP,26.111,280,188,M0HT,6,,Alejandro Moro Canas,R,183,ESP,24.753,266,200,7-6(6) 6-2,3,R16,108,2,5,79,45,29,16,10,8,10,4,4,63,41,28,7,10,3,7
2025-7085,Biella,Clay,32,C,O,20250908,22,M0N1,,,Luka Mikrut,R,188,CRO,21.396,256,219,PL64,7,,Oleg Prihodko,R,180,UKR,27.932,329,153,6-4 RET,3,R16,42,3,0,27,18,10,6,5,3,5,0,2,27,19,11,1,5,0,3
2025-7085,Biella,Clay,32,C,O,20250908,23,SO20,8,,Jelle Sels,R,188,NED,30.081,340,151,DB59,,,Dennis Novak,R,183,AUT,32.03,399,125,6-3 6-7(5) 6-4,3,R16,148,7,3,107,69,46,20,15,8,11,4,2,93,62,41,13,16,0,6
2025-7085,Biella,Clay,32,C,O,20250908,24,N679,,,Stefano Napolitano,R,196,ITA,30.412,847,26,A0BA,,,Federico Arnaboldi,R,185,ITA,25.224,373,135,6-2 6-0,3,R16,60,7,0,36,23,19,9,7,0,0,2,3,44,23,11,8,7,3,8
2025-7085,Biella,Clay,32,C,O,20250908,25,M0N1,,,Luka Mikrut,R,188,CRO,21.396,256,219,KH56,2,,Zdenek Kolar,R,183,CZE,28.914,276,193,6-2 6-1,3,QF,83,5,2,44,25,21,10,7,1,1,2,2,74,49,25,8,8,7,12
2025-7085,Biella,Clay,32,C,O,20250908,26,F0F4,,,Kilian Feldbausch,R,191,SUI,20.003,386,130,T0FI,5,,Marko Topo,R,185,GER,21.988,288,181,6-2 6-3,3,QF,82,0,1,53,41,28,9,8,5,5,0,1,66,46,23,10,9,7,11
2025-7085,Biella,Clay,32,C,O,20250908,27,C0NN,,,Gianluca Cadenasso,R,175,ITA,20.942,511,79,SO20,8,,Jelle Sels,R,188,NED,30.081,340,151,6-4 6-0,3,QF,80,1,0,42,31,23,10,8,1,1,1,1,55,35,18,9,8,3,7
2025-7085,Biella,Clay,32,C,O,20250908,28,N679,,,Stefano Napolitano,R,196,ITA,30.412,847,26,M0EA,,,Pol Martin Tiffon,R,183,ESP,26.111,280,188,6-1 6-2,3,QF,74,3,0,55,34,27,11,8,4,4,1,4,40,22,14,5,7,2,6
2025-7085,Biella,Clay,32,C,O,20250908,29,F0F4,,,Kilian Feldbausch,R,191,SUI,20.003,386,130,M0N1,,,Luka Mikrut,R,188,CRO,21.396,256,219,6-3 3-6 6-4,3,SF,139,0,3,96,74,46,9,14,4,8,4,3,92,48,28,22,14,7,12
2025-7085,Biella,Clay,32,C,O,20250908,30,N679,,,Stefano Napolitano,R,196,ITA,30.412,847,26,C0NN,,,Gianluca Cadenasso,R,175,ITA,20.942,511,79,6-3 6-3,3,SF,79,2,0,53,33,26,7,9,4,6,2,0,51,32,16,7,9,2,7
2025-7085,Biella,Clay,32,C,O,20250908,31,N679,,,Stefano Napolitano,R,196,ITA,30.412,847,26,F0F4,,,Kilian Feldbausch,R,191,SUI,20.003,386,130,7-5 6-3,3,F,113,6,0,65,45,29,10,10,5,8,0,2,77,57,31,7,11,8,14
2025-2811,Villa Maria,Clay,32,C,O,20250915,1,N0AM,1,,Emilio Nava,R,185,USA,23.786,100,633,SG56,,,Daniel Dutra da Silva,L,,BRA,37.196,352,145,4-6 6-4 6-4,3,R32,125,14,4,92,62,46,16,15,9,11,3,2,91,54,36,20,15,2,5
2025-2811,Villa Maria,Clay,32,C,O,20250915,2,M0OH,,,Lautaro Midon,R,180,ARG,21.465,262,216,DA31,2,,Hugo Dellien,R,180,BOL,32.249,124,527,6-0 2-6 6-3,3,R32,100,2,1,66,38,26,15,11,6,9,1,0,78,57,30,8,12,4,10
2025-2811,Villa Maria,Clay,32,C,O,20250915,3,M0IF,3,,Francesco Maestrelli,R,196,ITA,22.735,159,376,R0BC,,,Lorenzo Joaquin Rodriguez,R,196,ARG,25.963,462,94,7-6(14) 1-6 6-3,3,R32,148,7,8,106,77,58,10,14,3,6,1,2,85,57,42,18,14,1,3
2025-2811,Villa Maria,Clay,32,C,O,20250915,4,GJ16,4,,Federico Agustin Gomez,R,191,ARG,28.802,191,277,C0O4,,,Fernando Cavallo,R,188,ARG,19.756,905,21,6-2 7-5,3,R32,72,7,1,50,33,30,10,10,0,0,4,1,60,32,23,12,10,3,6
2025-2811,Villa Maria,Clay,32,C,O,20250915,5,DC48,,,Murkel Dellien,R,193,BOL,27.997,279,192,O660,5,,Genaro Alberto Olivieri,R,175,ARG,27.116,218,252,3-6 6-1 6-4,3,R32,120,3,0,83,55,37,14,13,3,6,3,2,77,58,35,9,13,7,12
2025-2811,Villa Maria,Clay,32,C,O,20250915,6,CC66,,,Andrea Collarini,L,183,ARG,33.624,252,226,B0GR,6,,Gonzalo Bueno,R,173,PER,21.451,211,261,6-7(4) 6-2 6-1,3,R32,162,3,5,82,62,45,8,13,2,4,2,4,106,72,44,11,14,5,12
2025-2811,Villa Maria,Clay,32,C,O,20250915,7,B0GY,7,,Alex Barrena,R,175,ARG,22.932,224,248,V821,,,Gonzalo Villanueva,R,175,ARG,30.672,347,146,7-6(4) 6-1,3,R32,93,5,0,56,29,18,18,10,1,4,0,2,57,28,17,10,9,3,8
2025-2811,Villa Maria,Clay,32,C,O,20250915,8,J0D2,,,Maximus Jones,R,185,THA,21.027,378,132,R0A7,8,,Joao Lucas Reis Da Silva,R,178,BRA,25.473,231,244,7-6(2) 6-4,3,R32,99,6,2,63,35,27,16,11,1,3,1,0,70,50,33,8,11,2,5
2025-2811,Villa Maria,Clay,32,C,O,20250915,9,BF23,,,Facundo Bagnis,L,183,ARG,35.548,468,92,A0IK,,,Luciano Emanuel Ambrogi,R,188,ARG,21.823,406,122,2-6 6-2 6-4,3,R32,129,1,3,77,49,35,12,13,1,4,0,2,73,51,32,11,13,2,6
2025-2811,Villa Maria,Clay,32,C,O,20250915,10,CG07,,,Hernan Casanova,R,178,ARG,31.606,435,106,KC29,,,Nicolas Kicker,R,178,ARG,33.081,299,175,6-3 6-2,3,R32,76,2,1,55,37,29,11,9,3,3,1,0,45,32,21,5,8,0,3
2025-2811,Villa Maria,Clay,32,C,O,20250915,11,J0AW,,,Guido Ivan Justo,R,178,ARG,27.745,386,129,T0DM,,,Juan Bautista Torres,R,178,ARG,23.455,396,126,6-7(5) 6-3 6-4,3,R32,204,4,4,108,72,42,10,15,6,14,1,3,129,93,45,12,16,14,25
2025-2811,Villa Maria,Clay,32,C,O,20250915,12,KE69,,,Mariano Kestelboim,R,185,ARG,29.607,436,105,J737,,,Facundo Juarez,R,175,ITA,27.978,582,62,6-4 6-3,3,R32,90,0,2,72,54,37,8,10,7,9,1,2,51,31,17,9,9,2,6
2025-2811,Villa Maria,Clay,32,C,O,20250915,13,L0GR,,,Juan Manuel La Serna,L,188,ARG,21.61,531,75,F0AF,,,Lautaro Agustin Falabella,L,175,ARG,27.655,847,27,7-6(2) 6-1,3,R32,80,1,1,51,37,30,11,10,0,1,0,2,62,41,30,7,9,0,3
2025-2811,Villa Maria,Clay,32,C,O,20250915,14,P0IY,,,Juan Carlos Prado Angelo,R,185,BOL,20.528,273,197,B0FI,,,Pedro Boscardin Dias,R,180,BRA,22.631,342,149,6-2 6-2,3,R32,63,0,0,37,30,27,5,8,0,0,1,2,55,28,16,13,8,3,7
2025-2811,Villa Maria,Clay,32,C,O,20250915,15,S0EK,,,Matias Soto,R,170,CHI,26.387,287,185,Z0DA,,,Carlos Maria Zarate,R,191,ARG,20.463,966,17,6-4 7-5,3,R32,98,5,1,68,38,28,18,11,3,4,6,2,78,51,30,16,11,3,6
2025-2811,Villa Maria,Clay,32,C,O,20250915,16,V836,,,Juan Pablo Varillas,R,185,PER,29.944,324,159,D0DK,,,Santiago De La Fuente,R,175,ARG,23.606,683,46,7-6(5) 6-3,3,R32,123,0,4,69,34,23,15,10,3,7,2,3,89,69,34,7,11,7,13
2025-2811,Villa Maria,Clay,32,C,O,20250915,17,N0AM,1,,Emilio Nava,R,185,USA,23.786,100,633,V836,,,Juan Pablo Varillas,R,185,PER,29.944,324,159,6-3 6-2,3,R16,74,6,1,56,39,32,8,9,1,1,1,1,52,26,15,14,8,5,8
2025-2811,Villa Maria,Clay,32,C,O,20250915,18,M0IF,3,,Francesco Maestrelli,R,196,ITA,22.735,159,376,S0EK,,,Matias Soto,R,170,CHI,26.387,287,185,6-2 6-4,3,R16,95,7,5,60,37,28,10,9,2,3,3,2,68,47,28,8,9,2,6
2025-2811,Villa Maria,Clay,32,C,O,20250915,19,GJ16,4,,Federico Agustin Gomez,R,191,ARG,28.802,191,277,CG07,,,Hernan Casanova,R,178,ARG,31.606,435,106,6-3 7-5,3,R16,76,9,2,61,37,27,16,11,0,1,1,2,58,45,28,7,10,0,3
2025-2811,Villa Maria,Clay,32,C,O,20250915,20,B0GY,7,,Alex Barrena,R,175,ARG,22.932,224,248,L0GR,,,Juan Manuel La Serna,L,188,ARG,21.61,531,75,6-4 7-6(5),3,R16,122,0,4,89,53,35,17,11,11,13,2,2,66,50,31,10,11,3,6
2025-2811,Villa Maria,Clay,32,C,O,20250915,21,BF23,,,Facundo Bagnis,L,183,ARG,35.548,468,92,CC66,,,Andrea Collarini,L,183,ARG,33.624,252,226,W/O,3,R16,,,,,,,,,,,,,,,,,,,
2025-2811,Villa Maria,Clay,32,C,O,20250915,22,DC48,,,Murkel Dellien,R,193,BOL,27.997,279,192,J0AW,,,Guido Ivan Justo,R,178,ARG,27.745,386,129,6-4 6-0,3,R16,86,2,2,55,40,28,10,8,5,5,0,0,48,31,16,7,8,4,8
2025-2811,Villa Maria,Clay,32,C,O,20250915,23,KE69,,,Mariano Kestelboim,R,185,ARG,29.607,436,105,M0OH,,,Lautaro Midon,R,180,ARG,21.465,262,216,2-6 6-3 6-3,3,R16,134,2,3,84,58,33,14,13,2,6,5,1,85,43,31,17,13,3,8
2025-2811,Villa Maria,Clay,32,C,O,20250915,24,P0IY,,,Juan Carlos Prado Angelo,R,185,BOL,20.528,273,197,J0D2,,,Maximus Jones,R,185,THA,21.027,378,132,6-4 6-1,3,R16,76,1,1,51,38,28,8,8,3,3,3,2,60,39,22,9,9,7,11
2025-2811,Villa Maria,Clay,32,C,O,20250915,25,N0AM,1,,Emilio Nava,R,185,USA,23.786,100,633,P0IY,,,Juan Carlos Prado Angelo,R,185,BOL,20.528,273,197,7-6(9) 6-4,3,QF,122,7,5,68,36,27,19,11,3,6,0,3,99,56,31,22,11,9,13
2025-2811,Villa Maria,Clay,32,C,O,20250915,26,DC48,,,Murkel Dellien,R,193,BOL,27.997,279,192,M0IF,3,,Francesco Maestrelli,R,196,ITA,22.735,159,376,6-3 0-6 6-1,3,QF,125,2,5,86,47,32,18,11,4,7,5,4,58,38,29,7,11,1,5
2025-2811,Villa Maria,Clay,32,C,O,20250915,27,GJ16,4,,Federico Agustin Gomez,R,191,ARG,28.802,191,277,BF23,,,Facundo Bagnis,L,183,ARG,35.548,468,92,6-2 7-6(2),3,QF,93,8,3,63,39,33,12,10,2,3,1,6,72,46,24,14,10,2,5
2025-2811,Villa Maria,Clay,32,C,O,20250915,28,B0GY,7,,Alex Barrena,R,175,ARG,22.932,224,248,KE69,,,Mariano Kestelboim,R,185,ARG,29.607,436,105,6-0 6-1,3,QF,57,3,2,39,23,19,10,7,0,0,2,0,40,24,11,4,6,2,7
2025-2811,Villa Maria,Clay,32,C,O,20250915,29,N0AM,1,,Emilio Nava,R,185,USA,23.786,100,633,DC48,,,Murkel Dellien,R,193,BOL,27.997,279,192,6-4 7-6(5),3,SF,121,10,4,92,55,42,19,11,11,12,3,4,82,55,35,14,11,6,8
2025-2811,Villa Maria,Clay,32,C,O,20250915,30,B0GY,7,,Alex Barrena,R,175,ARG,22.932,224,248,GJ16,4,,Federico Agustin Gomez,R,191,ARG,28.802,191,277,6-3 6-4,3,SF,74,3,1,60,38,28,14,10,3,4,2,2,53,40,28,3,9,7,10
2025-2811,Villa Maria,Clay,32,C,O,20250915,31,N0AM,1,,Emilio Nava,R,185,USA,23.786,100,633,B0GY,7,,Alex Barrena,R,175,ARG,22.932,224,248,6-3 6-3,3,F,71,7,3,59,35,27,13,9,2,3,1,1,58,40,24,9,9,4,8
2025-2891,Bad Waltersdorf,Clay,32,C,O,20250915,1,T0FI,,,Marko Topo,R,185,GER,22.007,282,189,MO44,1,,Pedro Martinez,R,185,ESP,28.389,67,873,6-1 3-0 RET,3,R32,41,5,0,26,16,15,8,5,0,0,0,0,27,20,7,4,5,1,5
2025-2891,Bad Waltersdorf,Clay,32,C,O,20250915,2,KI82,2,,Vit Kopriva,R,178,CZE,28.252,102,625,SX91,,,Thiago Seyboth Wild,R,185,BRA,25.517,148,420,6-3 3-6 7-6(1),3,R32,149,3,5,87,57,41,13,15,5,10,0,1,96,59,37,18,15,2,7
2025-2891,Bad Waltersdorf,Clay,32,C,O,20250915,3,CF59,3,,Roberto Carballes Baena,R,183,ESP,32.482,110,585,DB59,,,Dennis Novak,R,183,AUT,32.049,409,121,6-3 6-1,3,R32,67,2,3,52,33,23,12,8,2,2,2,0,42,31,16,6,8,1,5
2025-2891,Bad Waltersdorf,Clay,32,C,O,20250915,4,P0I6,,,Gabriele Piraino,L,188,ITA,21.843,382,130,T0A1,4,,Thiago Agustin Tirante,R,185,ARG,24.433,94,660,2-6 6-1 6-4,3,R32,123,2,3,73,56,40,7,13,2,6,1,2,79,49,32,11,12,4,9
2025-2891,Bad Waltersdorf,Clay,32,C,O,20250915,5,CD85,5,,Pablo Carreno Busta,R,188,ESP,34.179,125,518,N0CS,,,Lukas Neumayer,R,183,AUT,23.025,174,317,7-5 4-6 6-3,3,R32,137,5,0,85,54,42,17,16,3,6,2,2,87,51,32,21,15,6,10
2025-2891,Bad Waltersdorf,Clay,32,C,O,20250915,6,P0CT,,,Francesco Passaro,R,180,ITA,24.687,145,433,L987,6,,Dusan Lajovic,R,183,SRB,35.211,127,514,6-1 5-7 6-4,3,R32,120,5,3,86,51,36,20,15,1,4,1,0,85,59,33,16,14,3,8
2025-2891,Bad Waltersdorf,Clay,32,C,O,20250915,7,D0CG,,,Facundo Diaz Acosta,L,183,ARG,24.75,268,199,GE33,7,,Daniel Elahi Galan,R,191,COL,29.243,130,498,6-4 6-2,3,R32,89,3,1,59,43,32,10,9,3,3,3,1,60,39,25,10,9,5,8
2025-2891,Bad Waltersdorf,Clay,32,C,O,20250915,8,B0FV,8,,Roman Andres Burruchaga,R,183,ARG,23.644,146,431,G0FW,,,Vilius Gaubas,R,178,LTU,20.712,161,345,6-2 6-1,3,R32,65,1,1,36,24,21,7,7,0,0,1,2,53,29,15,10,8,4,9
2025-2891,Bad Waltersdorf,Clay,32,C,O,20250915,9,B0OU,,,Hynek Barton,R,183,CZE,21.446,302,171,M0BN,,,Marvin Moeller,R,178,GER,26.658,432,107,6-3 3-6 7-6(5),3,R32,131,14,1,96,66,48,14,15,4,7,0,0,105,63,40,22,15,10,13
2025-2891,Bad Waltersdorf,Clay,32,C,O,20250915,10,CH12,,,Jan Choinski,R,196,GBR,29.265,227,246,SS25,,,Vitaliy Sachko,R,188,UKR,28.172,210,261,6-1 6-4,3,R32,86,3,1,54,38,25,12,8,4,4,7,4,66,41,26,8,9,5,9
2025-2891,Bad Waltersdorf,Clay,32,C,O,20250915,11,KH56,,,Zdenek Kolar,R,183,CZE,28.934,270,199,D0L3,,,Matej Dodig,R,188,CRO,20.159,261,216,6-4 6-4,3,R32,90,3,2,60,34,24,19,10,2,2,4,3,66,40,31,11,10,5,7
2025-2891,Bad Waltersdorf,Clay,32,C,O,20250915,12,K0CJ,,,Sandro Kopp,R,185,AUT,25.306,338,152,Y218,,,Elias Ymer,R,185,SWE,29.432,242,236,6-4 6-4,3,R32,86,3,2,60,41,27,7,10,0,3,2,3,56,32,18,11,10,0,5
2025-2891,Bad Waltersdorf,Clay,32,C,O,20250915,13,MJ08,,,Thiago Monteiro,L,183,BRA,31.294,170,322,M0N7,,,Daniel Merida,R,188,ESP,20.969,166,332,6-3 6-1,3,R32,61,4,2,46,29,27,8,8,4,4,1,2,43,22,10,12,8,2,6
2025-2891,Bad Waltersdorf,Clay,32,C,O,20250915,14,P0AY,,,Luka Pavlovic,R,196,FRA,25.462,193,274,P0BM,,,Tadeas Paroulek,R,175,CZE,25.711,461,94,6-4 6-7(6) 6-3,3,R32,168,15,6,132,64,49,34,16,12,13,0,3,104,63,43,20,15,8,11
2025-2891,Bad Waltersdorf,Clay,32,C,O,20250915,15,S0WT,,,Joel Schwaerzler,L,188,AUT,19.633,248,230,SK94,,,Cedrik-Marcel Stebe,L,180,GER,34.935,445,99,7-5 6-1,3,R32,90,1,0,73,54,35,12,10,6,7,3,2,52,34,21,8,9,1,5
2025-2891,Bad Waltersdorf,Clay,32,C,O,20250915,16,S0QZ,,,Sebastian Sorger,R,178,AUT,19.74,632,54,KC04,,,Jozef Kovalik,R,183,SVK,32.862,515,80,6-4 5-7 6-4,3,R32,156,3,3,107,80,50,13,16,4,9,2,4,97,42,27,29,16,4,10
2025-2891,Bad Waltersdorf,Clay,32,C,O,20250915,17,KI82,2,,Vit Kopriva,R,178,CZE,28.252,102,625,S0WT,,,Joel Schwaerzler,L,188,AUT,19.633,248,230,6-4 6-2,3,R16,84,3,2,47,35,31,6,9,0,0,3,3,62,40,25,11,9,6,9
2025-2891,Bad Waltersdorf,Clay,32,C,O,20250915,18,CF59,3,,Roberto Carballes Baena,R,183,ESP,32.482,110,585,K0CJ,,,Sandro Kopp,R,185,AUT,25.306,338,152,6-1 3-6 6-2,3,R16,159,0,2,112,71,44,19,12,12,15,3,1,84,60,33,9,12,11,17
2025-2891,Bad Waltersdorf,Clay,32,C,O,20250915,19,CD85,5,,Pablo Carreno Busta,R,188,ESP,34.179,125,518,S0QZ,,,Sebastian Sorger,R,178,AUT,19.74,632,54,7-5 6-4,3,R16,102,4,0,58,41,27,10,11,1,4,0,6,92,64,39,10,11,9,14
2025-2891,Bad Waltersdorf,Clay,32,C,O,20250915,20,B0FV,8,,Roman Andres Burruchaga,R,183,ARG,23.644,146,431,MJ08,,,Thiago Monteiro,L,183,BRA,31.294,170,322,6-4 6-7(2) 6-0,3,R16,151,4,6,87,56,44,14,14,2,4,3,5,101,67,46,11,14,6,12
2025-2891,Bad Waltersdorf,Clay,32,C,O,20250915,21,B0OU,,,Hynek Barton,R,183,CZE,21.446,302,171,D0CG,,,Facundo Diaz Acosta,L,183,ARG,24.75,268,199,6-4 5-7 6-4,3,R16,148,4,3,93,62,46,17,16,1,3,1,2,92,55,38,23,16,3,6
2025-2891,Bad Waltersdorf,Clay,32,C,O,20250915,22,CH12,,,Jan Choinski,R,196,GBR,29.265,227,246,T0FI,,,Marko Topo,R,185,GER,22.007,282,189,2-6 6-1 7-6(6),3,R16,140,13,2,96,61,44,16,13,4,7,3,3,105,60,41,18,14,8,12
2025-2891,Bad Waltersdorf,Clay,32,C,O,20250915,23,KH56,,,Zdenek Kolar,R,183,CZE,28.934,270,199,P0I6,,,Gabriele Piraino,L,188,ITA,21.843,382,130,6-1 1-6 6-2,3,R16,98,6,2,67,42,30,15,11,7,9,1,3,62,37,25,12,11,3,7
2025-2891,Bad Waltersdorf,Clay,32,C,O,20250915,24,P0CT,,,Francesco Passaro,R,180,ITA,24.687,145,433,P0AY,,,Luka Pavlovic,R,196,FRA,25.462,193,274,6-2 6-2,3,R16,65,5,0,37,21,18,14,8,0,0,2,6,58,26,13,16,8,6,10
2025-2891,Bad Waltersdorf,Clay,32,C,O,20250915,25,KI82,2,,Vit Kopriva,R,178,CZE,28.252,102,625,CD85,5,,Pablo Carreno Busta,R,188,ESP,34.179,125,518,6-2 0-6 6-1,3,QF,110,4,3,75,47,33,10,11,5,9,2,3,71,41,24,10,10,8,13
2025-2891,Bad Waltersdorf,Clay,32,C,O,20250915,26,CF59,3,,Roberto Carballes Baena,R,183,ESP,32.482,110,585,B0OU,,,Hynek Barton,R,183,CZE,21.446,302,171,6-3 6-4,3,QF,99,0,2,60,43,31,10,10,1,2,4,4,67,37,24,12,9,3,6
2025-2891,Bad Waltersdorf,Clay,32,C,O,20250915,27,KH56,,,Zdenek Kolar,R,183,CZE,28.934,270,199,B0FV,8,,Roman Andres Burruchaga,R,183,ARG,23.644,146,431,6-0 6-4,3,QF,86,0,4,59,35,27,8,8,3,5,1,1,54,31,14,7,8,5,11
2025-2891,Bad Waltersdorf,Clay,32,C,O,20250915,28,CH12,,,Jan Choinski,R,196,GBR,29.265,227,246,P0CT,,,Francesco Passaro,R,180,ITA,24.687,145,433,7-6(4) 6-3,3,QF,96,9,2,70,42,32,19,11,3,4,5,2,67,39,29,14,10,1,3
2025-2891,Bad Waltersdorf,Clay,32,C,O,20250915,29,KI82,2,,Vit Kopriva,R,178,CZE,28.252,102,625,CF59,3,,Roberto Carballes Baena,R,183,ESP,32.482,110,585,6-1 6-3,3,SF,84,2,2,60,42,28,12,8,3,3,0,1,44,27,15,7,8,1,5
2025-2891,Bad Waltersdorf,Clay,32,C,O,20250915,30,CH12,,,Jan Choinski,R,196,GBR,29.265,227,246,KH56,,,Zdenek Kolar,R,183,CZE,28.934,270,199,6-4 6-2,3,SF,81,5,0,47,27,23,14,9,1,1,5,3,59,33,22,11,9,2,5
2025-2891,Bad Waltersdorf,Clay,32,C,O,20250915,31,CH12,,,Jan Choinski,R,196,GBR,29.265,227,246,KI82,2,,Vit Kopriva,R,178,CZE,28.252,102,625,7-5 6-4,3,F,106,5,1,68,42,30,15,11,5,7,4,3,65,33,23,14,11,0,4
2025-3023,Targu Mures 2,Clay,32,C,O,20250915,1,CI14,1,,Jay Clarke,R,183,GBR,27.138,194,273,O0BE,,,Oleksandr Ovcharenko,R,185,UKR,23.912,400,124,6-0 6-4,3,R32,76,1,4,51,29,21,12,8,4,5,0,2,56,38,24,1,8,4,9
2025-3023,Targu Mures 2,Clay,32,C,O,20250915,2,R0FP,2,,Daniel Rincon,L,185,ESP,22.689,209,262,I0A7,,,Nicholas David Ionel,R,,ROU,22.927,424,112,6-0 6-2,3,R32,70,1,3,51,24,17,15,7,4,5,0,4,46,36,14,3,7,0,6
2025-3023,Targu Mures 2,Clay,32,C,O,20250915,3,KC33,3,,Dimitar Kuzmanov,R,183,BUL,32.134,265,208,M0NL,,,Inaki Montes-De La Torre,R,178,ESP,22.951,377,132,7-6(3) 4-6 6-1,3,R32,198,1,2,104,74,41,16,14,7,13,1,5,106,67,36,17,15,9,17
2025-3023,Targu Mures 2,Clay,32,C,O,20250915,4,E0AC,4,,Mathys Erhard,R,188,FRA,23.888,274,195,M0SE,,,Maxim Mrva,R,178,CZE,18.122,425,111,7-6(6) 7-5,3,R32,125,3,3,90,59,43,17,12,4,6,4,7,89,45,28,25,12,4,7
2025-3023,Targu Mures 2,Clay,32,C,O,20250915,5,J09X,5,,Filip Cristian Jianu,R,180,ROU,23.992,263,214,N663,,,Maximilian Neuchrist,R,,AUT,34.152,385,129,6-2 6-7(2) 6-3,3,R32,136,2,4,88,64,48,13,15,4,5,7,3,91,59,43,16,14,10,14
2025-3023,Targu Mures 2,Clay,32,C,O,20250915,6,A0EA,,,Max Alcala Gurri,R,178,ESP,23.012,426,111,GA79,6,,Lorenzo Giustino,R,180,ITA,34.015,284,187,7-6(2) 2-1 RET,3,R32,101,2,3,43,28,18,9,7,0,3,2,3,65,37,26,6,8,4,8
2025-3023,Targu Mures 2,Clay,32,C,O,20250915,7,A09U,7,,Nicolas Alvarez Varona,R,188,ESP,24.329,303,171,R0BT,,,Franco Roncadelli,L,185,URU,25.607,371,133,6-4 6-4,3,R32,114,4,2,79,54,39,7,10,9,11,1,1,64,53,32,2,10,5,9
2025-3023,Targu Mures 2,Clay,32,C,O,20250915,8,B0LW,8,,Mika Brunold,R,191,SUI,20.953,314,165,M0EY,,,Alex Marti Pujolras,R,185,ESP,26.595,429,110,6-4 6-4,3,R32,123,2,5,74,33,18,17,10,4,10,1,6,64,37,16,8,10,6,14
2025-3023,Targu Mures 2,Clay,32,C,O,20250915,9,AA27,,,Franco Agamenone,R,191,ITA,32.419,408,121,F0HO,,,Thomas Faurel,R,178,FRA,19.65,595,61,6-1 6-3,3,R32,67,3,1,46,31,21,6,8,3,6,1,3,49,35,13,3,8,5,12
2025-3023,Targu Mures 2,Clay,32,C,O,20250915,10,B0C0,,,Gabi Adrian Boitan,R,185,ROU,26.182,354,144,B0Y3,,,Cezar Stefan Bentzel,,,ROU,17.128,,,6-0 6-3,3,R32,65,1,4,39,24,21,5,7,1,2,0,1,54,39,19,3,8,2,8
2025-3023,Targu Mures 2,Clay,32,C,O,20250915,11,D0CN,,,Miguel Damas,R,208,ESP,25.736,363,139,N0B4,,,Ryan Nijboer,R,180,NED,26.136,439,104,6-3 6-2,3,R32,94,1,0,48,30,24,13,9,0,0,2,7,61,34,26,7,8,6,9
2025-3023,Targu Mures 2,Clay,32,C,O,20250915,12,DF92,,,Corentin Denolly,L,188,FRA,28.277,320,162,C0MH,,,Gerard Campana Lee,R,183,KOR,20.956,593,61,6-7(2) 7-6(4) 6-2,3,R32,186,5,6,121,75,54,24,16,5,7,6,8,113,58,38,30,16,5,9
2025-3023,Targu Mures 2,Clay,32,C,O,20250915,13,G0EQ,,,Sebastian Gima,L,0,ROU,23.332,580,63,C0KE,,,Mihai Alexandru Coman,R,185,ROU,20.665,1491,4,6-2 6-2,3,R32,76,1,2,54,33,26,11,8,3,3,1,4,60,36,23,8,8,5,9
2025-3023,Targu Mures 2,Clay,32,C,O,20250915,14,L0ID,,,Jack Loge,R,180,BEL,20.83,538,74,Z419,,,Bernabe Zapata Miralles,R,183,ESP,28.674,413,117,6-4 3-6 6-3,3,R32,109,0,6,84,57,38,12,14,5,10,3,6,90,53,30,18,14,5,11
2025-3023,Targu Mures 2,Clay,32,C,O,20250915,15,P0DR,,,Andrea Picchione,R,183,ITA,27.274,393,127,T0AA,,,Dan Alexandru Tomescu,R,183,ROU,26.464,519,79,6-2 6-3,3,R32,86,0,2,51,26,22,15,9,0,0,0,2,53,32,20,10,8,4,7
2025-3023,Targu Mures 2,Clay,32,C,O,20250915,16,R0GN,,,Amaury Raynel,R,180,FRA,23.214,747,37,U0AC,,,Daniel Uta,R,173,ROU,18.836,2167,1,6-1 6-1,3,R32,73,1,0,53,49,27,4,7,2,4,0,4,53,34,15,4,7,7,14
2025-3023,Targu Mures 2,Clay,32,C,O,20250915,17,CI14,1,,Jay Clarke,R,183,GBR,27.138,194,273,R0GN,,,Amaury Raynel,R,180,FRA,23.214,747,37,6-2 6-4,3,R16,93,1,3,62,40,22,11,9,3,7,1,3,56,39,15,7,9,6,13
2025-3023,Targu Mures 2,Clay,32,C,O,20250915,18,R0FP,2,,Daniel Rincon,L,185,ESP,22.689,209,262,L0ID,,,Jack Loge,R,180,BEL,20.83,538,74,1-6 6-1 6-3,3,R16,107,2,3,75,44,31,13,11,3,6,0,1,78,60,30,10,12,4,9
2025-3023,Targu Mures 2,Clay,32,C,O,20250915,19,P0DR,,,Andrea Picchione,R,183,ITA,27.274,393,127,KC33,3,,Dimitar Kuzmanov,R,183,BUL,32.134,265,208,7-6(4) 6-7(3) 7-6(2),3,R16,201,3,3,116,82,57,20,18,3,6,2,2,118,88,58,17,18,4,7
2025-3023,Targu Mures 2,Clay,32,C,O,20250915,20,E0AC,4,,Mathys Erhard,R,188,FRA,23.888,274,195,G0EQ,,,Sebastian Gima,L,0,ROU,23.332,580,63,6-3 6-4,3,R16,75,0,2,59,43,33,6,10,1,2,0,2,50,30,21,10,9,2,5
2025-3023,Targu Mures 2,Clay,32,C,O,20250915,21,AA27,,,Franco Agamenone,R,191,ITA,32.419,408,121,J09X,5,,Filip Cristian Jianu,R,180,ROU,23.992,263,214,6-4 6-3,3,R16,90,1,0,56,38,24,9,9,2,4,0,0,67,40,19,14,10,6,11
2025-3023,Targu Mures 2,Clay,32,C,O,20250915,22,B0C0,,,Gabi Adrian Boitan,R,185,ROU,26.182,354,144,A09U,7,,Nicolas Alvarez Varona,R,188,ESP,24.329,303,171,6-7(2) 6-3 6-4,3,R16,150,4,6,99,68,46,17,16,2,4,5,2,91,66,47,10,15,2,6
2025-3023,Targu Mures 2,Clay,32,C,O,20250915,23,D0CN,,,Miguel Damas,R,208,ESP,25.736,363,139,B0LW,8,,Mika Brunold,R,191,SUI,20.953,314,165,6-3 6-1,3,R16,78,2,0,43,29,24,10,8,3,3,2,3,56,39,23,4,8,5,9
2025-3023,Targu Mures 2,Clay,32,C,O,20250915,24,DF92,,,Corentin Denolly,L,188,FRA,28.277,320,162,A0EA,,,Max Alcala Gurri,R,178,ESP,23.012,426,111,6-3 3-6 7-6(5),3,R16,173,2,9,124,78,50,15,15,6,12,1,4,104,84,51,8,15,5,11
2025-3023,Targu Mures 2,Clay,32,C,O,20250915,25,CI14,1,,Jay Clarke,R,183,GBR,27.138,194,273,B0C0,,,Gabi Adrian Boitan,R,185,ROU,26.182,354,144,6-0 7-5,3,QF,98,3,4,69,43,33,10,9,4,5,3,6,54,38,24,2,9,1,6
2025-3023,Targu Mures 2,Clay,32,C,O,20250915,26,AA27,,,Franco Agamenone,R,191,ITA,32.419,408,121,R0FP,2,,Daniel Rincon,L,185,ESP,22.689,209,262,6-2 7-5,3,QF,112,0,1,57,41,29,7,10,2,4,2,2,91,48,27,19,10,13,18
2025-3023,Targu Mures 2,Clay,32,C,O,20250915,27,E0AC,4,,Mathys Erhard,R,188,FRA,23.888,274,195,DF92,,,Corentin Denolly,L,188,FRA,28.277,320,162,6-0 6-3,3,QF,70,0,1,43,31,25,6,8,1,2,0,4,45,29,14,4,7,6,11
2025-3023,Targu Mures 2,Clay,32,C,O,20250915,28,D0CN,,,Miguel Damas,R,208,ESP,25.736,363,139,P0DR,,,Andrea Picchione,R,183,ITA,27.274,393,127,6-3 3-2 RET,3,QF,61,3,1,45,30,22,7,7,1,2,2,1,33,16,8,11,7,1,4
2025-3023,Targu Mures 2,Clay,32,C,O,20250915,29,CI14,1,,Jay Clarke,R,183,GBR,27.138,194,273,D0CN,,,Miguel Damas,R,208,ESP,25.736,363,139,6-3 6-0,3,SF,94,3,2,58,31,23,13,7,5,6,0,4,52,26,11,10,8,5,11
2025-3023,Targu Mures 2,Clay,32,C,O,20250915,30,AA27,,,Franco Agamenone,R,191,ITA,32.419,408,121,E0AC,4,,Mathys Erhard,R,188,FRA,23.888,274,195,6-0 6-2,3,SF,65,3,1,34,26,24,4,7,0,0,0,2,44,25,13,5,7,3,8
2025-3023,Targu Mures 2,Clay,32,C,O,20250915,31,AA27,,,Franco Agamenone,R,191,ITA,32.419,408,121,CI14,1,,Jay Clarke,R,183,GBR,27.138,194,273,6-3 6-4,3,F,105,0,3,66,42,28,11,10,5,8,0,1,61,35,19,11,9,7,12
2025-8281,Columbus,Hard,32,C,I,20250915,1,PL39,,,Alfredo Perez,R,193,USA,28.318,349,145,FA43,1,,Juan Pablo Ficovich,R,188,ARG,28.641,132,479,4-0 RET,3,R32,27,1,0,14,5,5,5,2,3,3,1,2,23,15,7,1,2,1,3
2025-8281,Columbus,Hard,32,C,I,20250915,2,S0NV,,,Abdullah Shelbayh,L,180,JOR,21.832,428,111,C0HT,2,,Murphy Cassone,R,188,USA,23.083,173,317,6-4 6-4,3,R32,80,2,3,66,39,30,18,10,3,3,3,3,61,38,26,14,10,4,6
2025-8281,Columbus,Hard,32,C,I,20250915,3,T0BW,3,,James Trotter,R,183,JPN,26.133,187,287,S0TI,,,Philip Sekulic,R,191,AUS,22.029,455,96,6-4 6-1,3,R32,67,9,2,46,25,23,11,9,1,2,3,6,55,33,19,9,8,4,8
2025-8281,Columbus,Hard,32,C,I,20250915,4,J0DZ,,,Rafael Jodar,R,191,ESP,18.995,325,158,M0AW,4,,Nicolas Mejia,R,183,COL,25.593,201,267,6-3 6-2,3,R32,87,2,3,49,25,19,15,8,3,4,2,2,55,23,15,10,9,6,11
2025-8281,Columbus,Hard,32,C,I,20250915,5,B0NO,,,Darwin Blanch,L,185,USA,17.966,355,142,M0ON,5,,Johannus Monday,L,198,GBR,23.647,239,240,6-3 3-6 7-6(5),3,R32,152,7,8,106,67,46,17,15,10,15,2,8,93,44,27,26,15,5,10
2025-8281,Columbus,Hard,32,C,I,20250915,6,M0NP,6,,Andres Martin,R,183,USA,24.192,286,185,B0PE,,,Federico Bondioli,L,185,ITA,20.334,389,128,6-3 6-2,3,R32,85,0,1,57,36,27,11,9,2,3,3,5,71,38,19,16,8,10,14
2025-8281,Columbus,Hard,32,C,I,20250915,7,D0DT,,,Martin Damm,L,203,USA,21.96,277,192,K0HZ,,,Aidan Kim,R,191,USA,20.808,553,69,6-2 6-4,3,R32,71,5,4,55,38,32,7,9,1,1,4,0,63,48,28,9,9,6,9
2025-8281,Columbus,Hard,32,C,I,20250915,8,Z0BZ,,,Michael Zheng,R,188,USA,21.634,312,165,J0B5,8,,Garrett Johns,R,180,USA,24.745,295,178,6-0 6-4,3,R32,70,7,4,44,26,24,11,8,2,2,4,5,57,25,19,9,8,5,9
2025-8281,Columbus,Hard,32,C,I,20250915,9,B0I6,,,Samir Banerjee,R,188,USA,21.955,441,102,LI10,,,Christian Langmo,R,191,USA,29.29,323,160,7-6(2) 6-2,3,R32,111,5,3,68,39,30,16,10,0,1,8,2,87,50,30,16,10,8,11
2025-8281,Columbus,Hard,32,C,I,20250915,10,B0F8,,,Justin Boulais,L,183,CAN,23.904,631,54,P0K5,,,Theo Papamalamis,R,183,FRA,19.682,601,60,6-1 7-5,3,R32,102,1,1,55,47,30,4,9,5,7,1,5,72,38,21,13,10,7,13
2025-8281,Columbus,Hard,32,C,I,20250915,11,G0IW,,,Antoine Ghibaudo,R,191,FRA,20.638,431,107,A0IH,,,Jack Anthrop,R,188,USA,21.862,840,27,3-6 6-1 7-6(4),3,R32,158,10,0,105,69,50,21,14,12,13,5,2,93,59,43,18,14,3,5
2025-8281,Columbus,Hard,32,C,I,20250915,12,I0B0,,,Andre Ilagan,L,173,USA,24.83,422,113,D0I0,,,Sebastian Dominko,L,203,SLO,22.344,1040,13,6-3 3-6 6-4,3,R32,101,1,4,80,42,30,26,14,1,2,15,4,79,46,37,17,14,1,3
2025-8281,Columbus,Hard,32,C,I,20250915,13,M0RE,,,Patrick Maloney,R,193,USA,25.599,332,155,B0OV,,,Petr Brunclik,L,188,CZE,19.165,440,103,6-4 6-0,3,R32,68,5,5,47,31,24,5,8,1,3,2,5,47,21,10,9,8,4,10
2025-8281,Columbus,Hard,32,C,I,20250915,14,MN20,,,Daniel Masur,R,183,GER,30.858,536,74,S0TT,,,Preston Stearns,L,183,USA,21.626,2080,1,6-4 6-7(4) 7-6(5),3,R32,173,11,3,111,71,56,21,17,3,5,9,8,123,74,55,25,17,11,14
2025-8281,Columbus,Hard,32,C,I,20250915,15,RG42,,,Alex Rybakov,L,185,USA,28.632,315,164,B0EK,,,Moerani Bouzige,R,180,AUS,26.177,333,154,6-1 6-2,3,R32,66,4,1,48,33,26,9,8,1,1,1,2,45,26,14,7,7,3,7
2025-8281,Columbus,Hard,32,C,I,20250915,16,Z0AK,,,Tyler Zink,R,185,USA,24.624,360,140,B0I0,,,Alexander Bernard,L,175,USA,22.092,990,15,6-3 6-3,3,R32,76,4,0,48,25,19,15,9,2,3,0,5,69,37,21,15,9,2,6
2025-8281,Columbus,Hard,32,C,I,20250915,17,T0BW,3,,James Trotter,R,183,JPN,26.133,187,287,M0RE,,,Patrick Maloney,R,193,USA,25.599,332,155,6-2 6-3,3,R16,81,10,1,38,28,22,7,8,0,1,5,6,75,41,24,12,9,10,15
2025-8281,Columbus,Hard,32,C,I,20250915,18,MN20,,,Daniel Masur,R,183,GER,30.858,536,74,M0NP,6,,Andres Martin,R,183,USA,24.192,286,185,3-6 7-5 6-3,3,R16,132,10,4,88,49,34,20,15,5,8,3,2,103,67,47,15,15,4,8
2025-8281,Columbus,Hard,32,C,I,20250915,19,D0DT,,,Martin Damm,L,203,USA,21.96,277,192,G0IW,,,Antoine Ghibaudo,R,191,FRA,20.638,431,107,6-3 6-4,3,R16,81,12,4,54,30,25,16,10,0,0,6,3,69,46,35,7,9,5,7
2025-8281,Columbus,Hard,32,C,I,20250915,20,B0I6,,,Samir Banerjee,R,188,USA,21.955,441,102,B0NO,,,Darwin Blanch,L,185,USA,17.966,355,142,6-0 3-6 6-3,3,R16,107,5,3,89,53,36,16,12,5,8,9,2,91,62,37,9,12,11,17
2025-8281,Columbus,Hard,32,C,I,20250915,21,J0DZ,,,Rafael Jodar,R,191,ESP,18.995,325,158,RG42,,,Alex Rybakov,L,185,USA,28.632,315,164,6-3 6-4,3,R16,83,1,0,56,36,29,12,10,1,2,4,2,67,42,28,10,9,9,12
2025-8281,Columbus,Hard,32,C,I,20250915,22,PL39,,,Alfredo Perez,R,193,USA,28.318,349,145,B0F8,,,Justin Boulais,L,183,CAN,23.904,631,54,6-3 6-3,3,R16,72,7,3,52,35,29,8,9,0,0,1,2,49,30,22,7,9,4,7
2025-8281,Columbus,Hard,32,C,I,20250915,23,Z0BZ,,,Michael Zheng,R,188,USA,21.634,312,165,I0B0,,,Andre Ilagan,L,173,USA,24.83,422,113,6-3 7-6(1),3,R16,85,10,3,59,30,24,13,10,0,3,1,7,67,34,18,16,11,3,8
2025-8281,Columbus,Hard,32,C,I,20250915,24,Z0AK,,,Tyler Zink,R,185,USA,24.624,360,140,S0NV,,,Abdullah Shelbayh,L,180,JOR,21.832,428,111,6-4 7-6(6),3,R16,107,5,3,68,39,26,18,11,1,4,5,6,99,52,31,21,11,14,18
2025-8281,Columbus,Hard,32,C,I,20250915,25,D0DT,,,Martin Damm,L,203,USA,21.96,277,192,T0BW,3,,James Trotter,R,183,JPN,26.133,187,287,7-5 4-6 7-5,3,QF,143,9,9,102,55,43,26,17,3,5,15,4,94,60,47,18,17,5,8
2025-8281,Columbus,Hard,32,C,I,20250915,26,B0I6,,,Samir Banerjee,R,188,USA,21.955,441,102,Z0AK,,,Tyler Zink,R,185,USA,24.624,360,140,6-3 6-1,3,QF,50,12,1,43,33,29,6,8,3,3,2,3,43,20,15,8,8,4,8
2025-8281,Columbus,Hard,32,C,I,20250915,27,MN20,,,Daniel Masur,R,183,GER,30.858,536,74,J0DZ,,,Rafael Jodar,R,191,ESP,18.995,325,158,6-1 7-5,3,QF,72,3,2,49,26,21,11,9,3,5,3,3,59,34,20,7,10,6,12
2025-8281,Columbus,Hard,32,C,I,20250915,28,Z0BZ,,,Michael Zheng,R,188,USA,21.634,312,165,PL39,,,Alfredo Perez,R,193,USA,28.318,349,145,6-2 3-6 6-3,3,QF,138,4,4,94,52,34,24,13,11,13,4,3,95,56,33,19,13,10,14
2025-8281,Columbus,Hard,32,C,I,20250915,29,D0DT,,,Martin Damm,L,203,USA,21.96,277,192,B0I6,,,Samir Banerjee,R,188,USA,21.955,441,102,6-4 6-2,3,SF,74,8,6,57,29,25,12,9,0,1,5,3,56,28,21,10,9,5,9
2025-8281,Columbus,Hard,32,C,I,20250915,30,Z0BZ,,,Michael Zheng,R,188,USA,21.634,312,165,MN20,,,Daniel Masur,R,183,GER,30.858,536,74,6-3 6-2,3,SF,64,9,2,57,36,29,12,9,2,2,6,2,53,33,21,8,8,5,8
2025-8281,Columbus,Hard,32,C,I,20250915,31,Z0BZ,,,Michael Zheng,R,188,USA,21.634,312,165,D0DT,,,Martin Damm,L,203,USA,21.96,277,192,3-6 6-3 7-5,3,F,115,8,2,86,55,44,17,15,4,5,20,5,92,51,44,20,15,6,8
2025-9552,Saint-Tropez,Hard,32,C,O,20250915,1,L0IL,1,,Martin Landaluce,R,193,ESP,19.685,139,454,B0BU,,,Florent Bax,R,185,FRA,26.251,305,170,6-0 6-4,3,R32,78,1,2,53,32,23,10,8,4,5,1,3,55,37,20,4,8,5,10
2025-9552,Saint-Tropez,Hard,32,C,O,20250915,2,B0MM,,,Edas Butvilas,R,191,LTU,21.147,234,242,G0GD,2,,Matteo Gigante,L,180,ITA,23.696,141,450,4-6 6-3 6-3,3,R32,140,6,3,93,51,37,19,14,6,10,7,9,99,51,32,21,14,7,13
2025-9552,Saint-Tropez,Hard,32,C,O,20250915,3,K926,,,Mikhail Kukushkin,R,183,KAZ,37.722,259,219,H996,3,,Pierre-Hugues Herbert,R,188,FRA,34.497,143,447,5-7 7-6(4) 7-5,3,R32,163,3,3,104,70,53,17,18,4,8,12,10,117,63,48,22,18,5,9
2025-9552,Saint-Tropez,Hard,32,C,O,20250915,4,EA13,,,Moez Echargui,R,178,TUN,32.679,175,316,BV16,4,,Ugo Blanchet,R,175,FRA,26.694,147,425,6-3 6-3,3,R32,82,2,3,58,32,25,16,9,3,3,2,4,57,27,20,13,9,5,8
2025-9552,Saint-Tropez,Hard,32,C,O,20250915,5,W367,5,,Stan Wawrinka,R,183,SUI,40.468,137,467,E0DD,,,Justin Engel,R,185,GER,17.958,217,253,6-3 6-3,3,R32,61,7,1,49,30,22,12,9,0,1,3,1,52,31,15,14,9,4,8
2025-9552,Saint-Tropez,Hard,32,C,O,20250915,6,M0G4,6,,Harold Mayot,R,180,FRA,23.611,153,390,V717,,,Alexey Vatutin,R,178,RUS,32.884,345,147,6-0 7-5,3,R32,91,3,1,56,29,24,12,9,2,3,0,5,75,44,25,12,9,8,13
2025-9552,Saint-Tropez,Hard,32,C,O,20250915,7,L0GH,7,,Mark Lajal,R,191,EST,22.346,156,381,G0GW,,,Sascha Gueymard Wayenburg,R,191,FRA,22.125,208,262,6-2 6-3,3,R32,67,4,7,55,35,31,7,9,3,3,4,2,40,23,16,8,8,1,4
2025-9552,Saint-Tropez,Hard,32,C,O,20250915,8,D0DW,8,,Titouan Droguet,R,191,FRA,24.252,163,342,P0B2,,,Luca Potenza,R,175,ITA,25.133,421,113,6-4 6-2,3,R32,82,9,2,55,32,26,11,9,4,5,0,3,67,40,23,12,9,2,6
2025-9552,Saint-Tropez,Hard,32,C,O,20250915,9,A09T,,,Dan Added,R,183,FRA,26.426,272,198,J0AZ,,,Kyrian Jacquet,R,175,FRA,24.348,182,298,6-2 6-4,3,R32,81,6,2,54,36,26,10,9,2,3,5,6,66,41,27,7,9,3,7
2025-9552,Saint-Tropez,Hard,32,C,O,20250915,10,B0JJ,,,Robin Bertrand,R,178,FRA,22.505,311,166,VA25,,,Valentin Vacherot,R,193,MON,26.831,206,263,6-4 3-6 6-4,3,R32,129,0,6,92,56,41,22,14,2,3,11,4,91,56,44,18,15,5,7
2025-9552,Saint-Tropez,Hard,32,C,O,20250915,11,G09C,,,Marek Gengel,R,185,CZE,29.996,257,220,GB93,,,Norbert Gombos,R,193,SVK,35.091,322,160,2-6 6-3 6-2,3,R32,96,5,3,75,46,38,12,13,3,5,5,2,69,42,27,17,12,5,8
2025-9552,Saint-Tropez,Hard,32,C,O,20250915,12,GF95,,,Hugo Grenier,R,196,FRA,29.481,199,269,H0B7,,,Trey Hilderbrand,R,196,USA,25.336,699,43,6-4 6-1,3,R32,72,11,2,46,32,28,7,8,0,0,8,4,59,38,25,7,9,5,9
2025-9552,Saint-Tropez,Hard,32,C,O,20250915,13,M0TO,,,Mae Malige,R,173,FRA,19.466,500,85,MP01,,,Michael Mmoh,R,188,USA,27.68,319,162,6-4 6-4,3,R32,99,2,1,57,33,21,11,10,2,6,3,5,61,35,21,7,10,2,8
2025-9552,Saint-Tropez,Hard,32,C,O,20250915,14,MV14,,,Alex Molcan,L,178,SVK,27.789,203,266,GG65,,,Michael Geerts,R,178,BEL,30.661,321,161,7-6(5) 6-1,3,R32,108,9,1,65,46,37,10,10,2,2,5,1,82,48,31,16,9,5,7
2025-9552,Saint-Tropez,Hard,32,C,O,20250915,15,P0J1,,,Rodrigo Pacheco Mendez,L,191,MEX,20.392,212,258,D0DC,,,Etienne Donnet,R,178,FRA,24.578,477,90,3-6 6-3 6-2,3,R32,106,8,3,66,46,40,11,13,0,1,5,4,78,47,33,15,13,6,9
2025-9552,Saint-Tropez,Hard,32,C,O,20250915,16,P0GN,,,Tom Paris,R,193,FRA,23.036,306,170,BK24,,,Gregoire Barrere,R,183,FRA,31.578,361,139,6-4 3-6 6-0,3,R32,97,8,4,83,56,38,12,13,3,6,0,6,75,44,28,11,12,6,11
2025-9552,Saint-Tropez,Hard,32,C,O,20250915,17,L0IL,1,,Martin Landaluce,R,193,ESP,19.685,139,454,G09C,,,Marek Gengel,R,185,CZE,29.996,257,220,6-1 4-0 RET,3,R16,42,4,0,28,17,12,9,5,0,0,2,5,38,21,13,2,6,6,11
2025-9552,Saint-Tropez,Hard,32,C,O,20250915,18,W367,5,,Stan Wawrinka,R,183,SUI,40.468,137,467,B0JJ,,,Robin Bertrand,R,178,FRA,22.505,311,166,6-2 6-3,3,R16,79,10,1,58,30,27,14,9,2,2,2,4,58,29,20,12,8,4,7
2025-9552,Saint-Tropez,Hard,32,C,O,20250915,19,A09T,,,Dan Added,R,183,FRA,26.426,272,198,M0G4,6,,Harold Mayot,R,180,FRA,23.611,153,390,4-6 6-1 7-6(6),3,R16,147,13,7,101,66,49,16,15,8,11,5,4,110,72,49,14,14,8,12
2025-9552,Saint-Tropez,Hard,32,C,O,20250915,20,L0GH,7,,Mark Lajal,R,191,EST,22.346,156,381,MV14,,,Alex Molcan,L,178,SVK,27.789,203,266,4-6 6-3 3-0 RET,3,R16,116,6,9,76,36,30,15,11,8,11,4,4,67,39,22,13,11,6,11
2025-9552,Saint-Tropez,Hard,32,C,O,20250915,21,D0DW,8,,Titouan Droguet,R,191,FRA,24.252,163,342,M0TO,,,Mae Malige,R,173,FRA,19.466,500,85,3-6 6-2 6-3,3,R16,116,7,4,80,46,33,19,13,2,5,0,6,89,47,26,21,13,7,12
2025-9552,Saint-Tropez,Hard,32,C,O,20250915,22,EA13,,,Moez Echargui,R,178,TUN,32.679,175,316,P0J1,,,Rodrigo Pacheco Mendez,L,191,MEX,20.392,212,258,6-3 6-4,3,R16,92,5,2,62,30,24,20,10,3,3,2,3,60,31,21,15,9,6,8
2025-9552,Saint-Tropez,Hard,32,C,O,20250915,23,GF95,,,Hugo Grenier,R,196,FRA,29.481,199,269,B0MM,,,Edas Butvilas,R,191,LTU,21.147,234,242,4-6 7-6(3) 6-4,3,R16,140,9,2,92,55,43,19,16,4,7,9,2,96,59,42,19,16,6,9
2025-9552,Saint-Tropez,Hard,32,C,O,20250915,24,P0GN,,,Tom Paris,R,193,FRA,23.036,306,170,K926,,,Mikhail Kukushkin,R,183,KAZ,37.722,259,219,7-6(5) 6-4,3,R16,101,7,2,79,50,40,13,11,5,6,3,0,67,46,35,11,11,3,5
2025-9552,Saint-Tropez,Hard,32,C,O,20250915,25,W367,5,,Stan Wawrinka,R,183,SUI,40.468,137,467,L0IL,1,,Martin Landaluce,R,193,ESP,19.685,139,454,6-4 6-1,3,QF,67,9,1,46,31,26,11,9,0,0,4,1,50,38,23,6,8,1,4
2025-9552,Saint-Tropez,Hard,32,C,O,20250915,26,L0GH,7,,Mark Lajal,R,191,EST,22.346,156,381,GF95,,,Hugo Grenier,R,196,FRA,29.481,199,269,6-4 5-7 6-4,3,QF,146,8,8,85,51,39,18,16,1,4,4,7,103,63,43,20,16,6,10
2025-9552,Saint-Tropez,Hard,32,C,O,20250915,27,EA13,,,Moez Echargui,R,178,TUN,32.679,175,316,D0DW,8,,Titouan Droguet,R,191,FRA,24.252,163,342,7-6(3) 6-2,3,QF,104,5,1,79,43,30,23,10,4,4,10,5,62,37,30,11,10,0,2
2025-9552,Saint-Tropez,Hard,32,C,O,20250915,28,A09T,,,Dan Added,R,183,FRA,26.426,272,198,P0GN,,,Tom Paris,R,193,FRA,23.036,306,170,6-3 6-3,3,QF,73,6,1,54,25,24,16,9,2,2,4,3,53,32,22,9,9,2,5
2025-9552,Saint-Tropez,Hard,32,C,O,20250915,29,A09T,,,Dan Added,R,183,FRA,26.426,272,198,W367,5,,Stan Wawrinka,R,183,SUI,40.468,137,467,W/O,3,SF,,,,,,,,,,,,,,,,,,,
2025-9552,Saint-Tropez,Hard,32,C,O,20250915,30,EA13,,,Moez Echargui,R,178,TUN,32.679,175,316,L0GH,7,,Mark Lajal,R,191,EST,22.346,156,381,6-7(4) 6-1 6-2,3,SF,137,5,6,91,44,32,27,14,2,3,3,13,84,42,29,17,13,7,12
2025-9552,Saint-Tropez,Hard,32,C,O,20250915,31,EA13,,,Moez Echargui,R,178,TUN,32.679,175,316,A09T,,,Dan Added,R,183,FRA,26.426,272,198,6-3 6-4,3,F,82,3,1,59,30,22,20,10,0,0,3,1,49,26,20,12,9,1,3
2025-3021,Targu Mures,Clay,32,C,O,20250916,1,TA29,1,,Marco Trungelliti,R,178,ARG,35.625,144,447,Z419,,,Bernabe Zapata Miralles,R,183,ESP,28.676,413,117,6-4 6-3,3,R32,79,2,3,50,35,24,10,9,1,3,1,4,72,52,30,7,10,6,11
2025-3021,Targu Mures,Clay,32,C,O,20250916,2,CI14,2,,Jay Clarke,R,183,GBR,27.14,194,273,N0B4,,,Ryan Nijboer,R,180,NED,26.138,439,104,6-3 6-2,3,R32,99,0,0,49,29,25,12,9,1,1,1,3,70,40,22,16,8,8,11
2025-3021,Targu Mures,Clay,32,C,O,20250916,3,J09X,3,,Filip Cristian Jianu,R,180,ROU,23.995,263,214,C0BB,,,Tommaso Compagnucci,R,173,ITA,25.864,494,86,6-2 6-1,3,R32,62,2,2,43,28,24,8,8,0,0,1,1,44,32,18,4,7,3,7
2025-3021,Targu Mures,Clay,32,C,O,20250916,4,D0LY,,,Emilien Demanet,R,180,BEL,20.394,559,68,A09U,4,,Nicolas Alvarez Varona,R,188,ESP,24.331,303,171,6-3 3-0 RET,3,R32,53,1,2,34,24,19,4,6,0,1,0,3,36,27,15,1,6,2,6
2025-3021,Targu Mures,Clay,32,C,O,20250916,5,P0CY,,,Stefan Palosi,R,180,ROU,25.634,596,61,E0AC,5,,Mathys Erhard,R,188,FRA,23.89,274,195,7-6(5) 6-4,3,R32,137,0,2,86,64,38,8,11,5,9,1,4,78,51,29,12,11,5,10
2025-3021,Targu Mures,Clay,32,C,O,20250916,6,R0FP,6,,Daniel Rincon,L,185,ESP,22.691,209,262,L0AT,,,Imanol Lopez Morillo,R,183,ESP,25.829,605,59,6-2 6-3,3,R32,106,1,1,52,34,27,7,9,2,3,0,2,58,41,23,7,8,3,7
2025-3021,Targu Mures,Clay,32,C,O,20250916,7,P0GQ,7,,Mili Poljicak,R,185,CRO,21.177,346,146,I0A7,,,Nicholas David Ionel,R,,ROU,22.93,424,112,4-6 6-3 6-4,3,R32,136,4,2,85,53,37,22,15,2,4,1,4,89,63,41,13,14,8,11
2025-3021,Targu Mures,Clay,32,C,O,20250916,8,DF92,8,,Corentin Denolly,L,188,FRA,28.279,320,162,A0J5,,,Stefan Adrian Andreescu,R,180,ROU,23.729,552,70,6-2 6-2,3,R32,76,1,3,60,36,25,8,8,8,10,0,0,52,41,14,6,8,5,11
2025-3021,Targu Mures,Clay,32,C,O,20250916,9,AA27,,,Franco Agamenone,R,191,ITA,32.422,408,121,A0EA,,,Max Alcala Gurri,R,178,ESP,23.014,426,111,6-2 7-6(5),3,R32,129,1,4,81,58,36,8,10,6,10,0,3,77,52,27,9,10,5,11
2025-3021,Targu Mures,Clay,32,C,O,20250916,10,B0C0,,,Gabi Adrian Boitan,R,185,ROU,26.185,354,144,T0AA,,,Dan Alexandru Tomescu,R,183,ROU,26.467,519,79,6-3 6-1,3,R32,91,3,2,67,44,31,13,8,6,6,1,2,46,27,14,8,8,1,5
2025-3021,Targu Mures,Clay,32,C,O,20250916,11,B0LW,,,Mika Brunold,R,191,SUI,20.956,314,165,M0C2,,,Dan Martin,R,175,CAN,26.357,457,95,7-6(3) 6-3,3,R32,114,4,4,80,55,36,12,11,5,7,2,3,75,49,32,9,10,6,9
2025-3021,Targu Mures,Clay,32,C,O,20250916,12,C0B2,,,Cezar Cretu,R,188,ROU,24.397,405,122,C0KE,,,Mihai Alexandru Coman,R,185,ROU,20.668,1491,4,6-3 6-2,3,R32,65,2,0,50,39,32,4,9,2,3,0,3,44,32,19,3,8,0,4
2025-3021,Targu Mures,Clay,32,C,O,20250916,13,M0EY,,,Alex Marti Pujolras,R,185,ESP,26.598,429,110,O0AD,,,Neil Oberleitner,R,191,AUT,26.116,452,97,6-2 6-4,3,R32,92,2,4,70,43,32,12,9,6,7,1,3,58,44,26,4,9,4,8
2025-3021,Targu Mures,Clay,32,C,O,20250916,14,N663,,,Maximilian Neuchrist,R,,AUT,34.155,385,129,D0CN,,,Miguel Damas,R,208,ESP,25.739,363,139,4-6 7-6(4) 6-4,3,R32,182,4,4,105,67,47,24,16,6,8,2,5,116,82,55,18,16,2,4
2025-3021,Targu Mures,Clay,32,C,O,20250916,15,P0FJ,,,Radu Mihai Papoe,R,183,ROU,23.053,581,62,C0MH,,,Gerard Campana Lee,R,183,KOR,20.958,593,61,6-4 7-6(6),3,R32,133,1,3,74,54,33,11,11,5,9,0,4,87,50,25,21,11,4,9
2025-3021,Targu Mures,Clay,32,C,O,20250916,16,P0DR,,,Andrea Picchione,R,183,ITA,27.277,393,127,G0EQ,,,Sebastian Gima,L,0,ROU,23.335,580,63,6-3 6-4,3,R32,85,1,2,57,38,30,9,10,3,4,0,0,59,36,19,13,9,6,9
2025-3021,Targu Mures,Clay,32,C,O,20250916,17,TA29,1,,Marco Trungelliti,R,178,ARG,35.625,144,447,B0LW,,,Mika Brunold,R,191,SUI,20.956,314,165,7-6(5) 6-4,3,R16,121,1,2,74,46,31,18,11,6,7,1,3,72,54,38,8,11,0,2
2025-3021,Targu Mures,Clay,32,C,O,20250916,18,CI14,2,,Jay Clarke,R,183,GBR,27.14,194,273,P0FJ,,,Radu Mihai Papoe,R,183,ROU,23.053,581,62,3-6 6-3 6-4,3,R16,154,3,3,88,49,33,18,14,2,6,0,1,84,59,36,12,14,1,6
2025-3021,Targu Mures,Clay,32,C,O,20250916,19,J09X,3,,Filip Cristian Jianu,R,180,ROU,23.995,263,214,N663,,,Maximilian Neuchrist,R,,AUT,34.155,385,129,6-3 6-2,3,R16,76,0,1,52,40,31,8,9,1,1,3,1,47,28,20,6,8,3,6
2025-3021,Targu Mures,Clay,32,C,O,20250916,20,AA27,,,Franco Agamenone,R,191,ITA,32.422,408,121,R0FP,6,,Daniel Rincon,L,185,ESP,22.691,209,262,6-4 6-7(5) 6-3,3,R16,177,2,1,105,70,47,18,16,4,7,1,2,97,58,32,26,15,9,14
2025-3021,Targu Mures,Clay,32,C,O,20250916,21,P0GQ,7,,Mili Poljicak,R,185,CRO,21.177,346,146,B0C0,,,Gabi Adrian Boitan,R,185,ROU,26.185,354,144,6-7(4) 6-2 6-1,3,R16,150,8,2,87,53,41,17,13,5,6,1,7,99,66,38,16,14,6,12
2025-3021,Targu Mures,Clay,32,C,O,20250916,22,P0DR,,,Andrea Picchione,R,183,ITA,27.277,393,127,DF92,8,,Corentin Denolly,L,188,FRA,28.279,320,162,6-4 6-0,3,R16,75,0,2,46,22,16,11,8,2,5,1,6,57,36,15,6,8,4,11
2025-3021,Targu Mures,Clay,32,C,O,20250916,23,C0B2,,,Cezar Cretu,R,188,ROU,24.397,405,122,D0LY,,,Emilien Demanet,R,180,BEL,20.394,559,68,3-6 6-2 6-4,3,R16,152,3,4,93,55,33,20,14,6,10,1,1,85,59,33,12,13,2,7
2025-3021,Targu Mures,Clay,32,C,O,20250916,24,P0CY,,,Stefan Palosi,R,180,ROU,25.634,596,61,M0EY,,,Alex Marti Pujolras,R,185,ESP,26.598,429,110,6-3 6-3,3,R16,90,0,2,64,43,29,11,9,3,4,2,3,51,30,20,7,9,1,5
2025-3021,Targu Mures,Clay,32,C,O,20250916,25,TA29,1,,Marco Trungelliti,R,178,ARG,35.625,144,447,AA27,,,Franco Agamenone,R,191,ITA,32.422,408,121,6-4 4-6 6-4,3,QF,165,2,5,97,55,34,25,15,6,10,3,2,102,64,38,20,15,10,15
2025-3021,Targu Mures,Clay,32,C,O,20250916,26,CI14,2,,Jay Clarke,R,183,GBR,27.14,194,273,P0DR,,,Andrea Picchione,R,183,ITA,27.277,393,127,6-4 3-6 7-5,3,QF,176,2,3,86,49,33,15,15,6,12,3,8,109,64,36,20,16,8,15
2025-3021,Targu Mures,Clay,32,C,O,20250916,27,J09X,3,,Filip Cristian Jianu,R,180,ROU,23.995,263,214,P0CY,,,Stefan Palosi,R,180,ROU,25.634,596,61,6-4 2-6 6-3,3,QF,142,0,0,85,55,31,19,13,3,6,4,3,83,45,33,16,14,5,9
2025-3021,Targu Mures,Clay,32,C,O,20250916,28,P0GQ,7,,Mili Poljicak,R,185,CRO,21.177,346,146,C0B2,,,Cezar Cretu,R,188,ROU,24.397,405,122,6-3 6-2,3,QF,92,2,2,66,35,24,15,9,4,6,1,3,49,30,15,7,8,2,7
2025-3021,Targu Mures,Clay,32,C,O,20250916,29,TA29,1,,Marco Trungelliti,R,178,ARG,35.625,144,447,J09X,3,,Filip Cristian Jianu,R,180,ROU,23.995,263,214,6-4 6-4,3,SF,95,12,3,57,45,31,6,10,3,5,0,1,67,44,26,9,10,5,9
2025-3021,Targu Mures,Clay,32,C,O,20250916,30,P0GQ,7,,Mili Poljicak,R,185,CRO,21.177,346,146,CI14,2,,Jay Clarke,R,183,GBR,27.14,194,273,6-3 7-5,3,SF,103,4,0,70,45,33,10,11,4,6,2,1,58,34,20,12,10,2,6
2025-3021,Targu Mures,Clay,32,C,O,20250916,31,TA29,1,,Marco Trungelliti,R,178,ARG,35.625,144,447,P0GQ,7,,Mili Poljicak,R,185,CRO,21.177,346,146,6-1 RET,3,F,27,0,0,15,12,9,3,3,0,0,1,0,23,17,7,3,4,2,5
2025-2273,Orleans,Hard,32,C,I,20250922,1,C0JP,1,,Raphael Collignon,R,191,BEL,23.691,93,677,PJ74,,,Lucas Poullain,R,175,FRA,29.799,382,132,6-4 6-2,3,R32,86,4,6,45,28,23,7,9,1,3,0,2,67,42,22,11,9,4,9
2025-2273,Orleans,Hard,32,C,I,20250922,2,B0U4,,,Nicolai Budkov Kjaer,R,191,NOR,19.058,155,382,G09O,2,,Hugo Gaston,L,173,FRA,24.988,105,613,6-3 6-4,3,R32,75,5,3,57,32,25,9,10,1,3,1,2,57,30,21,11,9,2,6
2025-2273,Orleans,Hard,32,C,I,20250922,3,B0PG,3,,Alexander Blockx,R,193,BEL,20.457,121,540,B0BU,,,Florent Bax,R,185,FRA,26.27,311,169,6-4 6-4,3,R32,84,3,0,51,38,33,7,10,0,0,4,6,72,36,28,16,10,5,7
2025-2273,Orleans,Hard,32,C,I,20250922,4,KI63,4,,Lukas Klein,R,193,SVK,27.504,127,506,GF95,,,Hugo Grenier,R,196,FRA,29.5,191,279,3-6 6-4 7-6(4),3,R32,141,8,3,123,74,48,30,16,11,14,10,3,81,52,43,15,15,2,4
2025-2273,Orleans,Hard,32,C,I,20250922,5,L0IL,5,,Martin Landaluce,R,193,ESP,19.704,136,462,S0LA,,,Dominic Stricker,L,183,SUI,23.102,243,229,6-2 6-2,3,R32,60,3,5,46,25,20,10,8,0,1,2,3,45,26,14,7,8,2,7
2025-2273,Orleans,Hard,32,C,I,20250922,6,G0GD,6,,Matteo Gigante,L,180,ITA,23.715,138,450,C0BH,,,Clement Chidekh,R,180,FRA,24.277,231,239,7-6(5) 7-5,3,R32,121,6,3,79,47,34,18,12,5,7,5,4,85,53,37,15,12,3,6
2025-2273,Orleans,Hard,32,C,I,20250922,7,H996,7,,Pierre-Hugues Herbert,R,188,FRA,34.516,141,447,HH06,,,Marc-Andrea Huesler,L,196,SUI,29.246,219,248,6-3 6-4,3,R32,82,10,4,62,34,32,10,10,5,6,2,4,55,32,24,9,9,3,6
2025-2273,Orleans,Hard,32,C,I,20250922,8,L0GH,9,,Mark Lajal,R,191,EST,22.366,145,410,DC76,,,Viktor Durasovic,R,185,NOR,28.512,241,233,6-3 6-7(3) 7-6(5),3,R32,152,13,6,128,76,62,26,17,12,13,9,7,102,50,41,29,16,4,6
2025-2273,Orleans,Hard,32,C,I,20250922,9,BU70,,,Remy Bertola,R,175,SUI,27.061,274,197,HB48,,,Calvin Hemery,R,191,FRA,30.65,201,266,5-0 RET,3,R32,19,5,2,17,11,10,3,3,0,0,0,1,13,7,4,0,2,2,4
2025-2273,Orleans,Hard,32,C,I,20250922,10,B0MM,,,Edas Butvilas,R,191,LTU,21.166,217,250,PD31,,,Benoit Paire,R,196,FRA,36.375,680,46,1-6 6-2 3-0 RET,3,R32,72,4,1,54,37,24,11,9,4,6,6,5,66,36,25,12,9,7,10
2025-2273,Orleans,Hard,32,C,I,20250922,11,CG33,,,Kimmer Coppejans,R,178,BEL,31.622,186,294,EA13,,,Moez Echargui,R,178,TUN,32.698,142,440,6-4 3-6 6-1,3,R32,129,5,2,76,41,32,20,13,5,7,4,0,86,47,32,18,13,4,8
2025-2273,Orleans,Hard,32,C,I,20250922,12,E0DD,,,Justin Engel,R,185,GER,17.977,213,253,BK24,,,Gregoire Barrere,R,183,FRA,31.598,363,139,6-3 6-4,3,R32,63,8,3,59,40,32,11,10,3,3,3,4,53,37,27,8,9,3,5
2025-2273,Orleans,Hard,32,C,I,20250922,13,GK06,,,Alexis Galarneau,R,180,CAN,26.56,180,306,RH24,,,Emil Ruusuvuori,R,188,FIN,26.475,675,46,7-6(5) 6-2,3,R32,83,6,2,72,42,27,17,10,1,3,3,5,69,46,29,9,10,8,12
2025-2273,Orleans,Hard,32,C,I,20250922,14,K0A3,,,Patrick Kypson,R,188,USA,25.903,189,280,J620,,,Maxime Janvier,R,196,FRA,28.928,515,80,6-4 7-6(8),3,R32,91,5,0,69,40,32,19,11,3,4,8,7,71,40,31,17,11,5,7
2025-2273,Orleans,Hard,32,C,I,20250922,15,M0TO,,,Mae Malige,R,173,FRA,19.485,478,90,R0HQ,,,Leo Raquillet,R,191,FRA,19.967,815,30,6-1 6-3,3,R32,74,0,1,56,32,22,14,8,4,5,1,3,64,35,23,7,8,3,8
2025-2273,Orleans,Hard,32,C,I,20250922,16,R0E0,,,Chris Rodesch,R,198,LUX,24.181,181,301,B0ER,,,Arthur Bouquier,R,188,FRA,24.742,216,250,6-1 2-6 6-4,3,R32,94,8,6,81,43,31,21,13,4,6,5,5,70,45,35,11,12,2,5
2025-2273,Orleans,Hard,32,C,I,20250922,17,C0JP,1,,Raphael Collignon,R,191,BEL,23.691,93,677,CG33,,,Kimmer Coppejans,R,178,BEL,31.622,186,294,6-3 6-3,3,R16,79,6,5,57,34,26,10,9,5,7,2,3,56,31,20,6,9,6,11
2025-2273,Orleans,Hard,32,C,I,20250922,18,BU70,,,Remy Bertola,R,175,SUI,27.061,274,197,B0PG,3,,Alexander Blockx,R,193,BEL,20.457,121,540,6-3 6-7(4) 6-3,3,R16,123,3,3,88,62,50,17,16,1,1,9,1,101,55,41,24,14,5,7
2025-2273,Orleans,Hard,32,C,I,20250922,19,K0A3,,,Patrick Kypson,R,188,USA,25.903,189,280,KI63,4,,Lukas Klein,R,193,SVK,27.504,127,506,6-3 3-6 6-3,3,R16,92,7,0,72,58,39,11,13,2,4,14,4,72,47,36,10,14,0,4
2025-2273,Orleans,Hard,32,C,I,20250922,20,L0IL,5,,Martin Landaluce,R,193,ESP,19.704,136,462,M0TO,,,Mae Malige,R,173,FRA,19.485,478,90,6-4 6-4,3,R16,98,4,2,57,30,22,20,10,2,2,4,3,77,44,32,15,10,6,8
2025-2273,Orleans,Hard,32,C,I,20250922,21,E0DD,,,Justin Engel,R,185,GER,17.977,213,253,G0GD,6,,Matteo Gigante,L,180,ITA,23.715,138,450,W/O,3,R16,,,,,,,,,,,,,,,,,,,
2025-2273,Orleans,Hard,32,C,I,20250922,22,GK06,,,Alexis Galarneau,R,180,CAN,26.56,180,306,H996,7,,Pierre-Hugues Herbert,R,188,FRA,34.516,141,447,6-4 6-4,3,R16,93,3,4,66,36,26,16,10,4,5,4,5,60,30,21,15,10,3,6
2025-2273,Orleans,Hard,32,C,I,20250922,23,L0GH,9,,Mark Lajal,R,191,EST,22.366,145,410,R0E0,,,Chris Rodesch,R,198,LUX,24.181,181,301,6-4 6-2,3,R16,73,7,2,48,35,29,6,9,0,1,7,4,64,41,25,9,9,3,7
2025-2273,Orleans,Hard,32,C,I,20250922,24,B0U4,,,Nicolai Budkov Kjaer,R,191,NOR,19.058,155,382,B0MM,,,Edas Butvilas,R,191,LTU,21.166,217,250,4-6 6-3 6-4,3,R16,145,8,5,127,71,46,24,15,10,14,2,3,83,49,35,15,14,6,11
2025-2273,Orleans,Hard,32,C,I,20250922,25,C0JP,1,,Raphael Collignon,R,191,BEL,23.691,93,677,GK06,,,Alexis Galarneau,R,180,CAN,26.56,180,306,6-2 6-4,3,QF,77,6,3,47,29,26,11,9,0,0,2,2,58,31,17,14,9,7,10
2025-2273,Orleans,Hard,32,C,I,20250922,26,L0IL,5,,Martin Landaluce,R,193,ESP,19.704,136,462,B0U4,,,Nicolai Budkov Kjaer,R,191,NOR,19.058,155,382,6-4 6-4,3,QF,96,3,2,72,39,29,16,10,5,7,5,4,65,34,23,12,10,4,8
2025-2273,Orleans,Hard,32,C,I,20250922,27,L0GH,9,,Mark Lajal,R,191,EST,22.366,145,410,BU70,,,Remy Bertola,R,175,SUI,27.061,274,197,6-4 3-6 6-3,3,QF,129,5,3,90,52,38,22,14,7,9,6,6,91,50,35,20,14,7,10
2025-2273,Orleans,Hard,32,C,I,20250922,28,E0DD,,,Justin Engel,R,185,GER,17.977,213,253,K0A3,,,Patrick Kypson,R,188,USA,25.903,189,280,7-6(4) 6-4,3,QF,84,19,4,67,41,34,14,11,2,3,5,1,62,44,34,9,11,1,3
2025-2273,Orleans,Hard,32,C,I,20250922,29,C0JP,1,,Raphael Collignon,R,191,BEL,23.691,93,677,E0DD,,,Justin Engel,R,185,GER,17.977,213,253,7-6(3) 6-3,3,SF,97,8,12,82,47,38,15,11,4,5,7,3,61,36,27,11,10,1,3
2025-2273,Orleans,Hard,32,C,I,20250922,30,L0IL,5,,Martin Landaluce,R,193,ESP,19.704,136,462,L0GH,9,,Mark Lajal,R,191,EST,22.366,145,410,6-3 6-7(6) 6-4,3,SF,146,8,3,83,60,49,15,15,4,5,10,10,117,72,48,21,16,8,12
2025-2273,Orleans,Hard,32,C,I,20250922,31,L0IL,5,,Martin Landaluce,R,193,ESP,19.704,136,462,C0JP,1,,Raphael Collignon,R,191,BEL,23.691,93,677,6-7(6) 6-2 6-3,3,F,139,8,0,85,65,52,11,15,3,4,11,9,92,51,43,15,14,2,6
2025-7345,Las Vegas,Hard,32,C,I,20250922,1,R09X,1,,Jurij Rodionov,L,191,AUT,26.355,156,378,J0B5,,,Garrett Johns,R,180,USA,24.764,293,178,4-6 7-6(4) 6-4,3,R32,168,7,6,100,54,38,26,16,2,5,16,13,117,62,49,24,16,5,8
2025-7345,Las Vegas,Hard,32,C,O,20250922,2,W0BU,,,Olle Wallin,R,191,SWE,23.918,406,118,P0HT,2,,Jack Pinnington Jones,R,180,GBR,22.483,178,309,1-6 6-3 6-2,3,R32,101,5,1,63,36,27,18,12,1,3,10,11,86,49,33,16,12,5,8
2025-7345,Las Vegas,Hard,32,C,O,20250922,3,T0BW,3,,James Trotter,R,183,JPN,26.152,212,255,C0I4,,,Tibo Colson,R,196,BEL,25.196,504,83,6-3 6-4,3,R32,65,6,0,49,36,29,11,10,0,0,5,2,51,26,19,13,9,2,4
2025-7345,Las Vegas,Hard,32,C,O,20250922,4,HG94,4,,Benjamin Hassan,R,183,LBN,30.631,195,270,W0C4,,,Edward Winter,R,178,AUS,21.018,533,73,7-6(4) 2-6 6-3,3,R32,135,10,11,105,42,34,28,15,12,17,1,6,84,58,38,12,14,1,5
2025-7345,Las Vegas,Hard,32,C,O,20250922,5,M0AW,5,,Nicolas Mejia,R,183,COL,25.613,199,267,Z0AK,,,Tyler Zink,R,185,USA,24.643,343,150,4-6 6-3 7-5,3,R32,163,7,3,107,64,47,23,16,9,11,5,2,88,50,39,17,15,5,8
2025-7345,Las Vegas,Hard,32,C,O,20250922,6,PG20,6,,Dmitry Popko,R,191,KAZ,28.912,214,251,V0DG,,,Quinn Vandecasteele,R,191,USA,23.058,707,42,6-4 7-5,3,R32,107,3,8,87,43,33,23,11,3,3,6,5,68,37,26,16,11,4,6
2025-7345,Las Vegas,Hard,32,C,O,20250922,7,S0TI,,,Philip Sekulic,R,191,AUS,22.048,452,96,KC12,7,,Mitchell Krueger,R,188,USA,31.693,240,233,6-3 2-6 7-6(3),3,R32,144,7,4,91,51,35,21,15,4,9,4,6,93,57,41,15,14,7,11
2025-7345,Las Vegas,Hard,32,C,O,20250922,8,F0CK,,,Andrew Fenty,R,193,USA,25.541,563,67,M0ON,8,,Johannus Monday,L,198,GBR,23.666,228,240,7-6(4) 6-4,3,R32,118,15,1,76,40,32,22,11,7,7,8,6,86,61,44,10,11,1,2
2025-7345,Las Vegas,Hard,32,C,O,20250922,9,B0I5,,,Blaise Bicknell,R,191,JAM,23.822,573,64,M0RE,,,Patrick Maloney,R,193,USA,25.618,325,158,6-2 6-4,3,R32,85,9,3,66,41,29,16,9,5,5,4,4,65,43,31,7,9,3,6
2025-7345,Las Vegas,Hard,32,C,O,20250922,10,B0EK,,,Moerani Bouzige,R,180,AUS,26.196,334,154,P0K5,,,Theo Papamalamis,R,183,FRA,19.702,596,60,3-6 4-1 RET,3,R32,85,1,7,45,25,17,7,7,5,8,4,4,60,32,20,11,7,4,7
2025-7345,Las Vegas,Hard,32,C,O,20250922,11,F0BP,,,Pietro Fellin,R,193,ITA,24.14,513,80,B0PE,,,Federico Bondioli,L,185,ITA,20.353,389,128,2-6 7-6(3) 6-2,3,R32,174,2,6,110,63,43,22,14,9,12,3,9,110,71,46,18,14,8,11
2025-7345,Las Vegas,Hard,32,C,O,20250922,12,I0B0,,,Andre Ilagan,L,173,USA,24.849,410,117,KC86,,,Darian King,R,188,BAR,33.407,2116,1,6-2 6-3,3,R32,67,0,1,44,25,18,11,8,0,1,1,2,52,35,20,6,9,4,9
2025-7345,Las Vegas,Hard,32,C,O,20250922,13,M0NP,,,Andres Martin,R,183,USA,24.211,279,189,MN20,,,Daniel Masur,R,183,GER,30.877,444,100,6-4 6-3,3,R32,84,7,6,75,52,35,9,10,5,8,2,3,51,27,15,8,9,2,7
2025-7345,Las Vegas,Hard,32,C,O,20250922,14,RG42,,,Alex Rybakov,L,185,USA,28.652,313,168,C0T4,,,Tyler Cox,,,USA,19.441,,,6-3 6-1,3,R32,61,5,1,36,26,24,8,8,0,0,0,8,69,35,19,15,8,5,9
2025-7345,Las Vegas,Hard,32,C,O,20250922,15,S0NV,,,Abdullah Shelbayh,L,180,JOR,21.851,437,105,PL39,,,Alfredo Perez,R,193,USA,28.337,333,155,6-3 6-4,3,R32,,,,,,,,,,,,,,,,,,,
2025-7345,Las Vegas,Hard,32,C,O,20250922,16,W0DD,,,Cooper Williams,R,191,USA,20.266,697,43,RH62,,,Mats Rosenkranz,L,193,GER,27.083,314,168,7-6(4) 6-1,3,R32,79,8,3,60,33,26,21,10,3,3,7,4,55,30,28,8,9,2,4
2025-7345,Las Vegas,Hard,32,C,O,20250922,17,R09X,1,,Jurij Rodionov,L,191,AUT,26.355,156,378,W0DD,,,Cooper Williams,R,191,USA,20.266,697,43,6-4 6-3,3,R16,79,7,3,58,35,26,13,10,2,3,3,1,52,31,22,10,9,2,5
2025-7345,Las Vegas,Hard,32,C,O,20250922,18,RG42,,,Alex Rybakov,L,185,USA,28.652,313,168,T0BW,3,,James Trotter,R,183,JPN,26.152,212,255,6-4 7-6(8),3,R16,108,4,2,85,51,39,21,11,5,5,9,3,69,47,35,14,11,0,1
2025-7345,Las Vegas,Hard,32,C,O,20250922,19,HG94,4,,Benjamin Hassan,R,183,LBN,30.631,195,270,M0NP,,,Andres Martin,R,183,USA,24.211,279,189,6-7(1) 7-5 6-3,3,R16,140,9,4,111,58,45,29,17,2,3,3,4,98,52,40,26,16,5,8
2025-7345,Las Vegas,Hard,32,C,O,20250922,20,S0NV,,,Abdullah Shelbayh,L,180,JOR,21.851,437,105,M0AW,5,,Nicolas Mejia,R,183,COL,25.613,199,267,7-5 6-1,3,R16,110,5,0,64,32,22,16,9,7,9,2,3,73,39,24,12,10,9,15
2025-7345,Las Vegas,Hard,32,C,O,20250922,21,I0B0,,,Andre Ilagan,L,173,USA,24.849,410,117,PG20,6,,Dmitry Popko,R,191,KAZ,28.912,214,251,6-4 6-4,3,R16,73,1,1,55,37,32,6,10,1,2,5,2,50,31,21,11,10,1,4
2025-7345,Las Vegas,Hard,32,C,O,20250922,22,B0EK,,,Moerani Bouzige,R,180,AUS,26.196,334,154,W0BU,,,Olle Wallin,R,191,SWE,23.918,406,118,6-7(4) 7-6(1) 6-3,3,R16,154,9,6,120,60,43,38,17,4,6,13,5,104,57,43,23,16,1,4
2025-7345,Las Vegas,Hard,32,C,O,20250922,23,F0CK,,,Andrew Fenty,R,193,USA,25.541,563,67,B0I5,,,Blaise Bicknell,R,191,JAM,23.822,573,64,6-3 6-7(2) 6-4,3,R16,149,7,4,99,65,46,20,16,3,5,6,7,107,67,43,20,15,6,10
2025-7345,Las Vegas,Hard,32,C,O,20250922,24,S0TI,,,Philip Sekulic,R,191,AUS,22.048,452,96,F0BP,,,Pietro Fellin,R,193,ITA,24.14,513,80,6-4 6-2,3,R16,88,3,3,61,32,22,16,9,3,4,3,3,49,29,21,6,9,2,6
2025-7345,Las Vegas,Hard,32,C,O,20250922,25,S0NV,,,Abdullah Shelbayh,L,180,JOR,21.851,437,105,R09X,1,,Jurij Rodionov,L,191,AUT,26.355,156,378,3-6 6-4 6-2,3,QF,126,6,5,83,50,36,16,13,6,8,12,6,95,50,39,16,14,7,11
2025-7345,Las Vegas,Hard,32,C,O,20250922,26,HG94,4,,Benjamin Hassan,R,183,LBN,30.631,195,270,F0CK,,,Andrew Fenty,R,193,USA,25.541,563,67,6-4 1-6 6-1,3,QF,98,9,4,62,31,25,14,12,5,9,2,4,72,33,19,20,12,5,10
2025-7345,Las Vegas,Hard,32,C,O,20250922,27,I0B0,,,Andre Ilagan,L,173,USA,24.849,410,117,B0EK,,,Moerani Bouzige,R,180,AUS,26.196,334,154,5-7 6-4 6-1,3,QF,141,2,3,92,64,43,14,15,5,8,8,10,101,51,36,19,14,8,13
2025-7345,Las Vegas,Hard,32,C,O,20250922,28,RG42,,,Alex Rybakov,L,185,USA,28.652,313,168,S0TI,,,Philip Sekulic,R,191,AUS,22.048,452,96,7-6(5) 6-4,3,QF,109,2,3,76,47,34,18,11,3,4,4,2,69,45,32,15,11,3,5
2025-7345,Las Vegas,Hard,32,C,O,20250922,29,S0NV,,,Abdullah Shelbayh,L,180,JOR,21.851,437,105,HG94,4,,Benjamin Hassan,R,183,LBN,30.631,195,270,6-3 6-1,3,SF,70,6,1,45,32,24,8,8,1,2,8,3,60,29,21,8,8,2,7
2025-7345,Las Vegas,Hard,32,C,O,20250922,30,RG42,,,Alex Rybakov,L,185,USA,28.652,313,168,I0B0,,,Andre Ilagan,L,173,USA,24.849,410,117,7-6(4) 6-3,3,SF,115,4,4,70,55,33,7,10,6,9,0,2,88,65,30,12,11,7,12
2025-7345,Las Vegas,Hard,32,C,O,20250922,31,S0NV,,,Abdullah Shelbayh,L,180,JOR,21.851,437,105,RG42,,,Alex Rybakov,L,185,USA,28.652,313,168,6-2 6-4,3,F,77,0,2,54,31,19,15,9,2,4,2,1,58,41,23,7,9,6,11
2025-7395,Buenos Aires,Clay,32,C,O,20250922,1,V0DP,,,Adolfo Daniel Vallejo,R,183,PAR,21.402,254,220,T0A1,1,,Thiago Agustin Tirante,R,185,ARG,24.452,99,660,6-3 6-4,3,R32,88,1,0,57,45,30,6,10,2,4,7,0,56,37,22,8,9,2,6
2025-7395,Buenos Aires,Clay,32,C,O,20250922,2,R0A7,,,Joao Lucas Reis Da Silva,R,178,BRA,25.492,222,244,N0AM,2,,Emilio Nava,R,185,USA,23.806,90,700,4-6 7-5 7-5,3,R32,156,0,2,96,65,45,14,17,5,10,9,2,118,62,37,28,17,9,15
2025-7395,Buenos Aires,Clay,32,C,O,20250922,3,DA31,3,,Hugo Dellien,R,180,BOL,32.268,126,512,V836,,,Juan Pablo Varillas,R,185,PER,29.963,316,165,6-2 7-6(3),3,R32,96,3,0,60,42,32,10,10,1,2,5,3,80,50,34,12,10,9,12
2025-7395,Buenos Aires,Clay,32,C,O,20250922,4,KC29,,,Nicolas Kicker,R,178,ARG,33.101,299,175,GD64,4,,Cristian Garin,R,185,CHI,29.314,124,518,6-3 6-4,3,R32,119,0,0,74,56,28,12,10,6,10,1,1,67,39,24,7,9,4,10
2025-7395,Buenos Aires,Clay,32,C,O,20250922,5,J0AW,,,Guido Ivan Justo,R,178,ARG,27.765,404,120,FA43,5,,Juan Pablo Ficovich,R,188,ARG,28.66,146,404,6-3 7-6(1),3,R32,99,3,0,67,49,31,10,11,1,4,1,2,70,44,27,9,10,2,6
2025-7395,Buenos Aires,Clay,32,C,O,20250922,6,B0FV,6,,Roman Andres Burruchaga,R,183,ARG,23.663,144,439,CG07,,,Hernan Casanova,R,178,ARG,31.625,411,116,6-3 6-4,3,R32,102,2,2,59,42,28,10,9,1,3,0,1,76,53,27,12,10,9,14
2025-7395,Buenos Aires,Clay,32,C,O,20250922,7,M0IF,7,,Francesco Maestrelli,R,196,ITA,22.754,154,386,SG56,,,Daniel Dutra da Silva,L,,BRA,37.216,353,145,6-3 4-6 6-3,3,R32,130,5,5,99,63,47,16,14,9,11,2,2,77,46,30,18,14,3,7
2025-7395,Buenos Aires,Clay,32,C,O,20250922,8,G0DH,,,Alvaro Guillen Meza,R,175,ECU,22.721,226,241,HF80,8,,Hady Habib,R,188,LBN,27.088,172,317,6-7(4) 7-6(8) 6-4,3,R32,221,5,2,128,72,53,27,17,2,5,6,4,160,104,64,28,17,16,20
2025-7395,Buenos Aires,Clay,32,C,O,20250922,9,BF23,,,Facundo Bagnis,L,183,ARG,35.567,431,108,V821,,,Gonzalo Villanueva,R,175,ARG,30.691,351,146,6-0 3-6 6-3,3,R32,107,3,4,61,41,33,9,12,1,3,1,3,76,56,32,9,12,5,10
2025-7395,Buenos Aires,Clay,32,C,O,20250922,10,B0GY,,,Alex Barrena,R,175,ARG,22.951,188,288,T0DM,,,Juan Bautista Torres,R,178,ARG,23.474,415,114,6-1 5-7 6-4,3,R32,,,,,,,,,,,,,,,,,,,
2025-7395,Buenos Aires,Clay,32,C,O,20250922,11,B0GR,,,Gonzalo Bueno,R,173,PER,21.47,257,217,GJ16,,,Federico Agustin Gomez,R,191,ARG,28.821,204,261,3-6 6-3 7-6(3),3,R32,156,1,5,108,69,36,24,15,9,14,5,6,105,55,38,22,15,6,11
2025-7395,Buenos Aires,Clay,32,C,O,20250922,12,CC66,,,Andrea Collarini,L,183,ARG,33.643,264,210,A0IK,,,Luciano Emanuel Ambrogi,R,188,ARG,21.843,421,112,7-6(5) 2-6 6-3,3,R32,156,0,4,87,67,37,7,15,7,15,2,0,89,68,37,9,14,4,11
2025-7395,Buenos Aires,Clay,32,C,O,20250922,13,O660,,,Genaro Alberto Olivieri,R,175,ARG,27.135,223,243,RH59,,,Santiago Rodriguez Taverna,R,191,ARG,26.188,224,242,6-2 3-6 6-3,3,R32,115,0,0,81,66,42,11,13,6,8,0,3,70,42,28,15,13,2,6
2025-7395,Buenos Aires,Clay,32,C,O,20250922,14,P0IY,,,Juan Carlos Prado Angelo,R,185,BOL,20.548,266,208,M0OH,,,Lautaro Midon,R,180,ARG,21.484,256,218,7-5 4-6 6-1,3,R32,128,1,4,100,72,43,14,15,6,11,2,4,79,41,25,12,14,5,12
2025-7395,Buenos Aires,Clay,32,C,O,20250922,15,P0DF,,,Matheus Pucinelli De Almeida,R,183,BRA,24.476,285,185,S0EK,,,Matias Soto,R,170,CHI,26.407,280,189,6-1 6-1,3,R32,66,1,0,37,26,18,6,7,0,1,1,3,50,32,12,8,7,4,10
2025-7395,Buenos Aires,Clay,32,C,O,20250922,16,R0BC,,,Lorenzo Joaquin Rodriguez,R,196,ARG,25.982,461,94,DC48,,,Murkel Dellien,R,193,BOL,28.016,260,214,6-4 6-1,3,R32,75,3,0,51,36,24,12,9,3,4,1,3,53,36,21,4,8,6,10
2025-7395,Buenos Aires,Clay,32,C,O,20250922,17,B0GY,,,Alex Barrena,R,175,ARG,22.951,188,288,DA31,3,,Hugo Dellien,R,180,BOL,32.268,126,512,6-1 1-0 RET,3,R16,40,0,0,27,15,11,8,4,4,4,0,0,29,25,12,0,4,3,6
2025-7395,Buenos Aires,Clay,32,C,O,20250922,18,B0FV,6,,Roman Andres Burruchaga,R,183,ARG,23.663,144,439,CC66,,,Andrea Collarini,L,183,ARG,33.643,264,210,6-2 6-4,3,R16,87,5,1,54,41,29,7,9,5,6,0,1,51,34,18,7,9,0,4
2025-7395,Buenos Aires,Clay,32,C,O,20250922,19,B0GR,,,Gonzalo Bueno,R,173,PER,21.47,257,217,M0IF,7,,Francesco Maestrelli,R,196,ITA,22.754,154,386,6-3 7-6(3),3,R16,139,3,2,74,44,27,18,10,0,2,1,5,96,65,35,15,11,11,15
2025-7395,Buenos Aires,Clay,32,C,O,20250922,20,G0DH,,,Alvaro Guillen Meza,R,175,ECU,22.721,226,241,P0IY,,,Juan Carlos Prado Angelo,R,185,BOL,20.548,266,208,6-1 6-2,3,R16,92,0,1,53,39,29,6,7,5,5,0,0,61,42,19,9,8,10,15
2025-7395,Buenos Aires,Clay,32,C,O,20250922,21,J0AW,,,Guido Ivan Justo,R,178,ARG,27.765,404,120,R0BC,,,Lorenzo Joaquin Rodriguez,R,196,ARG,25.982,461,94,7-6(3) 6-3,3,R16,118,1,3,66,38,28,17,10,3,4,6,1,84,59,34,12,11,5,8
2025-7395,Buenos Aires,Clay,32,C,O,20250922,22,KC29,,,Nicolas Kicker,R,178,ARG,33.101,299,175,BF23,,,Facundo Bagnis,L,183,ARG,35.567,431,108,6-3 6-4,3,R16,111,0,3,69,52,34,8,9,8,10,4,3,67,44,25,10,10,3,8
2025-7395,Buenos Aires,Clay,32,C,O,20250922,23,O660,,,Genaro Alberto Olivieri,R,175,ARG,27.135,223,243,V0DP,,,Adolfo Daniel Vallejo,R,183,PAR,21.402,254,220,6-3 6-2,3,R16,80,0,0,45,31,22,10,9,0,1,0,1,57,39,21,10,8,8,12
2025-7395,Buenos Aires,Clay,32,C,O,20250922,24,P0DF,,,Matheus Pucinelli De Almeida,R,183,BRA,24.476,285,185,R0A7,,,Joao Lucas Reis Da Silva,R,178,BRA,25.492,222,244,6-0 3-6 6-4,3,R16,133,1,5,76,52,37,8,12,4,7,1,1,93,66,38,10,13,12,18
2025-7395,Buenos Aires,Clay,32,C,O,20250922,25,B0FV,6,,Roman Andres Burruchaga,R,183,ARG,23.663,144,439,O660,,,Genaro Alberto Olivieri,R,175,ARG,27.135,223,243,6-1 7-6(6),3,QF,97,0,2,61,31,21,15,9,2,5,0,1,65,49,26,3,10,3,9
2025-7395,Buenos Aires,Clay,32,C,O,20250922,26,B0GY,,,Alex Barrena,R,175,ARG,22.951,188,288,J0AW,,,Guido Ivan Justo,R,178,ARG,27.765,404,120,6-2 6-7(1) 6-3,3,QF,173,4,2,104,69,43,16,15,7,11,0,1,108,60,31,25,14,11,18
2025-7395,Buenos Aires,Clay,32,C,O,20250922,27,G0DH,,,Alvaro Guillen Meza,R,175,ECU,22.721,226,241,P0DF,,,Matheus Pucinelli De Almeida,R,183,BRA,24.476,285,185,1-6 6-4 6-4,3,QF,156,0,0,88,64,32,11,13,5,12,0,6,84,52,37,7,14,5,12
2025-7395,Buenos Aires,Clay,32,C,O,20250922,28,KC29,,,Nicolas Kicker,R,178,ARG,33.101,299,175,B0GR,,,Gonzalo Bueno,R,173,PER,21.47,257,217,6-2 6-2,3,QF,91,0,1,52,35,26,10,8,1,1,0,1,57,45,24,4,8,3,7
2025-7395,Buenos Aires,Clay,32,C,O,20250922,29,B0FV,6,,Roman Andres Burruchaga,R,183,ARG,23.663,144,439,KC29,,,Nicolas Kicker,R,178,ARG,33.101,299,175,6-2 6-4,3,SF,82,2,2,45,30,23,8,9,1,3,0,2,59,46,24,5,9,4,9
2025-7395,Buenos Aires,Clay,32,C,O,20250922,30,B0GY,,,Alex Barrena,R,175,ARG,22.951,188,288,G0DH,,,Alvaro Guillen Meza,R,175,ECU,22.721,226,241,6-1 6-1,3,SF,71,1,2,51,31,22,13,7,3,3,2,2,44,29,15,2,7,4,9
2025-7395,Buenos Aires,Clay,32,C,O,20250922,31,B0FV,6,,Roman Andres Burruchaga,R,183,ARG,23.663,144,439,B0GY,,,Alex Barrena,R,175,ARG,22.951,188,288,7-6(4) 6-3,3,F,103,2,5,66,39,23,15,11,1,5,2,0,61,41,25,7,10,2,7
2025-7742,Lisbon,Clay,32,C,O,20250922,1,KI82,1,,Vit Kopriva,R,178,CZE,28.271,92,679,J476,,,Luka Pavlovic,R,198,ESP,31.274,407,117,6-3 6-4,3,R32,84,0,3,70,52,35,11,10,2,3,4,5,46,22,17,11,9,1,4
2025-7742,Lisbon,Clay,32,C,O,20250922,2,G0FW,,,Vilius Gaubas,R,178,LTU,20.731,165,345,TE16,2,,Carlos Taberner,R,183,ESP,28.123,108,601,6-1 6-4,3,R32,97,1,1,60,45,32,9,9,7,7,0,1,48,28,18,9,8,1,4
2025-7742,Lisbon,Clay,32,C,O,20250922,3,CF59,3,,Roberto Carballes Baena,R,183,ESP,32.501,113,570,SX91,,,Thiago Seyboth Wild,R,185,BRA,25.536,164,356,6-3 6-2,3,R32,91,1,2,58,41,29,8,8,6,7,0,2,53,31,17,9,9,7,12
2025-7742,Lisbon,Clay,32,C,O,20250922,4,B0ID,4,,Ignacio Buse,R,183,PER,21.495,116,559,SN54,,,Francisco Rocha,L,178,POR,30.516,234,237,6-3 6-0,3,R32,84,2,0,46,32,23,11,8,3,3,1,5,61,28,16,12,7,7,11
2025-7742,Lisbon,Clay,32,C,O,20250922,5,B0ID,,,Tiago Pereira,R,183,PER,21.495,116,559,M0K4,5,,Elmer Moller,R,183,DEN,22.207,117,558,7-5 7-5,3,R32,114,2,3,89,41,28,20,12,6,11,4,3,72,45,24,10,12,2,9
2025-7742,Lisbon,Clay,32,C,O,20250922,6,F0F2,6,,Jaime Faria,R,188,POR,22.13,118,552,BV25,,,Christoph Negritu,L,180,ESP,26.847,335,152,6-4 4-6 6-2,3,R32,125,11,3,84,56,42,19,14,4,5,3,1,101,64,40,22,14,11,14
2025-7742,Lisbon,Clay,32,C,O,20250922,7,TA29,,,Marco Trungelliti,R,178,ARG,35.641,143,440,GE33,7,,Daniel Elahi Galan,R,191,COL,29.262,132,490,6-2 7-6(3),3,R32,81,3,1,55,41,31,10,10,0,1,2,2,60,40,26,7,10,3,6
2025-7742,Lisbon,Clay,32,C,O,20250922,8,CH12,,,Jan Choinski,R,196,GBR,29.284,161,366,PH64,8,,Andrea Pellegrino,R,185,ITA,28.501,134,468,6-2 3-6 6-1,3,R32,112,8,0,77,50,39,13,12,3,4,3,2,73,39,27,14,12,3,7
2025-7742,Lisbon,Clay,32,C,O,20250922,9,O660,,,Guy Den Ouden,R,175,ARG,27.135,223,243,Y218,,,Elias Ymer,R,185,SWE,29.451,235,236,7-5 6-3,3,R32,113,2,4,66,46,30,8,11,1,5,2,3,83,55,29,11,10,7,13
2025-7742,Lisbon,Clay,32,C,O,20250922,10,SN54,,,Frederico Ferreira Silva,L,178,POR,30.516,234,237,CI14,,,Jay Clarke,R,183,GBR,27.157,185,295,6-3 1-6 6-1,3,R32,140,4,1,86,55,33,17,12,8,11,4,3,82,50,31,13,11,7,11
2025-7742,Lisbon,Clay,32,C,O,20250922,11,L0CX,,,Pablo Llamas Ruiz,R,188,ESP,22.943,218,248,M0HT,,,Alejandro Moro Canas,R,183,ESP,24.791,269,204,6-4 7-6(5),3,R32,134,3,3,81,53,33,15,11,4,7,2,7,82,51,31,13,11,7,11
2025-7742,Lisbon,Clay,32,C,O,20250922,12,F0F2,,,Daniel Merida,R,188,POR,22.13,118,552,K0EP,,,Jerome Kym,R,198,SUI,22.609,152,387,6-2 4-6 6-4,3,R32,125,3,1,78,57,40,10,14,0,4,6,7,125,73,45,21,14,12,18
2025-7742,Lisbon,Clay,32,C,O,20250922,13,MJ08,,,Thiago Monteiro,L,183,BRA,31.313,177,314,CF01,,,Marco Cecchinato,R,185,ITA,32.977,275,194,7-6(1) 7-6(2),3,R32,127,3,0,72,44,35,20,12,0,1,1,0,86,59,35,20,12,8,9
2025-7742,Lisbon,Clay,32,C,O,20250922,14,RC04,,,Alexander Ritschard,R,193,SUI,31.499,332,155,S0WT,,,Joel Schwaerzler,L,188,AUT,19.652,236,236,6-2 6-1,3,R32,74,3,2,43,31,24,6,7,3,3,2,3,67,44,24,7,8,7,12
2025-7742,Lisbon,Clay,32,C,O,20250922,15,R0GO,,,Henrique Rocha,R,180,POR,21.462,171,319,Z419,,,Pedro Araujo,R,183,ESP,28.693,409,117,6-4 6-3,3,R32,89,1,6,54,29,22,9,9,3,6,0,2,76,59,31,5,10,7,13
2025-7742,Lisbon,Clay,32,C,O,20250922,16,TA12,,,Stefano Travaglia,R,185,ITA,33.736,239,235,D0L3,,,Matej Dodig,R,188,CRO,20.178,271,200,6-3 6-3,3,R32,79,5,0,50,34,27,10,9,0,0,3,3,69,37,25,12,9,9,12
2025-7742,Lisbon,Clay,32,C,O,20250922,17,RC04,,,Alexander Ritschard,R,193,SUI,31.499,332,155,KI82,1,,Vit Kopriva,R,178,CZE,28.271,92,679,6-4 6-2,3,R16,87,1,2,57,34,21,13,9,3,5,2,3,54,40,24,4,9,1,6
2025-7742,Lisbon,Clay,32,C,O,20250922,18,L0CX,,,Pablo Llamas Ruiz,R,188,ESP,22.943,218,248,CF59,3,,Roberto Carballes Baena,R,183,ESP,32.501,113,570,6-4 3-0 RET,3,R16,78,1,0,39,30,20,6,6,0,0,0,2,50,28,19,6,7,4,7
2025-7742,Lisbon,Clay,32,C,O,20250922,19,B0ID,4,,Ignacio Buse,R,183,PER,21.495,116,559,MJ08,,,Thiago Monteiro,L,183,BRA,31.313,177,314,7-6(7) 6-4,3,R16,126,4,2,74,49,35,17,11,1,2,2,4,80,52,38,11,11,4,6
2025-7742,Lisbon,Clay,32,C,O,20250922,20,TA12,,,Stefano Travaglia,R,185,ITA,33.736,239,235,F0F2,6,,Jaime Faria,R,188,POR,22.13,118,552,6-1 5-7 6-4,3,R16,126,4,2,89,50,36,21,15,1,4,3,3,71,41,23,18,14,0,5
2025-7742,Lisbon,Clay,32,C,O,20250922,21,G0FW,,,Vilius Gaubas,R,178,LTU,20.731,165,345,SN54,,,Frederico Ferreira Silva,L,178,POR,30.516,234,237,7-5 7-6(5),3,R16,139,2,4,87,57,36,18,12,4,6,1,1,81,58,36,13,12,5,8
2025-7742,Lisbon,Clay,32,C,O,20250922,22,B0ID,,,Daniel Merida,R,183,PER,21.495,116,559,TE16,,,Tiago Pereira,R,183,ESP,28.123,108,601,6-2 6-3,3,R16,62,0,1,44,28,22,9,8,0,1,0,2,53,36,20,5,9,2,7
2025-7742,Lisbon,Clay,32,C,O,20250922,23,R0GO,,,Henrique Rocha,R,180,POR,21.462,171,319,CH12,,,Jan Choinski,R,196,GBR,29.284,161,366,6-1 6-4,3,R16,80,4,3,55,32,24,15,9,4,4,0,0,51,41,26,4,8,1,4
2025-7742,Lisbon,Clay,32,C,O,20250922,24,TA29,,,Marco Trungelliti,R,178,ARG,35.641,143,440,G0FW,,,Guy Den Ouden,R,178,LTU,20.731,165,345,6-1 6-2,3,R16,70,3,2,49,36,27,7,8,5,6,2,5,58,33,16,10,7,6,11
2025-7742,Lisbon,Clay,32,C,O,20250922,25,B0ID,4,,Ignacio Buse,R,183,PER,21.495,116,559,TA29,,,Marco Trungelliti,R,178,ARG,35.641,143,440,6-4 3-6 6-3,3,QF,168,2,1,103,59,31,29,14,7,11,1,7,100,64,38,17,14,4,9
2025-7742,Lisbon,Clay,32,C,O,20250922,26,G0FW,,,Vilius Gaubas,R,178,LTU,20.731,165,345,S0NV,,,Daniel Merida,L,180,JOR,21.851,437,105,6-1 6-4,3,QF,81,1,0,61,41,29,10,9,4,5,1,2,58,45,22,8,8,3,7
2025-7742,Lisbon,Clay,32,C,O,20250922,27,R0GO,,,Henrique Rocha,R,180,POR,21.462,171,319,L0CX,,,Pablo Llamas Ruiz,R,188,ESP,22.943,218,248,6-3 6-4,3,QF,86,3,5,56,25,17,22,10,1,2,1,2,59,44,27,5,9,6,9
2025-7742,Lisbon,Clay,32,C,O,20250922,28,TA12,,,Stefano Travaglia,R,185,ITA,33.736,239,235,RC04,,,Alexander Ritschard,R,193,SUI,31.499,332,155,6-2 1-6 7-6(5),3,QF,148,1,2,110,66,40,20,14,4,10,4,1,85,51,34,14,13,0,5
2025-7742,Lisbon,Clay,32,C,O,20250922,29,G0FW,,,Vilius Gaubas,R,178,LTU,20.731,165,345,B0ID,4,,Ignacio Buse,R,183,PER,21.495,116,559,7-5 7-6(4),3,SF,145,0,1,84,60,33,16,12,5,8,2,3,82,53,35,11,12,2,6
2025-7742,Lisbon,Clay,32,C,O,20250922,30,R0GO,,,Henrique Rocha,R,180,POR,21.462,171,319,TA12,,,Stefano Travaglia,R,185,ITA,33.736,239,235,4-6 6-4 7-6(3),3,SF,157,1,7,111,62,48,20,16,5,9,1,0,91,62,39,18,16,2,6
2025-7742,Lisbon,Clay,32,C,O,20250922,31,G0FW,,,Vilius Gaubas,R,178,LTU,20.731,165,345,R0GO,,,Henrique Rocha,R,180,POR,21.462,171,319,6-7(3) 6-3 6-4,3,F,184,1,2,116,88,55,12,16,6,9,5,5,104,60,39,22,15,5,10
2025-1768,Tiburon,Hard,32,C,O,20250929,1,S0NV,,,Abdullah Shelbayh,L,180,JOR,21.87,437,105,R09X,1,,Jurij Rodionov,L,191,AUT,26.374,156,378,7-6(3) 6-4,3,R32,103,5,1,82,54,39,15,11,4,5,3,5,68,29,23,22,11,0,2
2025-1768,Tiburon,Hard,32,C,O,20250929,2,C0HT,2,,Murphy Cassone,R,188,USA,23.121,174,317,P0HT,,,Moerani Bouzige,R,180,GBR,22.502,178,309,6-3 6-2,3,R32,81,7,4,56,31,24,15,9,4,5,2,5,50,25,17,8,8,2,6
2025-1768,Tiburon,Hard,32,C,O,20250929,3,P0HT,3,,Jack Pinnington Jones,R,180,GBR,22.502,178,309,P0HT,,,Duncan Chan,R,180,GBR,22.502,178,309,6-3 6-3,3,R32,81,3,4,60,43,33,6,9,2,3,1,1,55,29,19,10,9,1,5
2025-1768,Tiburon,Hard,32,C,O,20250929,4,HG94,4,,Benjamin Hassan,R,183,LBN,30.65,195,270,HG94,,,Garrett Johns,R,183,LBN,30.65,195,270,7-5 6-3,3,R32,10,0,0,6,2,1,3,1,0,0,0,0,10,6,3,2,0,1,1
2025-1768,Tiburon,Hard,32,C,O,20250929,5,M0AW,5,,Nicolas Mejia,R,183,COL,25.632,199,267,M0NP,,,Andres Martin,R,183,USA,24.23,279,189,6-4 4-6 7-6(5),3,R32,188,3,7,118,72,51,18,16,9,13,1,5,107,71,44,22,16,5,9
2025-1768,Tiburon,Hard,32,C,O,20250929,6,PG20,6,,Dmitry Popko,R,191,KAZ,28.931,214,251,RH62,,,Federico Bondioli,L,193,GER,27.102,314,168,6-2 5-7 6-2,3,R32,135,2,4,89,55,43,15,14,6,8,2,4,91,63,34,16,14,8,13
2025-1768,Tiburon,Hard,32,C,O,20250929,7,Z0BZ,7,,Michael Zheng,R,188,USA,21.673,227,240,T0GR,,,Oliver Tarvet,R,185,GBR,21.919,388,128,6-4 6-3,3,R32,98,3,1,53,27,20,12,9,4,6,3,4,65,42,25,9,10,8,13
2025-1768,Tiburon,Hard,32,C,O,20250929,8,M0ON,8,,Johannus Monday,L,198,GBR,23.685,228,240,RG42,,,Alex Rybakov,L,185,USA,28.671,313,168,6-3 4-6 6-2,3,R32,7,0,0,4,3,3,1,1,0,0,0,1,8,4,3,2,1,0,0
2025-1768,Tiburon,Hard,32,C,O,20250929,9,A0I1,,,Bor Artnak,R,193,SLO,21.32,489,86,A0I1,,,Renta Tokuda,R,193,SLO,21.32,489,86,6-1 6-7(7) 6-4,3,R32,149,12,2,112,68,45,20,15,8,12,5,1,106,70,44,13,14,13,20
2025-1768,Tiburon,Hard,32,C,O,20250929,10,Z0BZ,,,Samir Banerjee,R,188,USA,21.673,227,240,S0TI,,,Philip Sekulic,R,191,AUS,22.067,452,96,6-1 5-7 6-4,3,R32,129,6,5,89,47,30,22,15,4,9,2,5,86,51,30,14,14,5,12
2025-1768,Tiburon,Hard,32,C,O,20250929,11,J0DZ,,,Rafael Jodar,R,191,ESP,19.034,306,170,W0BU,,,Andre Ilagan,R,191,SWE,23.937,406,118,6-3 3-6 6-1,3,R32,129,10,2,84,50,37,17,13,4,6,0,2,99,65,37,18,12,9,13
2025-1768,Tiburon,Hard,32,C,O,20250929,12,KC12,,,Mitchell Krueger,R,188,USA,31.713,240,233,MN20,,,Daniel Masur,R,183,GER,30.897,444,100,2-6 6-4 6-2,3,R32,127,13,7,91,65,47,12,13,7,9,5,4,73,41,28,20,13,1,4
2025-1768,Tiburon,Hard,32,C,O,20250929,13,Z0AK,,,Alfredo Perez,R,185,USA,24.663,343,150,S0VM,,,Trevor Svajda,R,175,USA,19.444,394,125,6-4 6-4,3,R32,78,6,3,63,36,28,12,10,3,5,1,3,58,32,24,10,10,5,9
2025-1768,Tiburon,Hard,32,C,O,20250929,14,S0NV,,,Mats Rosenkranz,L,180,JOR,21.87,437,105,PL39,,,Marek Gengel,R,193,USA,28.356,333,155,7-6(4) 6-2,3,R32,111,5,3,68,43,33,10,10,6,8,6,2,88,42,29,18,10,10,14
2025-1768,Tiburon,Hard,32,C,O,20250929,15,W0BU,,,Olle Wallin,R,191,SWE,23.937,406,118,D0DT,,,Martin Damm,L,203,USA,21.999,244,228,2-6 7-6(5) 6-3,3,R32,120,10,3,96,47,33,29,15,6,10,18,3,82,44,33,22,14,3,6
2025-1768,Tiburon,Hard,32,C,O,20250929,16,KC12,,,Mitchell Krueger,R,188,USA,31.713,240,233,C0HT,2,,Murphy Cassone,R,188,USA,23.121,174,317,6-3 6-7(3) 6-2,3,R16,139,3,3,84,62,48,9,14,3,5,8,8,126,71,44,23,15,12,18
2025-1768,Tiburon,Hard,32,C,O,20250929,17,J0DZ,,,Rafael Jodar,R,191,ESP,19.034,306,170,P0HT,3,,Jack Pinnington Jones,R,180,GBR,22.502,178,309,6-2 6-3,3,R16,83,6,3,51,27,21,13,9,1,3,1,4,54,35,19,5,8,5,10
2025-1768,Tiburon,Hard,32,C,O,20250929,18,S0NV,,,Samir Banerjee,L,180,JOR,21.87,437,105,HG94,4,,Benjamin Hassan,R,183,LBN,30.65,195,270,6-1 7-5,3,R16,77,0,5,70,34,24,18,10,8,11,2,5,53,27,15,7,9,3,9
2025-1768,Tiburon,Hard,32,C,O,20250929,19,M0AW,5,,Nicolas Mejia,R,183,COL,25.632,199,267,KC12,,,Mats Rosenkranz,R,188,USA,31.713,240,233,2-6 6-4 7-6(5),3,R16,170,1,1,92,58,39,16,15,5,10,9,2,108,70,47,16,15,7,11
2025-1768,Tiburon,Hard,32,C,O,20250929,20,PG20,6,,Dmitry Popko,R,191,KAZ,28.931,214,251,A0I1,,,Bor Artnak,R,193,SLO,21.32,489,86,6-2 6-4,3,R16,92,4,2,52,29,23,14,9,3,4,2,2,67,41,25,9,9,4,8
2025-1768,Tiburon,Hard,32,C,O,20250929,21,Z0BZ,7,,Michael Zheng,R,188,USA,21.673,227,240,W0BU,,,Olle Wallin,R,191,SWE,23.937,406,118,6-4 6-1,3,R16,64,4,0,39,26,25,7,8,0,0,3,3,61,39,20,10,9,3,7
2025-1768,Tiburon,Hard,32,C,O,20250929,22,Z0AK,,,Tyler Zink,R,185,USA,24.663,343,150,M0ON,8,,Johannus Monday,L,198,GBR,23.685,228,240,6-4 6-3,3,R16,76,3,2,59,33,23,16,10,2,3,4,3,50,27,18,12,9,3,6
2025-1768,Tiburon,Hard,32,C,O,20250929,23,S0NV,,,Abdullah Shelbayh,L,180,JOR,21.87,437,105,C0HT,,,Alfredo Perez,R,188,USA,23.121,174,317,4-6 6-3 6-2,3,R16,130,3,4,98,67,50,10,14,3,5,7,3,75,46,34,10,13,1,5
2025-1768,Tiburon,Hard,32,C,O,20250929,24,J0DZ,,,Rafael Jodar,R,191,ESP,19.034,306,170,M0AW,5,,Nicolas Mejia,R,183,COL,25.632,199,267,6-0 6-2,3,QF,77,4,0,38,21,16,13,7,0,0,0,1,59,40,20,7,7,14,19
2025-1768,Tiburon,Hard,32,C,O,20250929,25,S0NV,,,Abdullah Shelbayh,L,180,JOR,21.87,437,105,PG20,6,,Dmitry Popko,R,191,KAZ,28.931,214,251,6-4 6-2,3,QF,78,3,2,51,35,28,10,9,0,0,1,4,61,30,20,14,9,4,7
2025-1768,Tiburon,Hard,32,C,O,20250929,26,Z0BZ,7,,Michael Zheng,R,188,USA,21.673,227,240,KC12,,,Mitchell Krueger,R,188,USA,31.713,240,233,7-5 6-3,3,QF,107,5,3,76,46,30,16,11,6,8,2,3,86,63,37,8,10,7,11
2025-1768,Tiburon,Hard,32,C,O,20250929,27,Z0BZ,7,,Michael Zheng,R,188,USA,21.673,227,240,J0DZ,,,Rafael Jodar,R,191,ESP,19.034,306,170,6-4 7-5,3,SF,89,4,2,68,45,31,15,11,2,3,1,0,60,35,24,15,11,2,5
2025-1768,Tiburon,Hard,32,C,O,20250929,28,Z0BZ,,,Tyler Zink,R,188,USA,21.673,227,240,S0NV,,,Abdullah Shelbayh,L,180,JOR,21.87,437,105,6-3 6-4,3,SF,71,6,2,51,30,25,15,10,0,0,3,2,49,26,21,12,9,2,4
2025-1768,Tiburon,Hard,32,C,O,20250929,29,Z0BZ,7,,Michael Zheng,R,188,USA,21.673,227,240,Z0AK,,,Tyler Zink,R,185,USA,24.663,343,150,6-4 6-4,3,F,73,2,3,48,28,25,12,10,0,1,4,3,57,33,22,13,10,5,8
2025-2889,Antofagasta,Clay,32,C,O,20250929,1,N0AM,1,,Emilio Nava,R,185,USA,23.825,90,700,P0DF,,,Matheus Pucinelli De Almeida,R,183,BRA,24.496,285,185,6-3 6-4,3,R32,96,4,1,56,35,30,11,10,0,0,0,5,71,42,25,18,9,4,6
2025-2889,Antofagasta,Clay,32,C,O,20250929,2,GD64,2,,Cristian Garin,R,185,CHI,29.333,124,518,T0H5,,,Benjamin Torrealba,L,180,CHI,20.268,923,20,6-3 6-2,3,R32,103,2,4,66,42,30,12,9,4,5,3,3,60,39,21,8,8,9,13
2025-2889,Antofagasta,Clay,32,C,O,20250929,3,G0DH,,,Alvaro Guillen Meza,R,175,ECU,22.741,226,241,DA31,3,,Hugo Dellien,R,180,BOL,32.287,126,512,3-6 7-6(0) 6-4,3,R32,168,3,1,110,70,43,27,15,9,12,3,4,107,76,47,19,16,5,8
2025-2889,Antofagasta,Clay,32,C,O,20250929,4,BS86,4,,Tomas Barrios Vera,R,191,CHI,27.803,133,473,O660,,,Genaro Alberto Olivieri,R,175,ARG,27.154,223,243,6-2 6-4,3,R32,81,0,3,49,32,24,10,9,0,1,0,0,55,41,22,6,9,2,6
2025-2889,Antofagasta,Clay,32,C,O,20250929,5,BF23,,,Facundo Bagnis,L,183,ARG,35.587,431,108,M0IF,5,,Francesco Maestrelli,R,196,ITA,22.773,154,386,6-3 3-6 6-2,3,R32,137,3,4,87,61,45,12,13,5,7,4,5,84,53,38,12,13,3,7
2025-2889,Antofagasta,Clay,32,C,O,20250929,6,HF80,6,,Hady Habib,R,188,LBN,27.107,172,317,S0GZ,,,Nikolas Sanchez Izquierdo,R,185,ESP,26.543,301,174,6-3 4-6 6-2,3,R32,132,13,5,91,56,37,19,14,13,17,4,1,80,52,30,15,13,5,11
2025-2889,Antofagasta,Clay,32,C,O,20250929,7,N0CS,7,,Lukas Neumayer,R,183,AUT,23.064,175,317,T0DM,,,Juan Bautista Torres,R,178,ARG,23.493,415,114,6-1 6-0,3,R32,70,3,1,42,28,21,10,7,4,4,0,0,48,37,16,3,6,4,9
2025-2889,Antofagasta,Clay,32,C,O,20250929,8,D0CG,,,Facundo Diaz Acosta,L,183,ARG,24.789,268,207,KC29,,,Nicolas Kicker,R,178,ARG,33.12,299,175,7-6(2) 6-4,3,R32,153,4,2,87,59,39,15,11,7,9,0,1,88,58,31,18,11,6,9
2025-2889,Antofagasta,Clay,32,C,O,20250929,9,GJ16,,,Federico Agustin Gomez,R,191,ARG,28.841,204,261,A0JW,,,Joaquin Aguilar Cardozo,R,168,URY,20.476,807,31,7-5 6-2,3,R32,103,6,2,63,30,23,19,10,4,5,0,1,68,44,24,11,10,6,10
2025-2889,Antofagasta,Clay,32,C,O,20250929,10,M0OH,,,Lautaro Midon,R,180,ARG,21.503,256,218,A0IK,,,Luciano Emanuel Ambrogi,R,188,ARG,21.862,421,112,6-4 4-6 6-4,3,R32,161,1,2,109,68,43,22,15,7,11,1,4,98,68,39,15,15,5,10
2025-2889,Antofagasta,Clay,32,C,O,20250929,11,P0J1,,,Rodrigo Pacheco Mendez,L,191,MEX,20.43,196,270,B0FI,,,Pedro Boscardin Dias,R,180,BRA,22.669,346,150,6-3 6-1,3,R32,77,3,5,44,20,15,13,8,1,3,2,2,49,33,14,6,8,8,14
2025-2889,Antofagasta,Clay,32,C,O,20250929,12,R0A7,,,Joao Lucas Reis Da Silva,R,178,BRA,25.511,222,244,S0EK,,,Matias Soto,R,170,CHI,26.426,280,189,6-3 6-3,3,R32,83,3,1,51,29,24,13,9,1,2,2,7,54,24,14,13,9,2,6
2025-2889,Antofagasta,Clay,32,C,O,20250929,13,R0BT,,,Franco Roncadelli,L,185,URU,25.645,391,127,V821,,,Gonzalo Villanueva,R,175,ARG,30.71,351,146,6-3 6-0,3,R32,67,1,0,36,30,24,4,7,0,0,2,3,45,33,17,3,8,4,9
2025-2889,Antofagasta,Clay,32,C,O,20250929,14,T0EI,,,Aristotelis Thanos,R,193,GRE,24.479,475,90,DC48,,,Murkel Dellien,R,193,BOL,28.036,260,214,7-5 6-0,3,R32,100,1,3,71,47,30,12,9,7,9,0,3,59,37,20,7,9,6,12
2025-2889,Antofagasta,Clay,32,C,O,20250929,15,V0DP,,,Adolfo Daniel Vallejo,R,183,PAR,21.421,254,220,CC66,,,Andrea Collarini,L,183,ARG,33.662,264,210,1-6 6-1 6-2,3,R32,119,3,3,70,40,27,18,11,4,6,0,4,65,45,26,11,11,2,6
2025-2889,Antofagasta,Clay,32,C,O,20250929,16,Z0DA,,,Carlos Maria Zarate,R,191,ARG,20.501,904,21,N0BU,,,Daniel Antonio Nunez,R,0,CHI,24.326,802,31,6-2 7-5,3,R32,103,6,2,67,39,26,12,10,5,8,4,2,83,45,26,14,10,6,12
2025-2889,Antofagasta,Clay,32,C,O,20250929,17,GJ16,,,Federico Agustin Gomez,R,191,ARG,28.841,204,261,N0AM,1,,Emilio Nava,R,185,USA,23.825,90,700,4-6 6-4 6-4,3,R16,118,3,8,88,46,30,24,15,5,8,6,8,81,53,39,10,15,4,8
2025-2889,Antofagasta,Clay,32,C,O,20250929,18,GD64,2,,Cristian Garin,R,185,CHI,29.333,124,518,R0BT,,,Franco Roncadelli,L,185,URU,25.645,391,127,2-6 6-1 6-1,3,R16,117,0,3,77,37,22,24,11,6,9,1,3,65,47,22,9,11,3,9
2025-2889,Antofagasta,Clay,32,C,O,20250929,19,BS86,4,,Tomas Barrios Vera,R,191,CHI,27.803,133,473,M0OH,,,Lautaro Midon,R,180,ARG,21.503,256,218,6-2 6-2,3,R16,70,3,0,43,31,20,10,8,0,1,1,1,58,31,19,9,8,4,9
2025-2889,Antofagasta,Clay,32,C,O,20250929,20,HF80,6,,Hady Habib,R,188,LBN,27.107,172,317,Z0DA,,,Carlos Maria Zarate,R,191,ARG,20.501,904,21,3-6 7-6(4) 6-4,3,R16,137,13,5,111,79,56,10,15,7,11,5,5,102,56,39,23,16,2,6
2025-2889,Antofagasta,Clay,32,C,O,20250929,21,D0CG,,,Facundo Diaz Acosta,L,183,ARG,24.789,268,207,N0CS,7,,Lukas Neumayer,R,183,AUT,23.064,175,317,6-4 6-3,3,R16,100,4,2,60,32,26,14,10,2,3,1,3,52,29,18,12,9,4,7
2025-2889,Antofagasta,Clay,32,C,O,20250929,22,G0DH,,,Alvaro Guillen Meza,R,175,ECU,22.741,226,241,P0J1,,,Rodrigo Pacheco Mendez,L,191,MEX,20.43,196,270,6-3 6-2,3,R16,109,5,1,52,39,26,9,9,4,5,1,2,75,49,26,12,8,6,10
2025-2889,Antofagasta,Clay,32,C,O,20250929,23,R0A7,,,Joao Lucas Reis Da Silva,R,178,BRA,25.511,222,244,BF23,,,Facundo Bagnis,L,183,ARG,35.587,431,108,W/O,3,R16,,,,,,,,,,,,,,,,,,,
2025-2889,Antofagasta,Clay,32,C,O,20250929,24,V0DP,,,Adolfo Daniel Vallejo,R,183,PAR,21.421,254,220,T0EI,,,Aristotelis Thanos,R,193,GRE,24.479,475,90,6-3 6-3,3,R16,101,2,6,63,34,25,14,9,4,5,2,3,62,37,23,10,9,8,12
2025-2889,Antofagasta,Clay,32,C,O,20250929,25,GD64,2,,Cristian Garin,R,185,CHI,29.333,124,518,HF80,6,,Hady Habib,R,188,LBN,27.107,172,317,7-6(11) 1-6 6-3,3,QF,146,8,8,108,66,46,17,14,6,11,7,4,95,60,43,18,14,6,10
2025-2889,Antofagasta,Clay,32,C,O,20250929,26,V0DP,,,Adolfo Daniel Vallejo,R,183,PAR,21.421,254,220,BS86,4,,Tomas Barrios Vera,R,191,CHI,27.803,133,473,6-3 6-2,3,QF,94,1,5,56,34,24,10,9,4,6,0,1,64,34,17,13,8,5,10
2025-2889,Antofagasta,Clay,32,C,O,20250929,27,D0CG,,,Facundo Diaz Acosta,L,183,ARG,24.789,268,207,G0DH,,,Alvaro Guillen Meza,R,175,ECU,22.741,226,241,6-7(4) 6-2 6-2,3,QF,162,4,1,90,65,49,10,14,1,3,3,3,95,62,38,12,14,5,11
2025-2889,Antofagasta,Clay,32,C,O,20250929,28,R0A7,,,Joao Lucas Reis Da Silva,R,178,BRA,25.511,222,244,GJ16,,,Federico Agustin Gomez,R,191,ARG,28.841,204,261,6-2 6-2,3,QF,66,1,1,42,28,21,11,8,0,0,1,3,44,23,12,9,8,4,8
2025-2889,Antofagasta,Clay,32,C,O,20250929,29,GD64,2,,Cristian Garin,R,185,CHI,29.333,124,518,V0DP,,,Adolfo Daniel Vallejo,R,183,PAR,21.421,254,220,7-6(5) 6-2,3,SF,128,5,3,84,54,33,12,10,7,11,1,2,70,42,23,11,10,4,10
2025-2889,Antofagasta,Clay,32,C,O,20250929,30,D0CG,,,Facundo Diaz Acosta,L,183,ARG,24.789,268,207,R0A7,,,Joao Lucas Reis Da Silva,R,178,BRA,25.511,222,244,4-6 6-1 6-4,3,SF,176,2,2,95,54,33,27,14,5,7,0,6,115,74,45,18,13,9,13
2025-2889,Antofagasta,Clay,32,C,O,20250929,31,GD64,2,,Cristian Garin,R,185,CHI,29.333,124,518,D0CG,,,Facundo Diaz Acosta,L,183,ARG,24.789,268,207,2-6 6-3 6-3,3,F,141,5,2,95,57,41,18,13,8,10,4,1,74,46,31,18,13,3,6
2025-6857,Mouilleron le Captif,Hard,32,C,I,20250929,1,C0JP,1,,Raphael Collignon,R,191,BEL,23.71,93,677,SO20,,,Jelle Sels,R,188,NED,30.138,372,134,7-6(4) 6-1,3,R32,80,2,2,58,47,35,7,10,2,3,1,0,51,41,26,4,9,0,3
2025-6857,Mouilleron le Captif,Hard,32,C,I,20250929,2,C0BH,,,Clement Chidekh,R,180,FRA,24.296,231,239,G09O,2,,Hugo Gaston,L,173,FRA,25.008,105,613,7-5 3-6 6-4,3,R32,123,2,4,93,64,46,11,15,9,13,9,3,107,64,45,17,16,12,17
2025-6857,Mouilleron le Captif,Hard,32,C,I,20250929,3,B0PG,3,,Alexander Blockx,R,193,BEL,20.476,121,540,B0ER,,,Arthur Bouquier,R,188,FRA,24.761,216,250,6-4 6-4,3,R32,73,4,2,53,34,29,11,10,0,0,5,2,62,41,31,8,10,0,2
2025-6857,Mouilleron le Captif,Hard,32,C,I,20250929,4,P0CT,4,,Francesco Passaro,R,180,ITA,24.726,139,449,R0E0,,,Chris Rodesch,R,198,LUX,24.2,181,301,6-3 7-6(6),3,R32,89,4,0,67,48,38,12,11,1,1,7,1,69,51,36,10,10,0,1
2025-6857,Mouilleron le Captif,Hard,32,C,I,20250929,5,H996,5,,Pierre-Hugues Herbert,R,188,FRA,34.535,141,447,S0TX,,,Henry Searle,L,193,GBR,19.504,386,129,6-4 6-1,3,R32,63,10,0,48,28,25,13,9,1,1,5,0,40,29,21,4,8,1,4
2025-6857,Mouilleron le Captif,Hard,32,C,I,20250929,6,B0U4,7,,Nicolai Budkov Kjaer,R,191,NOR,19.077,155,382,V0BD,,,Nikolay Vylegzhanin,R,178,RUS,25.448,481,90,6-1 6-3,3,R32,68,9,0,42,27,23,10,8,1,1,1,3,67,48,27,6,8,13,17
2025-6857,Mouilleron le Captif,Hard,32,C,I,20250929,7,R0KD,,,Mees Rottgering,L,180,NED,18.231,695,44,GK06,8,,Alexis Galarneau,R,180,CAN,26.579,180,306,6-3 4-6 6-3,3,R32,131,6,3,100,54,38,28,14,7,8,4,1,78,54,34,16,14,3,6
2025-6857,Mouilleron le Captif,Hard,32,C,I,20250929,8,BU54,,,Geoffrey Blancaneaux,R,180,FRA,27.143,262,213,BU70,,,Remy Bertola,R,175,SUI,27.08,274,197,3-6 6-3 6-2,3,R32,121,7,1,82,56,39,13,13,3,5,2,3,84,54,34,16,13,7,11
2025-6857,Mouilleron le Captif,Hard,32,C,I,20250929,9,F0DM,,,Arthur Fery,R,175,GBR,23.217,229,239,S0EX,,,Hamish Stewart,R,193,GBR,26.168,385,130,6-4 6-2,3,R32,79,6,1,47,33,26,9,9,0,1,5,1,68,47,25,11,9,2,6
2025-6857,Mouilleron le Captif,Hard,32,C,I,20250929,10,K926,,,Mikhail Kukushkin,R,183,KAZ,37.76,294,177,G0GW,,,Sascha Gueymard Wayenburg,R,191,FRA,22.163,203,262,7-5 6-0,3,R32,65,2,0,47,32,26,12,9,2,2,5,1,56,44,31,1,9,3,7
2025-6857,Mouilleron le Captif,Hard,32,C,I,20250929,11,K0A3,,,Patrick Kypson,R,188,USA,25.922,189,280,HB48,,,Calvin Hemery,R,191,FRA,30.669,201,266,6-4 6-3,3,R32,71,2,0,43,33,28,9,9,2,2,16,0,73,51,34,9,10,4,7
2025-6857,Mouilleron le Captif,Hard,32,C,I,20250929,12,MW76,,,Matteo Martineau,R,183,FRA,26.702,296,176,Z09F,,,Patrick Zahraj,R,191,GER,26.204,247,226,7-5 6-4,3,R32,101,1,0,63,48,32,10,11,6,8,10,3,80,52,34,9,11,4,8
2025-6857,Mouilleron le Captif,Hard,32,C,I,20250929,13,M0QK,,,Loann Massard,R,180,FRA,20.175,536,72,K0NT,,,Mickael Kaouk,R,175,FRA,17.095,1926,1,6-3 7-5,3,R32,82,9,1,60,39,29,13,11,4,6,2,3,68,48,36,3,10,6,10
2025-6857,Mouilleron le Captif,Hard,32,C,I,20250929,14,P0BK,,,Stuart Parker,R,185,GBR,28.167,412,116,PJ74,,,Lucas Poullain,R,175,FRA,29.818,382,132,6-4 6-3,3,R32,95,0,0,51,35,27,9,9,2,3,1,2,65,49,30,6,10,4,8
2025-6857,Mouilleron le Captif,Hard,32,C,I,20250929,15,RH24,,,Emil Ruusuvuori,R,188,FIN,26.494,675,46,S0LA,,,Dominic Stricker,L,183,SUI,23.121,243,229,2-6 6-3 6-4,3,R32,97,9,2,83,58,43,10,14,5,8,10,2,75,49,32,14,13,2,5
2025-6857,Mouilleron le Captif,Hard,32,C,I,20250929,16,S0GV,,,Robert Strombachs,R,191,LAT,26.04,349,148,C0NB,,,Federico Cina,R,185,ITA,18.502,211,255,7-6(6) 6-4,3,R32,101,6,6,85,60,42,10,11,6,9,4,2,86,51,32,15,11,6,10
2025-6857,Mouilleron le Captif,Hard,32,C,I,20250929,17,C0JP,1,,Raphael Collignon,R,191,BEL,23.71,93,677,P0BK,,,Stuart Parker,R,185,GBR,28.167,412,116,6-3 6-4,3,R16,77,3,4,58,42,35,8,10,0,0,3,1,50,31,23,11,9,2,4
2025-6857,Mouilleron le Captif,Hard,32,C,I,20250929,18,RH24,,,Emil Ruusuvuori,R,188,FIN,26.494,675,46,B0PG,3,,Alexander Blockx,R,193,BEL,20.476,121,540,5-7 7-6(8) 6-2,3,R16,129,4,0,99,75,57,16,16,2,3,13,3,101,65,53,17,16,3,5
2025-6857,Mouilleron le Captif,Hard,32,C,I,20250929,19,P0CT,4,,Francesco Passaro,R,180,ITA,24.726,139,449,S0GV,,,Robert Strombachs,R,191,LAT,26.04,349,148,5-7 6-3 7-6(0),3,R16,131,20,0,117,82,65,15,17,7,8,10,3,86,63,47,17,16,0,1
2025-6857,Mouilleron le Captif,Hard,32,C,I,20250929,20,K0A3,,,Patrick Kypson,R,188,USA,25.922,189,280,H996,5,,Pierre-Hugues Herbert,R,188,FRA,34.535,141,447,6-2 6-3,3,R16,74,7,0,61,47,31,9,8,6,6,13,2,56,31,21,9,9,4,8
2025-6857,Mouilleron le Captif,Hard,32,C,I,20250929,21,B0U4,7,,Nicolai Budkov Kjaer,R,191,NOR,19.077,155,382,M0QK,,,Loann Massard,R,180,FRA,20.175,536,72,6-3 6-2,3,R16,66,6,2,53,34,28,11,9,4,4,5,0,51,40,25,6,8,3,6
2025-6857,Mouilleron le Captif,Hard,32,C,I,20250929,22,C0BH,,,Clement Chidekh,R,180,FRA,24.296,231,239,MW76,,,Matteo Martineau,R,183,FRA,26.702,296,176,7-6(5) 6-3,3,R16,101,1,3,80,49,36,17,11,4,5,6,0,71,51,35,7,10,2,4
2025-6857,Mouilleron le Captif,Hard,32,C,I,20250929,23,F0DM,,,Arthur Fery,R,175,GBR,23.217,229,239,BU54,,,Geoffrey Blancaneaux,R,180,FRA,27.143,262,213,6-2 3-1 RET,3,R16,55,3,0,41,30,21,7,6,2,2,0,2,32,21,13,2,6,0,3
2025-6857,Mouilleron le Captif,Hard,32,C,I,20250929,24,K926,,,Mikhail Kukushkin,R,183,KAZ,37.76,294,177,R0KD,,,Mees Rottgering,L,180,NED,18.231,695,44,6-2 6-7(4) 6-2,3,R16,147,3,2,90,60,47,15,14,3,5,3,3,96,63,44,10,14,4,10
2025-6857,Mouilleron le Captif,Hard,32,C,I,20250929,25,C0JP,1,,Raphael Collignon,R,191,BEL,23.71,93,677,F0DM,,,Arthur Fery,R,175,GBR,23.217,229,239,5-7 6-2 7-6(4),3,QF,159,11,9,122,85,59,16,16,8,10,2,2,91,60,44,16,16,1,4
2025-6857,Mouilleron le Captif,Hard,32,C,I,20250929,26,B0U4,7,,Nicolai Budkov Kjaer,R,191,NOR,19.077,155,382,P0CT,4,,Francesco Passaro,R,180,ITA,24.726,139,449,6-4 6-4,3,QF,87,6,1,58,41,33,10,10,1,1,9,0,68,45,31,12,10,6,8
2025-6857,Mouilleron le Captif,Hard,32,C,I,20250929,27,C0BH,,,Clement Chidekh,R,180,FRA,24.296,231,239,K926,,,Mikhail Kukushkin,R,183,KAZ,37.76,294,177,6-7(4) 6-3 6-2,3,QF,148,3,6,86,56,42,13,14,3,5,4,2,105,69,44,14,15,5,11
2025-6857,Mouilleron le Captif,Hard,32,C,I,20250929,28,K0A3,,,Patrick Kypson,R,188,USA,25.922,189,280,RH24,,,Emil Ruusuvuori,R,188,FIN,26.494,675,46,2-6 6-4 6-3,3,QF,103,10,0,79,54,40,16,14,4,6,12,1,83,62,46,9,13,3,5
2025-6857,Mouilleron le Captif,Hard,32,C,I,20250929,29,K0A3,,,Patrick Kypson,R,188,USA,25.922,189,280,C0JP,1,,Raphael Collignon,R,191,BEL,23.71,93,677,6-1 6-7(2) 7-5,3,SF,141,7,1,110,81,58,8,16,8,12,14,8,109,82,48,10,15,2,9
2025-6857,Mouilleron le Captif,Hard,32,C,I,20250929,30,B0U4,7,,Nicolai Budkov Kjaer,R,191,NOR,19.077,155,382,C0BH,,,Clement Chidekh,R,180,FRA,24.296,231,239,6-1 4-6 6-2,3,SF,109,9,1,80,53,37,18,13,2,3,2,6,84,63,37,10,12,10,14
2025-6857,Mouilleron le Captif,Hard,32,C,I,20250929,31,B0U4,7,,Nicolai Budkov Kjaer,R,191,NOR,19.077,155,382,K0A3,,,Patrick Kypson,R,188,USA,25.922,189,280,6-0 6-3,3,F,55,8,0,39,23,22,10,8,0,0,4,1,49,35,24,2,7,4,8
2025-7909,Villena,Hard,32,C,O,20250929,1,B0MM,,,Edas Butvilas,R,191,LTU,21.185,217,250,SL28,1,,Jan-Lennard Struff,R,193,GER,35.431,102,648,6-4 6-2,3,R32,65,3,3,57,42,28,8,9,3,5,0,4,55,27,17,10,9,2,7
2025-7909,Villena,Hard,32,C,O,20250929,2,G0IB,,,Tom Gentzsch,R,191,GER,22.067,286,183,J551,2,,Nicolas Jarry,R,201,CHI,29.969,111,586,7-6(4) 6-3,3,R32,124,7,4,86,55,41,17,11,10,10,6,2,68,41,33,13,10,4,5
2025-7909,Villena,Hard,32,C,O,20250929,3,CD85,3,,Pablo Carreno Busta,R,188,ESP,34.218,123,527,B0JP,,,Dali Blanch,R,185,USA,22.571,454,96,6-2 4-6 6-3,3,R32,108,3,2,84,54,38,16,14,6,9,9,4,81,38,27,20,13,2,7
2025-7909,Villena,Hard,32,C,O,20250929,4,DC76,,,Viktor Durasovic,R,185,NOR,28.531,241,233,KI63,4,,Lukas Klein,R,193,SVK,27.524,127,506,7-6(4) 6-2,3,R32,88,4,1,73,41,27,22,10,5,6,6,5,74,54,34,8,10,2,5
2025-7909,Villena,Hard,32,C,O,20250929,5,L0IL,5,,Martin Landaluce,R,193,ESP,19.723,136,462,M0NL,,,Inaki Montes-De La Torre,R,178,ESP,22.99,381,132,6-4 4-6 6-3,3,R32,148,2,3,95,63,44,18,14,5,7,4,11,102,49,35,24,15,6,10
2025-7909,Villena,Hard,32,C,O,20250929,6,EA13,6,,Moez Echargui,R,178,TUN,32.717,142,440,BV24,,,Raul Brancaccio,R,183,ITA,28.405,380,132,6-4 6-4,3,R32,85,2,5,73,38,26,17,10,4,6,3,5,63,41,27,7,10,4,8
2025-7909,Villena,Hard,32,C,O,20250929,7,M0N7,8,,Daniel Merida,R,188,ESP,21.008,173,317,PH78,,,Ryan Peniston,L,180,GBR,29.886,233,237,6-4 6-2,3,R32,98,1,2,71,53,32,7,9,6,9,0,2,66,40,18,11,9,2,8
2025-7909,Villena,Hard,32,C,O,20250929,8,B0OV,,,Petr Brunclik,L,188,CZE,19.203,441,103,H0DC,,,Giles Hussey,L,185,GBR,28.345,356,142,7-5 6-1,3,R32,89,3,3,51,32,30,7,9,2,3,2,3,69,48,28,8,10,8,13
2025-7909,Villena,Hard,32,C,O,20250929,9,C0HB,,,Eliakim Coulibaly,L,180,CIV,23.403,284,185,N731,,,Christoph Negritu,R,193,GER,31.526,320,161,3-6 7-5 6-4,3,R32,122,11,9,93,56,45,10,15,8,13,6,2,94,59,41,13,16,4,10
2025-7909,Villena,Hard,32,C,O,20250929,10,C0AK,,,Oliver Crawford,R,180,GBR,26.418,184,295,C0OW,,,Lorenzo Carboni,R,168,ITA,19.587,445,100,6-2 6-1,3,R32,67,1,3,56,33,25,13,8,3,3,2,1,41,22,10,9,7,2,6
2025-7909,Villena,Hard,32,C,O,20250929,11,GF95,,,Hugo Grenier,R,196,FRA,29.52,191,279,B0OU,,,Hynek Barton,R,183,CZE,21.484,300,175,6-3 6-3,3,R32,82,3,4,57,33,26,13,9,3,4,2,6,56,28,18,12,9,4,8
2025-7909,Villena,Hard,32,C,O,20250929,12,K0HC,,,Maks Kasnikowski,R,180,POL,22.234,547,69,R772,,,Albert Ramos-Vinolas,L,188,ESP,37.7,354,144,6-2 6-4,3,R32,71,5,0,44,26,22,9,9,0,2,3,3,54,28,18,10,9,3,8
2025-7909,Villena,Hard,32,C,O,20250929,13,KC33,,,Dimitar Kuzmanov,R,183,BUL,32.172,265,209,CG33,,,Kimmer Coppejans,R,178,BEL,31.641,186,294,7-6(3) 6-4,3,R32,115,5,1,80,63,43,9,11,5,6,7,1,64,31,26,17,11,3,5
2025-7909,Villena,Hard,32,C,O,20250929,14,L0CF,,,George Loffhagen,R,188,GBR,24.446,252,221,BU36,,,Alberto Barroso Campos,R,178,ESP,29.32,611,57,6-3 6-1,3,R32,98,9,7,64,26,22,18,8,6,7,4,0,62,40,25,4,8,6,11
2025-7909,Villena,Hard,32,C,O,20250929,15,O0AD,,,Neil Oberleitner,R,191,AUT,26.152,450,97,G0IX,,,Arthur Gea,R,180,FRA,20.739,251,223,7-6(6) 6-4,3,R32,92,11,0,68,40,32,17,11,1,2,7,2,66,38,29,16,11,3,5
2025-7909,Villena,Hard,32,C,O,20250929,16,P0B2,,,Luca Potenza,R,175,ITA,25.172,399,123,B0NO,,,Darwin Blanch,L,185,USA,18.004,348,148,6-4 7-5,3,R32,83,1,1,60,39,31,13,11,2,3,11,0,64,36,27,15,11,3,6
2025-7909,Villena,Hard,32,C,O,20250929,17,CD85,3,,Pablo Carreno Busta,R,188,ESP,34.218,123,527,C0HB,,,Eliakim Coulibaly,L,180,CIV,23.403,284,185,6-4 6-3,3,R16,81,3,0,69,51,33,10,10,4,6,3,3,47,31,21,5,9,3,7
2025-7909,Villena,Hard,32,C,O,20250929,18,L0IL,5,,Martin Landaluce,R,193,ESP,19.723,136,462,C0AK,,,Oliver Crawford,R,180,GBR,26.418,184,295,6-4 6-4,3,R16,94,6,4,69,42,30,11,10,3,6,1,1,55,35,20,9,10,3,8
2025-7909,Villena,Hard,32,C,O,20250929,19,GF95,,,Hugo Grenier,R,196,FRA,29.52,191,279,EA13,6,,Moez Echargui,R,178,TUN,32.717,142,440,6-4 6-4,3,R16,91,8,2,52,36,29,12,10,2,2,6,2,59,35,28,12,10,1,3
2025-7909,Villena,Hard,32,C,O,20250929,20,M0N7,8,,Daniel Merida,R,188,ESP,21.008,173,317,K0HC,,,Maks Kasnikowski,R,180,POL,22.234,547,69,6-4 6-3,3,R16,71,2,0,48,34,25,6,9,0,2,1,2,65,38,24,10,10,6,11
2025-7909,Villena,Hard,32,C,O,20250929,21,B0OV,,,Petr Brunclik,L,188,CZE,19.203,441,103,O0AD,,,Neil Oberleitner,R,191,AUT,26.152,450,97,6-2 6-2,3,R16,80,6,2,58,35,24,13,8,5,6,1,2,56,35,18,6,8,4,9
2025-7909,Villena,Hard,32,C,O,20250929,22,G0IB,,,Tom Gentzsch,R,191,GER,22.067,286,183,KC33,,,Dimitar Kuzmanov,R,183,BUL,32.172,265,209,6-4 6-4,3,R16,81,6,3,54,38,34,8,10,3,3,2,1,54,40,29,8,10,0,2
2025-7909,Villena,Hard,32,C,O,20250929,23,L0CF,,,George Loffhagen,R,188,GBR,24.446,252,221,DC76,,,Viktor Durasovic,R,185,NOR,28.531,241,233,4-6 6-3 6-2,3,R16,134,9,7,83,46,40,16,14,4,7,5,4,74,43,27,15,13,4,9
2025-7909,Villena,Hard,32,C,O,20250929,24,P0B2,,,Luca Potenza,R,175,ITA,25.172,399,123,B0MM,,,Edas Butvilas,R,191,LTU,21.185,217,250,6-1 6-4,3,R16,83,1,2,47,24,20,16,9,0,0,11,5,70,40,26,12,8,13,16
2025-7909,Villena,Hard,32,C,O,20250929,25,CD85,3,,Pablo Carreno Busta,R,188,ESP,34.218,123,527,L0IL,5,,Martin Landaluce,R,193,ESP,19.723,136,462,6-3 6-1,3,QF,84,5,1,52,35,28,9,8,4,4,2,5,53,29,17,11,8,7,11
2025-7909,Villena,Hard,32,C,O,20250929,26,M0N7,8,,Daniel Merida,R,188,ESP,21.008,173,317,L0CF,,,George Loffhagen,R,188,GBR,24.446,252,221,6-1 1-6 7-5,3,QF,131,0,2,85,63,40,12,13,4,7,5,6,88,51,35,15,13,7,11
2025-7909,Villena,Hard,32,C,O,20250929,27,B0OV,,,Petr Brunclik,L,188,CZE,19.203,441,103,P0B2,,,Luca Potenza,R,175,ITA,25.172,399,123,6-4 6-3,3,QF,96,2,0,60,39,25,15,10,2,3,4,2,66,38,23,14,9,1,4
2025-7909,Villena,Hard,32,C,O,20250929,28,GF95,,,Hugo Grenier,R,196,FRA,29.52,191,279,G0IB,,,Tom Gentzsch,R,191,GER,22.067,286,183,7-5 6-2,3,QF,84,5,4,57,37,31,9,10,2,3,6,2,55,36,24,7,10,0,4
2025-7909,Villena,Hard,32,C,O,20250929,29,CD85,3,,Pablo Carreno Busta,R,188,ESP,34.218,123,527,B0OV,,,Petr Brunclik,L,188,CZE,19.203,441,103,6-4 6-3,3,SF,86,5,1,57,37,25,13,10,2,4,2,4,59,36,22,10,9,6,10
2025-7909,Villena,Hard,32,C,O,20250929,30,GF95,,,Hugo Grenier,R,196,FRA,29.52,191,279,M0N7,8,,Daniel Merida,R,188,ESP,21.008,173,317,6-4 7-6(4),3,SF,100,7,1,68,48,40,11,11,1,2,1,3,79,53,38,13,11,5,7
2025-7909,Villena,Hard,32,C,O,20250929,31,CD85,3,,Pablo Carreno Busta,R,188,ESP,34.218,123,527,GF95,,,Hugo Grenier,R,196,FRA,29.52,191,279,4-6 6-1 6-4,3,F,107,6,1,79,51,36,18,14,2,4,7,1,62,39,29,10,13,1,5
2025-7913,Braga,Clay,32,C,O,20250929,1,TE16,1,,Carlos Taberner,R,183,ESP,28.142,108,601,SX91,,,Thiago Seyboth Wild,R,185,BRA,25.555,164,356,7-5 6-4,3,R32,128,2,3,79,47,28,16,11,7,10,3,4,73,38,21,16,11,7,12
2025-7913,Braga,Clay,32,C,O,20250929,2,CF59,2,,Roberto Carballes Baena,R,183,ESP,32.52,113,570,T0CN,,,Tiago Torres,L,175,PRT,23.228,873,24,6-1 6-3,3,R32,84,1,2,44,28,19,9,8,1,3,2,9,68,27,18,10,8,9,15
2025-7913,Braga,Clay,32,C,O,20250929,3,M0K4,4,,Elmer Moller,R,183,DEN,22.226,117,558,Y218,,,Elias Ymer,R,185,SWE,29.47,235,236,1-2 RET,3,R32,15,1,0,9,7,4,1,1,1,2,0,1,12,6,2,4,2,0,1
2025-7913,Braga,Clay,32,C,O,20250929,4,F0F2,5,,Jaime Faria,R,188,POR,22.149,118,552,TA12,,,Stefano Travaglia,R,185,ITA,33.755,239,235,7-5 7-6(6),3,R32,121,3,7,89,46,35,17,12,8,11,1,2,78,43,25,16,12,7,11
2025-7913,Braga,Clay,32,C,O,20250929,5,L987,6,,Dusan Lajovic,R,183,SRB,35.25,125,514,R0FP,,,Daniel Rincon,L,185,ESP,22.727,197,268,6-4 7-5,3,R32,122,1,0,92,54,31,15,11,8,14,4,2,75,44,20,12,11,3,11
2025-7913,Braga,Clay,32,C,O,20250929,6,I411,,,Johannes Ingildsen,R,193,DEN,28.246,1502,3,PH64,7,,Andrea Pellegrino,R,185,ITA,28.52,134,468,6-4 6-4,3,R32,94,1,4,64,45,28,10,10,6,9,1,5,67,37,23,12,10,4,9
2025-7913,Braga,Clay,32,C,O,20250929,7,TA29,8,,Marco Trungelliti,R,178,ARG,35.661,143,440,P0K4,,,Tiago Pereira,R,0,PRT,21.276,282,187,6-1 6-1,3,R32,60,2,3,37,24,16,9,7,1,2,0,3,54,27,12,10,7,5,11
2025-7913,Braga,Clay,32,C,O,20250929,8,BV25,,,Javier Barranco Cosano,L,180,ESP,26.867,335,152,A0ES,,,Pedro Araujo,R,183,PRT,23.513,479,90,6-0 6-3,3,R32,70,2,3,39,28,19,7,7,0,1,1,1,56,43,15,7,8,2,8
2025-7913,Braga,Clay,32,C,O,20250929,9,CF01,,,Marco Cecchinato,R,185,ITA,32.997,275,194,M0GY,,,Lilian Marmousez,R,180,FRA,23.737,359,141,7-6(6) 4-6 7-5,3,R32,166,3,3,104,67,46,16,17,2,7,1,4,112,64,40,23,17,4,9
2025-7913,Braga,Clay,32,C,O,20250929,10,G0FW,,,Vilius Gaubas,R,178,LTU,20.75,165,345,G0CV,,,Buvaysar Gadamauri,R,180,BEL,25.221,591,61,6-7(5) 6-4 6-4,3,R32,216,2,4,112,68,45,22,16,7,10,3,7,147,83,46,34,16,17,22
2025-7913,Braga,Clay,32,C,O,20250929,11,KH56,,,Zdenek Kolar,R,183,CZE,28.972,237,236,H0CX,,,Max Houkes,L,188,NED,25.24,292,178,5-0 RET,3,R32,28,0,2,16,6,6,6,3,0,0,1,0,20,12,4,4,2,1,3
2025-7913,Braga,Clay,32,C,O,20250929,12,M0N1,,,Luka Mikrut,R,188,CRO,21.454,242,232,S0WT,,,Joel Schwaerzler,L,188,AUT,19.671,236,236,7-6(3) 6-2,3,R32,101,2,1,67,32,27,17,10,5,7,2,2,70,36,22,16,10,1,5
2025-7913,Braga,Clay,32,C,O,20250929,13,M0HT,,,Alejandro Moro Canas,R,183,ESP,24.81,269,204,R0F6,,,Francisco Rocha,R,185,PRT,25.988,766,34,6-2 7-6(4),3,R32,107,0,1,71,47,34,15,10,4,5,3,4,71,40,27,14,10,4,7
2025-7913,Braga,Clay,32,C,O,20250929,14,N897,,,Sumit Nagal,R,178,IND,28.12,289,179,SN54,,,Frederico Ferreira Silva,L,178,POR,30.535,234,237,6-1 6-4,3,R32,94,0,3,55,40,26,9,9,3,5,2,1,50,31,17,7,8,4,9
2025-7913,Braga,Clay,32,C,O,20250929,15,R0GO,,,Henrique Rocha,R,180,POR,21.481,171,319,CI14,,,Jay Clarke,R,183,GBR,27.176,185,295,7-5 6-4,3,R32,104,1,7,67,40,29,13,11,0,2,1,5,65,34,23,12,11,4,8
2025-7913,Braga,Clay,32,C,O,20250929,16,S0AK,,,Henri Squire,R,196,GER,25.005,331,156,MJ08,,,Thiago Monteiro,L,183,BRA,31.332,177,314,6-7(7) 6-3 6-4,3,R32,143,8,2,92,53,44,25,16,4,5,9,5,105,74,52,16,15,4,7
2025-7913,Braga,Clay,32,C,O,20250929,17,BV25,,,Javier Barranco Cosano,L,180,ESP,26.867,335,152,TE16,1,,Carlos Taberner,R,183,ESP,28.142,108,601,6-4 6-2,3,R16,91,1,0,54,34,18,12,9,7,11,0,10,53,31,17,3,9,2,9
2025-7913,Braga,Clay,32,C,O,20250929,18,N897,,,Sumit Nagal,R,178,IND,28.12,289,179,CF59,2,,Roberto Carballes Baena,R,183,ESP,32.52,113,570,5-7 4-1 RET,3,R16,101,2,2,53,27,19,14,9,4,6,2,0,57,37,23,11,8,8,10
2025-7913,Braga,Clay,32,C,O,20250929,19,M0K4,4,,Elmer Moller,R,183,DEN,22.226,117,558,R0GO,,,Henrique Rocha,R,180,POR,21.481,171,319,6-7(2) 6-3 6-1,3,R16,151,2,7,92,56,34,14,14,4,9,2,10,109,57,31,19,14,11,20
2025-7913,Braga,Clay,32,C,O,20250929,20,KH56,,,Zdenek Kolar,R,183,CZE,28.972,237,236,F0F2,5,,Jaime Faria,R,188,POR,22.149,118,552,6-1 6-2,3,R16,68,2,4,54,28,22,14,8,5,5,4,5,45,25,14,6,7,2,6
2025-7913,Braga,Clay,32,C,O,20250929,21,M0N1,,,Luka Mikrut,R,188,CRO,21.454,242,232,L987,6,,Dusan Lajovic,R,183,SRB,35.25,125,514,6-3 6-3,3,R16,80,5,4,52,33,21,13,9,0,2,0,2,59,36,20,8,9,4,9
2025-7913,Braga,Clay,32,C,O,20250929,22,TA29,8,,Marco Trungelliti,R,178,ARG,35.661,143,440,S0AK,,,Henri Squire,R,196,GER,25.005,331,156,6-3 2-6 6-3,3,R16,110,4,1,82,54,40,15,13,3,5,6,6,82,57,43,9,13,9,12
2025-7913,Braga,Clay,32,C,O,20250929,23,G0FW,,,Vilius Gaubas,R,178,LTU,20.75,165,345,CF01,,,Marco Cecchinato,R,185,ITA,32.997,275,194,6-4 6-7(3) 6-3,3,R16,186,1,0,114,91,55,15,16,9,12,2,4,133,74,45,30,15,17,22
2025-7913,Braga,Clay,32,C,O,20250929,24,M0HT,,,Alejandro Moro Canas,R,183,ESP,24.81,269,204,I411,,,Johannes Ingildsen,R,193,DEN,28.246,1502,3,6-1 6-2,3,R16,69,1,4,54,29,24,13,8,1,1,1,4,43,29,17,2,7,3,7
2025-7913,Braga,Clay,32,C,O,20250929,25,M0HT,,,Alejandro Moro Canas,R,183,ESP,24.81,269,204,M0K4,4,,Elmer Moller,R,183,DEN,22.226,117,558,7-5 6-4,3,QF,129,1,3,71,42,25,14,11,3,7,1,12,92,57,34,11,11,9,15
2025-7913,Braga,Clay,32,C,O,20250929,26,G0FW,,,Vilius Gaubas,R,178,LTU,20.75,165,345,TA29,8,,Marco Trungelliti,R,178,ARG,35.661,143,440,6-3 3-6 7-5,3,QF,169,3,1,111,75,51,16,15,13,16,2,3,93,51,36,20,15,5,9
2025-7913,Braga,Clay,32,C,O,20250929,27,KH56,,,Zdenek Kolar,R,183,CZE,28.972,237,236,BV25,,,Javier Barranco Cosano,L,180,ESP,26.867,335,152,2-6 7-5 6-1,3,QF,136,2,1,70,39,26,16,13,2,6,3,3,106,64,39,16,14,12,18
2025-7913,Braga,Clay,32,C,O,20250929,28,M0N1,,,Luka Mikrut,R,188,CRO,21.454,242,232,N897,,,Sumit Nagal,R,178,IND,28.12,289,179,5-7 6-1 7-6(8),3,QF,178,3,3,111,53,38,30,16,3,7,0,3,100,72,45,14,15,5,10
2025-7913,Braga,Clay,32,C,O,20250929,29,G0FW,,,Vilius Gaubas,R,178,LTU,20.75,165,345,KH56,,,Zdenek Kolar,R,183,CZE,28.972,237,236,6-4 6-4,3,SF,103,0,1,62,42,29,14,10,3,4,0,3,63,30,20,15,10,3,6
2025-7913,Braga,Clay,32,C,O,20250929,30,M0N1,,,Luka Mikrut,R,188,CRO,21.454,242,232,M0HT,,,Alejandro Moro Canas,R,183,ESP,24.81,269,204,4-6 6-0 6-3,3,SF,124,8,3,79,46,34,20,13,9,10,1,3,83,59,32,15,12,6,10
2025-7913,Braga,Clay,32,C,O,20250929,31,M0N1,,,Luka Mikrut,R,188,CRO,21.454,242,232,G0FW,,,Vilius Gaubas,R,178,LTU,20.75,165,345,6-3 6-4,3,F,118,2,2,75,33,24,21,10,5,7,2,2,67,48,24,9,9,5,9
2025-2823,Valencia,Clay,32,C,O,20251006,1,R772,,,Albert Ramos-Vinolas,L,188,ESP,37.719,354,144,MO44,1,,Pedro Martinez,R,185,ESP,28.446,70,833,6-4 6-2,3,R32,86,2,1,51,35,27,8,9,4,6,1,0,62,42,23,7,9,9,14
2025-2823,Valencia,Clay,32,C,O,20251006,2,N731,,,Christoph Negritu,R,193,GER,31.546,320,161,KI82,2,,Vit Kopriva,R,178,CZE,28.309,92,679,6-4 6-2,3,R32,86,6,0,60,36,26,10,9,5,7,0,1,55,39,21,7,9,5,10
2025-2823,Valencia,Clay,32,C,O,20251006,3,TE16,3,,Carlos Taberner,R,183,ESP,28.162,108,601,D0LJ,,,Diego Dedura,L,180,GER,17.569,339,152,3-6 6-4 4-2 RET,3,R32,120,0,1,70,49,34,7,12,4,8,1,3,84,58,36,10,13,8,13
2025-2823,Valencia,Clay,32,C,O,20251006,4,L0CX,,,Pablo Llamas Ruiz,R,188,ESP,22.982,218,248,B0ID,4,,Ignacio Buse,R,183,PER,21.533,116,559,6-4 6-4,3,R32,95,1,1,56,41,29,10,10,0,1,2,1,63,34,21,14,10,0,3
2025-2823,Valencia,Clay,32,C,O,20251006,5,L0C1,,,Carlos Lopez Montagud,R,180,ESP,25.251,567,66,M0K4,5,,Elmer Moller,R,183,DEN,22.245,117,558,6-4 6-4,3,R32,91,2,2,57,41,31,10,10,1,2,2,4,66,43,28,11,10,7,10
2025-2823,Valencia,Clay,32,C,O,20251006,6,L987,6,,Dusan Lajovic,R,183,SRB,35.269,125,514,P0K4,,,Tiago Pereira,R,0,PRT,21.295,282,187,6-4 6-1,3,R32,75,1,0,39,27,20,8,8,0,1,0,1,67,41,22,9,9,5,10
2025-2823,Valencia,Clay,32,C,O,20251006,7,TA29,9,,Marco Trungelliti,R,178,ARG,35.68,143,440,F840,,,Nerman Fatic,R,191,BIH,30.951,230,239,2-6 6-3 6-4,3,R32,127,6,2,91,60,40,16,14,7,11,6,2,73,39,30,15,13,0,4
2025-2823,Valencia,Clay,32,C,O,20251006,8,GE28,,,Ivan Gakhov,L,191,RUS,28.92,287,182,G0FW,10,,Vilius Gaubas,R,178,LTU,20.769,165,345,6-2 4-6 6-3,3,R32,134,2,2,77,48,38,14,14,3,5,2,2,80,56,34,12,13,3,7
2025-2823,Valencia,Clay,32,C,O,20251006,9,CH12,,,Jan Choinski,R,196,GBR,29.322,161,366,D0CN,,,Miguel Damas,R,208,ESP,25.793,347,149,6-7(2) 6-3 6-3,3,R32,163,6,1,102,69,44,20,15,5,8,3,5,85,47,32,18,15,2,8
2025-2823,Valencia,Clay,32,C,O,20251006,10,J09X,,,Filip Cristian Jianu,R,180,ROU,24.049,259,215,C0B2,,,Cezar Cretu,R,188,ROU,24.452,432,108,6-1 3-6 6-4,3,R32,156,2,0,82,54,38,15,13,2,5,6,5,96,66,42,10,13,6,11
2025-2823,Valencia,Clay,32,C,O,20251006,11,KH56,,,Zdenek Kolar,R,183,CZE,28.991,237,236,S0CG,,,Carlos Sanchez Jover,L,173,ESP,25.21,315,167,6-4 6-2,3,R32,92,2,4,47,28,18,8,9,2,6,1,1,73,54,26,5,9,13,20
2025-2823,Valencia,Clay,32,C,O,20251006,12,M0EA,,,Pol Martin Tiffon,R,183,ESP,26.188,277,191,TA12,,,Stefano Travaglia,R,185,ITA,33.774,239,235,7-5 1-6 7-6(5),3,R32,165,0,4,133,86,52,24,16,17,22,6,3,102,64,42,20,15,5,8
2025-2823,Valencia,Clay,32,C,O,20251006,13,M0N1,,,Luka Mikrut,R,188,CRO,21.473,242,232,M0HT,,,Alejandro Moro Canas,R,183,ESP,24.83,269,204,4-6 6-2 6-3,3,R32,138,6,2,84,48,34,17,14,2,5,2,4,79,51,30,15,13,3,8
2025-2823,Valencia,Clay,32,C,O,20251006,14,N897,,,Sumit Nagal,R,178,IND,28.14,289,179,M0N7,,,Daniel Merida,R,188,ESP,21.027,173,317,6-3 6-1,3,R32,71,1,1,50,43,28,4,8,1,2,0,2,48,34,17,5,8,2,7
2025-2823,Valencia,Clay,32,C,O,20251006,15,P0AY,,,Luka Pavlovic,R,196,FRA,25.52,207,257,Z419,,,Bernabe Zapata Miralles,R,183,ESP,28.731,409,117,2-6 6-1 6-1,3,R32,78,5,0,60,38,26,14,11,2,4,0,1,57,38,22,7,11,2,7
2025-2823,Valencia,Clay,32,C,O,20251006,16,S0AK,,,Henri Squire,R,196,GER,25.024,331,156,R0FP,,,Daniel Rincon,L,185,ESP,22.746,197,268,6-0 6-1,3,R32,62,1,2,36,26,19,5,6,2,3,1,0,51,38,15,2,7,4,11
2025-2823,Valencia,Clay,32,C,O,20251006,17,TE16,3,,Carlos Taberner,R,183,ESP,28.162,108,601,P0AY,,,Luka Pavlovic,R,196,FRA,25.52,207,257,6-2 6-3,3,R16,88,0,2,60,41,30,10,8,3,3,5,3,48,27,19,7,9,1,5
2025-2823,Valencia,Clay,32,C,O,20251006,18,S0AK,,,Henri Squire,R,196,GER,25.024,331,156,L987,6,,Dusan Lajovic,R,183,SRB,35.269,125,514,3-6 6-0 6-4,3,R16,112,8,2,71,50,38,10,12,2,4,4,2,89,63,37,11,13,3,8
2025-2823,Valencia,Clay,32,C,O,20251006,19,TA29,9,,Marco Trungelliti,R,178,ARG,35.68,143,440,M0EA,,,Pol Martin Tiffon,R,183,ESP,26.188,277,191,6-4 RET,3,R16,58,1,0,31,26,16,4,5,2,3,3,2,44,25,16,7,5,3,5
2025-2823,Valencia,Clay,32,C,O,20251006,20,CH12,,,Jan Choinski,R,196,GBR,29.322,161,366,GE28,,,Ivan Gakhov,L,191,RUS,28.92,287,182,4-6 6-3 6-4,3,R16,159,7,3,101,62,43,12,14,10,15,3,2,97,59,32,17,15,4,11
2025-2823,Valencia,Clay,32,C,O,20251006,21,M0N1,,,Luka Mikrut,R,188,CRO,21.473,242,232,L0C1,,,Carlos Lopez Montagud,R,180,ESP,25.251,567,66,6-3 6-1,3,R16,71,2,0,40,23,20,12,8,0,0,2,4,46,31,18,4,8,2,6
2025-2823,Valencia,Clay,32,C,O,20251006,22,N897,,,Sumit Nagal,R,178,IND,28.14,289,179,L0CX,,,Pablo Llamas Ruiz,R,188,ESP,22.982,218,248,6-3 3-6 6-3,3,R16,152,1,1,84,61,40,9,14,4,8,6,1,102,74,42,14,13,11,16
2025-2823,Valencia,Clay,32,C,O,20251006,23,N731,,,Christoph Negritu,R,193,GER,31.546,320,161,J09X,,,Filip Cristian Jianu,R,180,ROU,24.049,259,215,6-4 6-3,3,R16,83,6,0,57,37,33,11,10,3,3,4,2,64,40,32,7,9,3,5
2025-2823,Valencia,Clay,32,C,O,20251006,24,R772,,,Albert Ramos-Vinolas,L,188,ESP,37.719,354,144,KH56,,,Zdenek Kolar,R,183,CZE,28.991,237,236,1-6 6-3 6-4,3,R16,112,3,2,85,55,38,16,13,10,12,5,1,64,47,36,11,13,3,5
2025-2823,Valencia,Clay,32,C,O,20251006,25,TE16,3,,Carlos Taberner,R,183,ESP,28.162,108,601,TA29,9,,Marco Trungelliti,R,178,ARG,35.68,143,440,6-4 6-4,3,QF,109,1,2,65,43,31,14,10,5,6,7,4,73,46,27,15,10,3,6
2025-2823,Valencia,Clay,32,C,O,20251006,26,CH12,,,Jan Choinski,R,196,GBR,29.322,161,366,R772,,,Albert Ramos-Vinolas,L,188,ESP,37.719,354,144,6-4 7-5,3,QF,101,9,0,63,51,40,7,11,2,3,3,1,75,47,30,14,11,4,7
2025-2823,Valencia,Clay,32,C,O,20251006,27,M0N1,,,Luka Mikrut,R,188,CRO,21.473,242,232,N731,,,Christoph Negritu,R,193,GER,31.546,320,161,4-6 7-6(4) 6-4,3,QF,162,7,4,104,63,52,22,16,2,3,8,1,104,63,52,18,16,5,6
2025-2823,Valencia,Clay,32,C,O,20251006,28,S0AK,,,Henri Squire,R,196,GER,25.024,331,156,N897,,,Sumit Nagal,R,178,IND,28.14,289,179,7-6(5) 6-4,3,QF,113,6,8,85,64,42,6,11,4,7,1,1,74,63,36,7,11,5,9
2025-2823,Valencia,Clay,32,C,O,20251006,29,M0N1,,,Luka Mikrut,R,188,CRO,21.473,242,232,TE16,3,,Carlos Taberner,R,183,ESP,28.162,108,601,7-6(10) 6-0,3,SF,124,4,1,62,36,27,15,9,2,4,2,4,86,61,34,10,9,7,12
2025-2823,Valencia,Clay,32,C,O,20251006,30,CH12,,,Jan Choinski,R,196,GBR,29.322,161,366,S0AK,,,Henri Squire,R,196,GER,25.024,331,156,6-7(2) 7-5 7-5,3,SF,157,6,2,118,74,53,26,18,5,6,11,4,110,76,53,19,18,1,4
2025-2823,Valencia,Clay,32,C,O,20251006,31,CH12,,,Jan Choinski,R,196,GBR,29.322,161,366,M0N1,,,Luka Mikrut,R,188,CRO,21.473,242,232,4-6 6-1 6-2,3,F,124,7,2,96,58,40,22,13,9,10,6,0,71,43,25,17,12,4,8
2025-3025,Hersonissos 5,Hard,32,C,O,20251006,1,CG33,1,,Kimmer Coppejans,R,178,BEL,31.661,186,294,B0MM,,,Edas Butvilas,R,191,LTU,21.205,217,250,0-6 7-6(5) 6-2,3,R32,139,2,4,86,45,21,18,13,3,11,3,4,81,50,29,12,13,1,8
2025-3025,Hersonissos 5,Hard,32,C,O,20251006,2,BV21,,,Charles Broom,R,178,GBR,27.452,371,135,C0AK,2,,Oliver Crawford,R,180,GBR,26.437,184,295,3-6 7-6(5) 6-3,3,R32,159,6,8,103,67,49,15,14,5,8,5,5,103,65,42,19,16,2,6
2025-3025,Hersonissos 5,Hard,32,C,O,20251006,3,M0NL,,,Inaki Montes-De La Torre,R,178,ESP,23.009,381,132,C0NB,3,,Federico Cina,R,185,ITA,18.522,211,255,6-3 6-1,3,R32,83,1,1,41,23,19,13,8,0,0,1,3,63,32,19,12,8,6,10
2025-3025,Hersonissos 5,Hard,32,C,O,20251006,4,PH78,4,,Ryan Peniston,L,180,GBR,29.906,233,237,S0S9,,,Dimitris Sakellaridis,R,0,GRE,19.436,810,31,6-3 5-7 6-2,3,R32,188,2,6,86,56,38,16,14,2,6,4,3,109,69,44,13,15,8,15
2025-3025,Hersonissos 5,Hard,32,C,O,20251006,5,L0CF,5,,George Loffhagen,R,188,GBR,24.465,252,221,B0C0,,,Gabi Adrian Boitan,R,185,ROU,26.24,345,150,6-4 6-2,3,R32,86,7,2,48,23,19,16,9,0,1,2,5,48,27,17,7,9,1,5
2025-3025,Hersonissos 5,Hard,32,C,O,20251006,6,B0QC,6,,Gilles Arnaud Bailly,R,180,BEL,20.047,261,213,A0AB,,,Adrian Andreev,R,175,BUL,24.402,764,34,6-2 6-4,3,R32,89,3,3,48,26,22,11,9,0,1,0,3,55,24,18,10,9,1,5
2025-3025,Hersonissos 5,Hard,32,C,O,20251006,7,E768,,,Antoine Escoffier,R,185,FRA,33.602,361,141,BU54,7,,Geoffrey Blancaneaux,R,180,FRA,27.162,262,213,6-2 6-4,3,R32,99,4,3,58,34,25,12,9,1,2,0,3,46,28,15,10,9,2,6
2025-3025,Hersonissos 5,Hard,32,C,O,20251006,8,KC33,8,,Dimitar Kuzmanov,R,183,BUL,32.192,265,209,DB59,,,Dennis Novak,R,183,AUT,32.107,405,118,6-2 6-3,3,R32,73,0,2,48,32,21,10,9,0,2,0,3,41,25,8,9,8,0,5
2025-3025,Hersonissos 5,Hard,32,C,O,20251006,9,A829,,,Radu Albot,R,175,MDA,35.901,556,68,S0RI,,,Karan Singh,R,185,IND,22.27,420,112,6-2 6-3,3,R32,99,2,2,73,52,33,11,9,5,6,2,3,59,34,19,12,8,5,9
2025-3025,Hersonissos 5,Hard,32,C,O,20251006,10,B0OU,,,Hynek Barton,R,183,CZE,21.503,300,175,B0JE,,,Max Basing,R,180,GBR,23.012,451,96,6-4 7-6(4),3,R32,133,3,3,78,50,35,16,11,5,7,0,5,92,57,37,14,11,8,11
2025-3025,Hersonissos 5,Hard,32,C,O,20251006,11,C0HB,,,Eliakim Coulibaly,L,180,CIV,23.422,284,185,M0SE,,,Maxim Mrva,R,178,CZE,18.179,423,111,6-3 7-6(2),3,R32,105,4,7,72,39,30,16,11,2,5,3,8,74,28,19,19,10,1,5
2025-3025,Hersonissos 5,Hard,32,C,O,20251006,12,GG65,,,Michael Geerts,R,178,BEL,30.719,321,161,X01C,,,Ioannis Xilas,R,178,GRE,24.402,678,46,6-4 6-4,3,R32,110,3,6,64,29,19,19,10,5,8,2,5,64,38,25,9,10,1,6
2025-3025,Hersonissos 5,Hard,32,C,O,20251006,13,S0TM,,,Toby Samuel,R,191,GBR,23.083,601,59,R0KD,,,Mees Rottgering,L,180,NED,18.251,695,44,6-3 6-1,3,R32,83,2,2,49,31,21,8,8,3,5,0,5,58,26,17,7,8,5,11
2025-3025,Hersonissos 5,Hard,32,C,O,20251006,14,TG77,,,Petros Tsitsipas,R,185,GRE,25.194,999,15,S0GV,,,Robert Strombachs,R,191,LAT,26.059,349,148,4-6 7-5 6-4,3,R32,188,4,14,112,67,47,18,16,8,13,3,8,104,55,38,20,16,5,11
2025-3025,Hersonissos 5,Hard,32,C,O,20251006,15,V0D0,,,Niels Visker,R,191,NED,24.003,634,54,T0GE,,,Pavlos Tsitsipas,R,196,GRE,20.205,882,24,1-0 RET,3,R32,14,0,0,1,0,0,1,0,0,0,0,2,10,4,1,3,1,2,3
2025-3025,Hersonissos 5,Hard,32,C,O,20251006,16,W0AH,,,Harry Wendelken,R,178,GBR,23.8,458,95,H0DC,,,Giles Hussey,L,185,GBR,28.364,356,142,6-1 6-1,3,R32,82,1,3,43,23,17,12,7,2,3,1,4,45,25,7,10,7,4,10
2025-3025,Hersonissos 5,Hard,32,C,O,20251006,17,CG33,1,,Kimmer Coppejans,R,178,BEL,31.661,186,294,S0TM,,,Toby Samuel,R,191,GBR,23.083,601,59,6-2 2-6 6-2,3,R16,122,2,1,72,38,27,20,12,1,3,2,2,76,47,30,13,12,4,8
2025-3025,Hersonissos 5,Hard,32,C,O,20251006,18,PH78,4,,Ryan Peniston,L,180,GBR,29.906,233,237,V0D0,,,Niels Visker,R,191,NED,24.003,634,54,6-3 6-1,3,R16,81,0,3,46,35,29,7,8,1,1,2,1,48,26,16,9,8,1,5
2025-3025,Hersonissos 5,Hard,32,C,O,20251006,19,B0OU,,,Hynek Barton,R,183,CZE,21.503,300,175,L0CF,5,,George Loffhagen,R,188,GBR,24.465,252,221,6-3 6-1,3,R16,59,5,1,39,20,17,15,8,0,0,0,9,45,19,11,12,8,2,6
2025-3025,Hersonissos 5,Hard,32,C,O,20251006,20,C0HB,,,Eliakim Coulibaly,L,180,CIV,23.422,284,185,B0QC,6,,Gilles Arnaud Bailly,R,180,BEL,20.047,261,213,6-1 3-6 6-1,3,R16,116,8,6,64,42,34,10,12,1,3,0,2,62,24,13,19,11,1,6
2025-3025,Hersonissos 5,Hard,32,C,O,20251006,21,A829,,,Radu Albot,R,175,MDA,35.901,556,68,KC33,8,,Dimitar Kuzmanov,R,183,BUL,32.192,265,209,W/O,3,R16,,,,,,,,,,,,,,,,,,,
2025-3025,Hersonissos 5,Hard,32,C,O,20251006,22,E768,,,Antoine Escoffier,R,185,FRA,33.602,361,141,TG77,,,Petros Tsitsipas,R,185,GRE,25.194,999,15,5-7 6-2 7-6(2),3,R16,193,4,8,105,60,40,25,16,4,8,6,11,105,52,37,22,16,3,8
2025-3025,Hersonissos 5,Hard,32,C,O,20251006,23,GG65,,,Michael Geerts,R,178,BEL,30.719,321,161,BV21,,,Charles Broom,R,178,GBR,27.452,371,135,7-5 6-4,3,R16,111,1,1,68,34,18,22,11,2,5,3,4,66,39,22,13,11,6,11
2025-3025,Hersonissos 5,Hard,32,C,O,20251006,24,W0AH,,,Harry Wendelken,R,178,GBR,23.8,458,95,M0NL,,,Inaki Montes-De La Torre,R,178,ESP,23.009,381,132,6-4 6-3,3,R16,129,3,2,62,32,21,19,9,9,11,1,7,66,30,19,14,10,8,13
2025-3025,Hersonissos 5,Hard,32,C,O,20251006,25,CG33,1,,Kimmer Coppejans,R,178,BEL,31.661,186,294,A829,,,Radu Albot,R,175,MDA,35.901,556,68,6-4 6-3,3,QF,108,4,3,62,38,28,11,9,5,6,4,4,70,45,27,12,10,7,11
2025-3025,Hersonissos 5,Hard,32,C,O,20251006,26,PH78,4,,Ryan Peniston,L,180,GBR,29.906,233,237,C0HB,,,Eliakim Coulibaly,L,180,CIV,23.422,284,185,7-5 6-3,3,QF,100,4,2,57,30,23,15,11,0,3,1,3,63,36,18,13,10,4,9
2025-3025,Hersonissos 5,Hard,32,C,O,20251006,27,B0OU,,,Hynek Barton,R,183,CZE,21.503,300,175,W0AH,,,Harry Wendelken,R,178,GBR,23.8,458,95,6-3 2-6 6-3,3,QF,139,7,3,83,47,33,13,13,8,13,1,4,77,44,28,12,13,6,12
2025-3025,Hersonissos 5,Hard,32,C,O,20251006,28,E768,,,Antoine Escoffier,R,185,FRA,33.602,361,141,GG65,,,Michael Geerts,R,178,BEL,30.719,321,161,6-2 2-6 6-2,3,QF,130,5,9,82,46,34,17,12,7,9,4,2,78,40,26,20,12,13,17
2025-3025,Hersonissos 5,Hard,32,C,O,20251006,29,CG33,1,,Kimmer Coppejans,R,178,BEL,31.661,186,294,B0OU,,,Hynek Barton,R,183,CZE,21.503,300,175,4-6 7-6(7) 6-3,3,SF,184,4,6,127,74,42,24,16,9,15,6,1,94,56,36,14,15,4,10
2025-3025,Hersonissos 5,Hard,32,C,O,20251006,30,PH78,4,,Ryan Peniston,L,180,GBR,29.906,233,237,E768,,,Antoine Escoffier,R,185,FRA,33.602,361,141,7-6(4) 6-1,3,SF,115,4,5,64,36,21,13,10,1,4,0,4,67,36,20,12,9,7,12
2025-3025,Hersonissos 5,Hard,32,C,O,20251006,31,PH78,4,,Ryan Peniston,L,180,GBR,29.906,233,237,CG33,1,,Kimmer Coppejans,R,178,BEL,31.661,186,294,6-3 7-5,3,F,115,2,7,74,39,27,16,10,4,6,0,6,60,40,23,8,11,3,8
2025-7339,Fairfield,Hard,32,C,O,20251006,1,HG94,1,,Benjamin Hassan,R,183,LBN,30.669,195,270,C0I4,,,Tibo Colson,R,196,BEL,25.235,504,83,6-4 3-6 6-1,3,R32,94,1,1,66,34,28,23,13,2,3,5,3,79,47,28,21,13,3,6
2025-7339,Fairfield,Hard,32,C,O,20251006,2,PG20,2,,Dmitry Popko,R,191,KAZ,28.95,214,251,W0BB,,,Max Wiskandt,R,191,GER,23.677,453,96,6-3 7-5,3,R32,81,4,1,57,33,25,12,10,4,7,2,8,60,39,25,7,11,3,9
2025-7339,Fairfield,Hard,32,C,O,20251006,3,G09C,3,,Marek Gengel,R,185,CZE,30.053,248,226,B0MR,,,Evan Bynoe,R,185,USA,26.363,909,21,6-4 6-1,3,R32,65,3,4,55,32,24,14,8,4,4,3,4,49,27,18,6,9,1,5
2025-7339,Fairfield,Hard,32,C,O,20251006,4,J0B5,4,,Garrett Johns,R,180,USA,24.802,293,178,S0TI,,,Philip Sekulic,R,191,AUS,22.086,452,96,6-4 6-4,3,R32,105,7,3,66,36,26,17,10,2,3,2,1,71,46,29,14,10,6,9
2025-7339,Fairfield,Hard,32,C,O,20251006,5,S0NV,5,,Abdullah Shelbayh,L,180,JOR,21.889,437,105,A0I1,,,Bor Artnak,R,193,SLO,21.339,489,86,6-1 7-5,3,R32,83,0,0,57,28,20,22,9,4,4,3,4,61,33,22,14,10,4,8
2025-7339,Fairfield,Hard,32,C,O,20251006,6,RH62,6,,Mats Rosenkranz,L,193,GER,27.121,314,168,M0EG,,,Tristan McCormick,R,196,USA,26.516,494,86,6-0 6-2,3,R32,56,6,2,42,26,23,7,7,2,2,3,4,41,26,13,5,7,4,9
2025-7339,Fairfield,Hard,32,C,O,20251006,7,Z0AK,,,Tyler Zink,R,185,USA,24.682,343,150,B0EK,7,,Moerani Bouzige,R,180,AUS,26.234,334,154,6-3 6-1,3,R32,70,6,1,42,18,16,17,8,1,1,2,2,55,31,15,12,8,3,7
2025-7339,Fairfield,Hard,32,C,O,20251006,8,MP01,8,,Michael Mmoh,R,188,USA,27.737,319,162,V0DG,,,Quinn Vandecasteele,R,191,USA,23.097,707,42,7-6(5) 6-3,3,R32,114,4,2,71,43,32,16,11,2,4,4,1,79,46,32,14,10,5,8
2025-7339,Fairfield,Hard,32,C,O,20251006,9,B0J8,,,Micah Braswell,R,183,USA,23.921,582,62,T0GR,,,Oliver Tarvet,R,185,GBR,21.938,388,128,4-6 6-2 6-1,3,R32,131,10,1,70,48,31,13,12,1,4,0,6,82,46,28,12,13,8,15
2025-7339,Fairfield,Hard,32,C,O,20251006,10,F0CK,,,Andrew Fenty,R,193,USA,25.58,563,67,K0DB,,,Cannon Kingsley,R,191,USA,24.419,522,77,6-7(5) 6-4 6-4,3,R32,166,8,3,112,55,41,31,16,6,8,8,1,97,57,41,21,16,1,5
2025-7339,Fairfield,Hard,32,C,O,20251006,11,H0JL,,,Jay Friend,R,185,JPN,21.791,746,36,S0W8,,,Aryan Shah,R,183,IND,19.874,396,125,6-2 3-6 6-2,3,R32,105,10,8,68,41,31,14,12,0,1,1,4,92,53,35,17,13,6,10
2025-7339,Fairfield,Hard,32,C,O,20251006,12,I0B0,,,Andre Ilagan,L,173,USA,24.887,410,117,B0PW,,,Kaylan Bigun,L,183,USA,19.373,763,34,4-6 6-4 6-3,3,R32,122,4,1,87,66,42,12,14,5,8,4,5,88,55,38,14,15,3,8
2025-7339,Fairfield,Hard,32,C,O,20251006,13,M0RG,,,Daniel Milavsky,R,193,USA,24.066,440,103,KC86,,,Darian King,R,188,BAR,33.446,2116,1,6-3 6-1,3,R32,67,4,2,45,26,21,13,8,2,2,0,3,55,33,22,8,8,6,10
2025-7339,Fairfield,Hard,32,C,O,20251006,14,P0K3,,,Roger Pascual Ferra,L,170,ESP,19.573,793,31,V0HG,,,Emon Van Loben Sels,R,183,USA,20.797,848,26,5-7 6-2 7-5,3,R32,187,1,10,129,89,58,16,16,12,16,5,6,102,53,33,24,16,3,9
2025-7339,Fairfield,Hard,32,C,O,20251006,15,R0KI,,,Dominique Rolland,R,201,USA,20.966,1155,9,M0I0,,,Maxwell Mckennon,L,193,USA,23.389,468,92,6-2 6-0,3,R32,57,5,2,37,20,19,11,7,2,2,0,5,44,30,13,4,7,1,6
2025-7339,Fairfield,Hard,32,C,O,20251006,16,W0C4,,,Edward Winter,R,178,AUS,21.057,533,73,W0BU,,,Olle Wallin,R,191,SWE,23.956,406,118,6-3 6-4,3,R32,82,3,0,70,51,35,14,10,5,5,5,0,57,38,25,11,9,3,5
2025-7339,Fairfield,Hard,32,C,O,20251006,17,I0B0,,,Andre Ilagan,L,173,USA,24.887,410,117,HG94,1,,Benjamin Hassan,R,183,LBN,30.669,195,270,6-4 5-7 6-4,3,R16,121,5,2,84,54,43,13,16,4,8,6,3,101,48,32,26,16,7,12
2025-7339,Fairfield,Hard,32,C,O,20251006,18,M0RG,,,Daniel Milavsky,R,193,USA,24.066,440,103,PG20,2,,Dmitry Popko,R,191,KAZ,28.95,214,251,4-6 6-3 6-4,3,R16,132,7,2,114,72,50,20,15,6,8,4,4,81,44,32,20,14,3,6
2025-7339,Fairfield,Hard,32,C,O,20251006,19,W0C4,,,Edward Winter,R,178,AUS,21.057,533,73,G09C,3,,Marek Gengel,R,185,CZE,30.053,248,226,6-4 7-6(9),3,R16,103,1,2,72,47,32,14,11,0,3,4,2,72,45,28,13,11,2,6
2025-7339,Fairfield,Hard,32,C,O,20251006,20,J0B5,4,,Garrett Johns,R,180,USA,24.802,293,178,F0CK,,,Andrew Fenty,R,193,USA,25.58,563,67,6-1 6-4,3,R16,79,5,0,45,31,25,7,8,0,1,1,3,62,40,19,10,9,4,9
2025-7339,Fairfield,Hard,32,C,O,20251006,21,S0NV,5,,Abdullah Shelbayh,L,180,JOR,21.889,437,105,P0K3,,,Roger Pascual Ferra,L,170,ESP,19.573,793,31,6-2 6-4,3,R16,83,1,4,55,30,21,15,9,2,3,1,0,61,43,26,8,9,8,12
2025-7339,Fairfield,Hard,32,C,O,20251006,22,RH62,6,,Mats Rosenkranz,L,193,GER,27.121,314,168,B0J8,,,Micah Braswell,R,183,USA,23.921,582,62,6-2 6-3,3,R16,79,2,4,60,34,26,15,8,12,12,7,4,54,29,16,10,9,4,8
2025-7339,Fairfield,Hard,32,C,O,20251006,23,H0JL,,,Jay Friend,R,185,JPN,21.791,746,36,MP01,8,,Michael Mmoh,R,188,USA,27.737,319,162,6-2 7-6(4),3,R16,100,8,6,81,44,36,17,10,9,10,4,2,65,41,28,10,10,3,6
2025-7339,Fairfield,Hard,32,C,O,20251006,24,R0KI,,,Dominique Rolland,R,201,USA,20.966,1155,9,Z0AK,,,Tyler Zink,R,185,USA,24.682,343,150,6-4 6-2,3,R16,90,3,3,56,24,16,20,9,4,5,1,1,65,40,24,10,9,5,9
2025-7339,Fairfield,Hard,32,C,O,20251006,25,J0B5,4,,Garrett Johns,R,180,USA,24.802,293,178,RH62,6,,Mats Rosenkranz,L,193,GER,27.121,314,168,6-7(7) 6-2 6-3,3,QF,155,9,2,100,62,48,22,15,8,9,1,5,103,65,43,17,14,10,14
2025-7339,Fairfield,Hard,32,C,O,20251006,26,W0C4,,,Edward Winter,R,178,AUS,21.057,533,73,S0NV,5,,Abdullah Shelbayh,L,180,JOR,21.889,437,105,4-6 6-4 6-2,3,QF,121,1,0,80,52,41,17,14,3,5,5,2,86,56,35,15,14,8,12
2025-7339,Fairfield,Hard,32,C,O,20251006,27,H0JL,,,Jay Friend,R,185,JPN,21.791,746,36,M0RG,,,Daniel Milavsky,R,193,USA,24.066,440,103,7-6(5) 6-0,3,QF,73,3,1,53,30,26,17,9,0,0,2,3,63,40,25,13,9,3,6
2025-7339,Fairfield,Hard,32,C,O,20251006,28,I0B0,,,Andre Ilagan,L,173,USA,24.887,410,117,R0KI,,,Dominique Rolland,R,201,USA,20.966,1155,9,7-6(5) 7-6(1),3,QF,123,0,0,84,71,38,9,12,5,10,8,1,76,44,26,13,12,2,7
2025-7339,Fairfield,Hard,32,C,O,20251006,29,H0JL,,,Jay Friend,R,185,JPN,21.791,746,36,J0B5,4,,Garrett Johns,R,180,USA,24.802,293,178,6-3 6-3,3,SF,82,2,1,65,43,28,14,9,5,6,2,3,55,30,18,10,9,3,7
2025-7339,Fairfield,Hard,32,C,O,20251006,30,W0C4,,,Edward Winter,R,178,AUS,21.057,533,73,I0B0,,,Andre Ilagan,L,173,USA,24.887,410,117,6-3 6-2,3,SF,90,0,2,57,36,28,9,9,5,6,4,1,71,50,27,9,8,13,17
2025-7339,Fairfield,Hard,32,C,O,20251006,31,H0JL,,,Jay Friend,R,185,JPN,21.791,746,36,W0C4,,,Edward Winter,R,178,AUS,21.057,533,73,6-7(3) 6-3 6-2,3,F,126,5,3,82,47,34,22,15,0,2,0,5,101,76,50,8,14,8,13
2025-7746,Jinan,Hard,32,C,O,20251006,1,C0H0,1,,Arthur Cazaux,R,183,FRA,23.121,80,782,BV16,,,Ugo Blanchet,R,175,FRA,26.752,149,390,6-3 6-4,3,R32,121,4,0,83,47,31,19,10,10,11,5,2,78,43,30,14,9,10,13
2025-7746,Jinan,Hard,32,C,O,20251006,2,W09E,2,,Adam Walton,R,183,AUS,26.472,77,803,SX90,,,Fajing Sun,R,178,CHN,29.008,225,241,3-6 7-5 6-4,3,R32,182,11,4,102,59,39,23,16,7,11,4,5,123,69,44,26,15,10,14
2025-7746,Jinan,Hard,32,C,O,20251006,3,W0BH,,,Coleman Wong,R,191,HKG,21.333,153,386,DB63,3,,Laslo Djere,R,188,SRB,30.346,83,766,7-6(10) 6-2,3,R32,109,6,3,81,50,38,14,10,7,9,3,4,76,49,34,6,10,5,9
2025-7746,Jinan,Hard,32,C,O,20251006,4,TA46,,,Bernard Tomic,R,196,AUS,32.958,169,338,S0GD,4,,Dalibor Svrcina,R,178,CZE,23.012,91,691,6-1 0-6 6-2,3,R32,96,4,4,68,35,28,10,11,1,4,3,2,59,35,19,14,10,3,7
2025-7746,Jinan,Hard,32,C,O,20251006,5,Z0CQ,,,Yi Zhou,R,193,CHN,20.564,305,170,S0N0,5,,Tristan Schoolkate,R,183,AUS,24.608,100,654,7-6(2) 6-4,3,R32,106,8,0,61,37,30,13,11,0,1,7,3,72,39,28,16,11,4,6
2025-7746,Jinan,Hard,32,C,O,20251006,6,MK66,6,,Mackenzie McDonald,R,178,USA,30.475,96,667,M0G4,,,Harold Mayot,R,180,FRA,23.669,150,390,6-3 7-6(2),3,R32,105,8,3,64,38,28,13,10,2,4,3,3,78,43,31,10,11,5,9
2025-7746,Jinan,Hard,32,C,O,20251006,7,M0HU,7,,Shintaro Mochizuki,R,175,JPN,22.346,106,607,M0OQ,,,James McCabe,R,188,AUS,22.256,179,306,6-3 6-4,3,R32,88,3,0,57,33,24,14,9,5,6,5,0,75,54,31,7,10,8,12
2025-7746,Jinan,Hard,32,C,O,20251006,8,S0ZE,,,Colton Smith,R,183,USA,22.59,135,467,D994,8,,James Duckworth,R,183,AUS,33.708,109,600,6-4 7-6(6),3,R32,120,4,1,74,48,34,16,11,7,8,4,2,82,40,30,21,11,5,7
2025-7746,Jinan,Hard,32,C,O,20251006,9,B0LQ,,,Petr Bar Biryukov,L,196,RUS,23.603,327,157,DA81,,,Taro Daniel,R,191,JPN,32.69,162,364,7-6(5) 4-6 6-3,3,R32,141,14,10,119,72,53,25,16,8,10,6,4,87,52,42,19,15,1,3
2025-7746,Jinan,Hard,32,C,O,20251006,10,D0DP,,,Liam Draxl,R,185,CAN,23.836,119,543,O483,,,Christopher O'Connell,R,183,AUS,31.343,103,644,4-6 1-1 RET,3,R32,64,5,2,35,18,14,9,6,1,2,13,2,47,32,26,6,6,2,2
2025-7746,Jinan,Hard,32,C,O,20251006,11,D0DW,,,Titouan Droguet,R,191,FRA,24.309,167,342,C0AJ,,,Jie Cui,R,183,CHN,27.699,308,170,6-4 6-1,3,R32,86,3,1,49,26,18,15,9,0,1,3,5,64,29,19,12,8,5,9
2025-7746,Jinan,Hard,32,C,O,20251006,12,HD68,,,Billy Harris,R,193,GBR,30.697,131,492,WB08,,,Yosuke Watanuki,R,180,JPN,27.485,147,401,1-6 6-3 6-2,3,R32,118,6,4,84,57,43,9,12,5,7,6,5,74,39,30,17,12,2,5
2025-7746,Jinan,Hard,32,C,O,20251006,13,H0BH,,,Rinky Hijikata,R,178,AUS,24.616,112,571,Y171,,,Denis Yevseyev,R,188,KAZ,32.375,364,139,6-4 6-2,3,R32,74,3,5,55,34,20,11,9,2,6,4,5,69,36,20,10,9,10,17
2025-7746,Jinan,Hard,32,C,O,20251006,14,H09P,,,Brandon Holt,R,185,USA,27.502,114,565,Z0C3,,,Maxim Zhukov,R,180,RUS,20.682,507,82,3-6 6-4 6-3,3,R32,139,10,6,90,61,45,11,14,5,9,12,7,116,62,43,22,14,4,9
2025-7746,Jinan,Hard,32,C,O,20251006,15,J0AZ,,,Kyrian Jacquet,R,175,FRA,24.405,183,298,S0HR,,,Kasidit Samrej,R,191,THA,24.709,402,122,7-5 6-2,3,R32,103,3,1,65,38,28,15,10,1,2,5,10,88,48,30,15,10,9,13
2025-7746,Jinan,Hard,32,C,O,20251006,16,K09F,,,Pavel Kotov,R,191,RUS,26.883,318,162,H09N,,,August Holmgren,R,188,DEN,27.458,176,315,6-3 6-4,3,R32,74,5,1,48,29,26,14,10,0,0,5,5,57,30,21,16,9,3,5
2025-7746,Jinan,Hard,32,C,O,20251006,17,C0H0,1,,Arthur Cazaux,R,183,FRA,23.121,80,782,D0DP,,,Liam Draxl,R,185,CAN,23.836,119,543,6-2 7-6(3),3,R16,100,10,1,68,44,36,10,10,5,6,2,3,57,38,24,9,10,1,4
2025-7746,Jinan,Hard,32,C,O,20251006,18,H09P,,,Brandon Holt,R,185,USA,27.502,114,565,W09E,2,,Adam Walton,R,183,AUS,26.472,77,803,6-4 6-3,3,R16,77,6,1,55,37,31,9,9,2,2,8,6,58,30,22,12,10,1,4
2025-7746,Jinan,Hard,32,C,O,20251006,19,MK66,6,,Mackenzie McDonald,R,178,USA,30.475,96,667,K09F,,,Pavel Kotov,R,191,RUS,26.883,318,162,7-5 6-2,3,R16,89,3,0,51,37,31,11,10,0,0,8,7,66,30,21,15,10,4,7
2025-7746,Jinan,Hard,32,C,O,20251006,20,M0HU,7,,Shintaro Mochizuki,R,175,JPN,22.346,106,607,J0AZ,,,Kyrian Jacquet,R,175,FRA,24.405,183,298,6-3 6-2,3,R16,69,3,2,47,26,24,10,8,1,1,1,4,59,33,22,8,9,5,9
2025-7746,Jinan,Hard,32,C,O,20251006,21,B0LQ,,,Petr Bar Biryukov,L,196,RUS,23.603,327,157,W0BH,,,Coleman Wong,R,191,HKG,21.333,153,386,6-4 6-7(5) 7-6(5),3,R16,131,21,4,124,75,57,28,17,7,8,11,4,98,58,50,23,17,0,2
2025-7746,Jinan,Hard,32,C,O,20251006,22,S0ZE,,,Colton Smith,R,183,USA,22.59,135,467,D0DW,,,Titouan Droguet,R,191,FRA,24.309,167,342,6-1 3-6 7-5,3,R16,137,5,3,110,71,47,18,14,8,11,1,2,82,50,30,16,14,3,8
2025-7746,Jinan,Hard,32,C,O,20251006,23,TA46,,,Bernard Tomic,R,196,AUS,32.958,169,338,HD68,,,Billy Harris,R,193,GBR,30.697,131,492,6-4 6-7(4) 6-2,3,R16,123,15,3,102,60,51,16,15,8,10,5,7,91,52,34,22,15,6,11
2025-7746,Jinan,Hard,32,C,O,20251006,24,Z0CQ,,,Yi Zhou,R,193,CHN,20.564,305,170,H0BH,,,Rinky Hijikata,R,178,AUS,24.616,112,571,7-5 3-6 6-4,3,R16,121,8,3,99,57,46,20,16,9,12,5,3,77,45,35,17,15,2,5
2025-7746,Jinan,Hard,32,C,O,20251006,25,C0H0,1,,Arthur Cazaux,R,183,FRA,23.121,80,782,Z0CQ,,,Yi Zhou,R,193,CHN,20.564,305,170,6-4 3-6 6-0,3,QF,117,7,2,75,45,34,18,12,4,5,4,4,85,57,41,10,13,8,12
2025-7746,Jinan,Hard,32,C,O,20251006,26,MK66,6,,Mackenzie McDonald,R,178,USA,30.475,96,667,H09P,,,Brandon Holt,R,185,USA,27.502,114,565,6-3 4-6 7-6(7),3,QF,141,9,4,120,70,47,28,16,6,8,4,1,85,53,40,20,15,1,3
2025-7746,Jinan,Hard,32,C,O,20251006,27,M0HU,7,,Shintaro Mochizuki,R,175,JPN,22.346,106,607,TA46,,,Bernard Tomic,R,196,AUS,32.958,169,338,6-1 6-4,3,QF,67,7,7,67,25,21,22,9,5,5,4,3,53,33,20,9,8,5,8
2025-7746,Jinan,Hard,32,C,O,20251006,28,B0LQ,,,Petr Bar Biryukov,L,196,RUS,23.603,327,157,S0ZE,,,Colton Smith,R,183,USA,22.59,135,467,6-4 7-6(4),3,QF,94,13,7,86,53,40,15,11,7,8,5,3,65,39,29,17,11,2,4
2025-7746,Jinan,Hard,32,C,O,20251006,29,C0H0,1,,Arthur Cazaux,R,183,FRA,23.121,80,782,M0HU,7,,Shintaro Mochizuki,R,175,JPN,22.346,106,607,6-1 6-2,3,SF,69,5,0,43,24,20,13,8,0,0,0,4,48,18,8,14,7,6,10
2025-7746,Jinan,Hard,32,C,O,20251006,30,MK66,6,,Mackenzie McDonald,R,178,USA,30.475,96,667,B0LQ,,,Petr Bar Biryukov,L,196,RUS,23.603,327,157,6-2 6-3,3,SF,55,2,0,41,32,25,8,8,3,3,5,4,53,30,18,8,9,1,5
2025-7746,Jinan,Hard,32,C,O,20251006,31,C0H0,1,,Arthur Cazaux,R,183,FRA,23.121,80,782,MK66,6,,Mackenzie McDonald,R,178,USA,30.475,96,667,6-3 6-2,3,F,91,5,1,59,35,25,15,9,4,5,2,5,55,32,20,7,8,0,4
2025-9625,Roanne,Hard,32,C,I,20251006,1,F0BY,1,,Jacob Fearnley,R,183,GBR,24.227,62,889,V0DZ,,,Luca Van Assche,R,178,FRA,21.405,198,267,3-6 6-2 6-3,3,R32,144,5,8,82,53,43,10,13,3,5,5,2,100,60,40,19,13,7,11
2025-9625,Roanne,Hard,32,C,I,20251006,2,TC61,2,,Jordan Thompson,R,183,AUS,31.463,78,795,A09T,,,Dan Added,R,183,FRA,26.483,206,260,6-3 6-1,3,R32,65,4,0,44,25,22,11,8,2,2,3,3,46,25,17,7,8,3,7
2025-9625,Roanne,Hard,32,C,I,20251006,3,B0TP,,,Henry Bernet,R,191,SUI,18.697,505,82,M0JZ,3,,Filip Misolic,R,180,AUT,24.162,98,663,3-6 6-3 6-4,3,R32,105,15,6,87,47,39,21,14,7,9,3,2,81,45,32,17,14,0,3
2025-9625,Roanne,Hard,32,C,I,20251006,4,S0KT,,,Stefanos Sakellaridis,R,198,GRE,21.062,303,171,SL28,4,,Jan-Lennard Struff,R,193,GER,35.45,102,648,3-6 7-6(6) 7-5,3,R32,114,14,3,99,65,49,21,16,2,4,7,4,94,54,45,25,17,1,3
2025-9625,Roanne,Hard,32,C,I,20251006,5,G09O,5,,Hugo Gaston,L,173,FRA,25.027,105,613,DC76,,,Viktor Durasovic,R,185,NOR,28.55,241,233,7-5 6-3,3,R32,59,5,1,54,27,22,20,11,2,3,1,2,47,26,19,11,10,0,3
2025-9625,Roanne,Hard,32,C,I,20251006,6,V0AM,,,Milos Karol,R,193,FIN,24.293,140,449,CD85,6,,Pablo Carreno Busta,R,188,ESP,34.237,123,527,6-7(8) 7-5 7-6(7),3,R32,157,29,4,123,66,59,31,18,5,6,3,1,108,73,60,21,18,5,7
2025-9625,Roanne,Hard,32,C,I,20251006,7,B0PG,7,,Alexander Blockx,R,193,BEL,20.496,121,540,B0PG,,,Jelle Sels,R,193,BEL,20.496,121,540,6-1 6-3,3,R32,59,1,1,41,24,20,12,8,0,0,1,1,47,32,16,7,8,3,7
2025-9625,Roanne,Hard,32,C,I,20251006,8,P0CT,8,,Francesco Passaro,R,180,ITA,24.745,139,449,P0CT,,,Sascha Gueymard Wayenburg,R,180,ITA,24.745,139,449,6-4 3-6 6-4,3,R32,116,9,5,94,52,36,25,14,10,11,9,5,95,66,50,14,15,4,6
2025-9625,Roanne,Hard,32,C,I,20251006,9,D0L3,,,Mika Brunold,R,188,CRO,20.216,271,200,E0DD,,,Justin Engel,R,185,GER,18.015,213,253,6-4 6-4,3,R32,80,3,1,59,30,25,17,10,2,3,0,2,61,37,21,14,10,2,5
2025-9625,Roanne,Hard,32,C,I,20251006,10,B0U4,,,Nicolai Budkov Kjaer,R,191,NOR,19.097,155,382,SS25,,,Vitaliy Sachko,R,188,UKR,28.23,205,261,6-7(4) 6-2 6-4,3,R32,134,10,4,95,63,52,12,15,4,5,5,1,100,70,48,12,15,6,10
2025-9625,Roanne,Hard,32,C,I,20251006,11,D0L3,,,Matej Dodig,R,188,CRO,20.216,271,200,E865,,,Christopher Eubanks,R,201,USA,29.421,182,300,6-4 6-4,3,R32,76,6,1,61,43,32,10,10,2,3,7,4,64,43,30,7,10,1,4
2025-9625,Roanne,Hard,32,C,I,20251006,12,GH92,,,Borna Gojo,R,196,CRO,27.606,215,250,C0BH,,,Clement Chidekh,R,180,FRA,24.315,231,239,6-0 4-6 7-5,3,R32,139,16,3,94,59,42,18,14,5,7,6,8,103,55,33,24,14,8,13
2025-9625,Roanne,Hard,32,C,I,20251006,13,HB48,,,Calvin Hemery,R,191,FRA,30.689,201,266,G0BY,,,Daniil Glinka,L,188,EST,25.402,326,157,6-3 6-4,3,R32,78,7,4,60,32,29,15,10,2,2,5,2,57,33,25,11,9,1,3
2025-9625,Roanne,Hard,32,C,I,20251006,14,MW76,,,Matteo Martineau,R,183,FRA,26.721,296,176,GK06,,,Alexis Galarneau,R,180,CAN,26.598,180,306,6-3 6-3,3,R32,78,11,1,42,29,25,9,9,0,1,3,3,73,44,27,11,9,11,15
2025-9625,Roanne,Hard,32,C,I,20251006,15,S0LA,,,Dominic Stricker,L,183,SUI,23.14,243,229,R0E0,,,Chris Rodesch,R,198,LUX,24.219,181,301,6-4 7-6(5),3,R32,81,2,0,66,44,31,12,11,0,2,8,1,61,36,30,12,11,1,4
2025-9625,Roanne,Hard,32,C,I,20251006,16,V0AM,,,Otto Virtanen,R,193,FIN,24.293,140,449,V0DZ,,,Tom Paris,R,178,FRA,21.405,198,267,6-3 7-6(5),3,R32,85,10,2,65,37,32,14,10,2,2,2,3,67,37,28,15,11,2,4
2025-9625,Roanne,Hard,32,C,I,20251006,17,S0LA,,,Dominic Stricker,L,183,SUI,23.14,243,229,F0BY,1,,Jacob Fearnley,R,183,GBR,24.227,62,889,6-4 6-4,3,R16,79,7,2,62,39,34,12,10,2,2,8,1,59,37,24,14,10,3,5
2025-9625,Roanne,Hard,32,C,I,20251006,18,HB48,,,Calvin Hemery,R,191,FRA,30.689,201,266,TC61,2,,Jordan Thompson,R,183,AUS,31.463,78,795,5-2 RET,3,R16,42,8,3,44,29,22,5,4,6,6,1,0,17,12,9,1,3,1,2
2025-9625,Roanne,Hard,32,C,I,20251006,19,G09O,5,,Hugo Gaston,L,173,FRA,25.027,105,613,GH92,,,Borna Gojo,R,196,CRO,27.606,215,250,5-7 7-6(3) 7-5,3,R16,159,11,3,98,55,50,25,18,1,3,17,3,129,78,59,25,18,6,8
2025-9625,Roanne,Hard,32,C,I,20251006,20,V0AM,,,Otto Virtanen,R,193,FIN,24.293,140,449,B0PG,7,,Alexander Blockx,R,193,BEL,20.496,121,540,2-6 6-3 7-6(3),3,R16,116,10,5,87,50,40,18,14,5,8,8,2,93,57,42,18,15,4,7
2025-9625,Roanne,Hard,32,C,I,20251006,21,D0L3,,,Matej Dodig,R,188,CRO,20.216,271,200,P0CT,8,,Francesco Passaro,R,180,ITA,24.745,139,449,6-3 6-4,3,R16,67,7,1,55,39,33,9,10,1,1,5,2,60,39,26,10,9,3,5
2025-9625,Roanne,Hard,32,C,I,20251006,22,V0AM,,,Mika Brunold,R,193,FIN,24.293,140,449,S0KT,,,Stefanos Sakellaridis,R,198,GRE,21.062,303,171,6-2 6-3,3,R16,79,8,1,56,33,24,12,8,4,5,2,1,48,32,16,6,9,3,8
2025-9625,Roanne,Hard,32,C,I,20251006,23,B0U4,,,Nicolai Budkov Kjaer,R,191,NOR,19.097,155,382,B0TP,,,Henry Bernet,R,191,SUI,18.697,505,82,6-3 3-6 6-1,3,R16,112,10,3,82,53,44,11,13,5,6,10,3,88,50,36,16,12,9,12
2025-9625,Roanne,Hard,32,C,I,20251006,24,MW76,,,Matteo Martineau,R,183,FRA,26.721,296,176,F0BY,,,Milos Karol,R,183,GBR,24.227,62,889,3-6 7-6(5) 7-6(7),3,R16,141,16,4,104,82,62,4,16,1,5,22,7,115,75,57,18,17,3,6
2025-9625,Roanne,Hard,32,C,I,20251006,25,G09O,5,,Hugo Gaston,L,173,FRA,25.027,105,613,B0U4,,,Nicolai Budkov Kjaer,R,191,NOR,19.097,155,382,6-4 3-6 6-1,3,QF,108,2,1,73,43,30,18,13,2,4,3,7,79,30,21,25,13,2,6
2025-9625,Roanne,Hard,32,C,I,20251006,26,D0L3,,,Matej Dodig,R,188,CRO,20.216,271,200,S0LA,,,Dominic Stricker,L,183,SUI,23.14,243,229,3-2 RET,3,QF,28,2,0,17,12,7,4,2,1,1,4,0,18,7,7,4,3,3,4
2025-9625,Roanne,Hard,32,C,I,20251006,27,MW76,,,Matteo Martineau,R,183,FRA,26.721,296,176,MW76,,,Mika Brunold,R,183,FRA,26.721,296,176,6-7(4) 6-1 7-6(0),3,QF,175,8,0,116,85,65,16,16,9,10,4,4,121,78,50,23,15,12,15
2025-9625,Roanne,Hard,32,C,I,20251006,28,V0AM,,,Otto Virtanen,R,193,FIN,24.293,140,449,HB48,,,Calvin Hemery,R,191,FRA,30.689,201,266,6-4 6-4,3,QF,68,10,3,55,35,31,11,10,2,2,7,2,55,36,31,6,10,2,4
2025-9625,Roanne,Hard,32,C,I,20251006,29,G09O,5,,Hugo Gaston,L,173,FRA,25.027,105,613,D0L3,,,Matej Dodig,R,188,CRO,20.216,271,200,3-6 6-3 6-3,3,SF,129,7,6,80,42,33,22,13,6,7,7,9,116,66,44,23,14,16,19
2025-9625,Roanne,Hard,32,C,I,20251006,30,V0AM,,,Otto Virtanen,R,193,FIN,24.293,140,449,MW76,,,Matteo Martineau,R,183,FRA,26.721,296,176,7-6(3) 6-4,3,SF,93,18,5,65,40,35,10,11,1,2,9,3,76,46,31,15,11,6,8
2025-9625,Roanne,Hard,32,C,I,20251006,31,V0AM,,,Otto Virtanen,R,193,FIN,24.293,140,449,G09O,5,,Hugo Gaston,L,173,FRA,25.027,105,613,6-1 3-6 6-3,3,F,79,16,4,67,42,39,13,13,2,3,3,2,61,33,28,14,12,0,3
2025-9814,Cali,Clay,32,C,O,20251006,1,BS86,1,,Tomas Barrios Vera,R,191,CHI,27.822,133,473,H0CD,,,Alex Hernandez,R,175,MEX,26.289,457,95,6-1 6-2,3,R32,75,6,2,53,35,27,9,8,5,5,1,4,51,35,19,6,7,7,11
2025-9814,Cali,Clay,32,C,O,20251006,2,FA43,2,,Juan Pablo Ficovich,R,188,ARG,28.698,146,404,V821,,,Gonzalo Villanueva,R,175,ARG,30.73,351,146,6-3 6-2,3,R32,72,5,0,50,33,22,14,9,3,4,2,1,49,35,21,4,8,1,5
2025-9814,Cali,Clay,32,C,O,20251006,3,SG56,,,Daniel Dutra da Silva,L,,BRA,37.254,353,145,SX91,3,,Thiago Seyboth Wild,R,185,BRA,25.574,164,356,7-6(3) 6-4,3,R32,107,7,2,65,32,25,20,11,2,5,9,6,72,44,31,11,11,4,8
2025-9814,Cali,Clay,32,C,O,20251006,4,HF80,4,,Hady Habib,R,188,LBN,27.127,172,317,KC29,,,Nicolas Kicker,R,178,ARG,33.139,299,175,6-3 6-7(5) 6-2,3,R32,132,23,6,99,61,51,18,15,7,8,3,3,90,57,38,16,14,5,9
2025-9814,Cali,Clay,32,C,O,20251006,5,GJ16,,,Federico Agustin Gomez,R,191,ARG,28.86,204,261,N0CS,5,,Lukas Neumayer,R,183,AUT,23.083,175,317,6-7(3) 6-2 6-2,3,R32,133,7,8,84,43,35,24,14,6,7,2,5,99,61,35,22,14,7,12
2025-9814,Cali,Clay,32,C,O,20251006,6,M0AW,6,,Nicolas Mejia,R,183,COL,25.651,199,267,T0A1,,,Thiago Agustin Tirante,R,185,ARG,24.49,99,660,7-6(2) 6-4,3,R32,111,3,1,68,47,38,12,11,1,1,11,3,72,40,33,14,11,0,1
2025-9814,Cali,Clay,32,C,O,20251006,7,P0IY,,,Juan Carlos Prado Angelo,R,185,BOL,20.586,266,208,P0J1,7,,Rodrigo Pacheco Mendez,L,191,MEX,20.449,196,270,6-3 5-7 6-3,3,R32,170,6,11,134,65,41,33,15,18,22,5,8,103,58,36,20,15,7,13
2025-9814,Cali,Clay,32,C,O,20251006,8,G0DH,8,,Alvaro Guillen Meza,R,175,ECU,22.76,226,241,P0DF,,,Matheus Pucinelli De Almeida,R,183,BRA,24.515,285,185,7-5 6-3,3,R32,114,2,2,79,57,35,11,11,5,8,0,4,65,41,19,13,10,7,12
2025-9814,Cali,Clay,32,C,O,20251006,9,D0AR,,,Mateus Alves,R,193,BRA,24.701,462,94,J0AW,,,Guido Ivan Justo,R,178,ARG,27.803,404,120,6-2 6-3,3,R32,87,7,1,54,38,31,10,9,4,4,4,3,67,40,27,9,8,6,9
2025-9814,Cali,Clay,32,C,O,20251006,10,A0IK,,,Luciano Emanuel Ambrogi,R,188,ARG,21.881,421,112,V0DP,,,Adolfo Daniel Vallejo,R,183,PAR,21.44,254,220,6-4 6-4,3,R32,97,0,0,51,35,25,7,10,5,8,1,8,68,46,27,5,10,5,10
2025-9814,Cali,Clay,32,C,O,20251006,11,B0GR,,,Gonzalo Bueno,R,173,PER,21.509,257,217,L0LD,,,Samuel Alejandro Linde Palacios,R,178,COL,17.949,765,34,6-2 6-2,3,R32,80,3,2,61,41,32,8,8,4,4,1,4,52,36,19,7,8,6,10
2025-9814,Cali,Clay,32,C,O,20251006,12,CC66,,,Andrea Collarini,L,183,ARG,33.681,264,210,S0GZ,,,Nikolas Sanchez Izquierdo,R,185,ESP,26.563,301,174,7-5 7-6(5),3,R32,162,0,1,92,71,46,10,12,7,10,5,3,101,66,39,17,12,12,16
2025-9814,Cali,Clay,32,C,O,20251006,13,R0BT,,,Franco Roncadelli,L,185,URU,25.665,391,127,KE69,,,Mariano Kestelboim,R,185,ARG,29.665,408,117,6-3 7-6(2),3,R32,112,6,1,69,47,38,12,11,1,2,2,3,76,42,26,18,10,3,5
2025-9814,Cali,Clay,32,C,O,20251006,14,S0EK,,,Matias Soto,R,170,CHI,26.445,280,189,T133,,,Miguel Tobon,R,185,COL,57.29,732,15,7-6(4) 6-3,3,R32,99,3,3,73,45,30,15,11,5,8,2,7,77,42,27,13,10,3,7
2025-9814,Cali,Clay,32,C,O,20251006,15,T0DM,,,Juan Bautista Torres,R,178,ARG,23.513,415,114,AG08,,,Andres Andrade,R,180,ECU,26.812,357,142,6-4 6-0,3,R32,91,1,0,65,45,27,11,8,4,6,0,8,56,35,20,4,8,8,14
2025-9814,Cali,Clay,32,C,O,20251006,16,V836,,,Juan Pablo Varillas,R,185,PER,30.001,316,165,H0HU,,,Samuel Heredia,R,191,COL,19.332,906,21,6-4 6-4,3,R32,113,14,3,58,36,28,14,10,1,1,5,5,85,48,39,12,10,15,17
2025-9814,Cali,Clay,32,C,O,20251006,17,BS86,1,,Tomas Barrios Vera,R,191,CHI,27.822,133,473,A0IK,,,Luciano Emanuel Ambrogi,R,188,ARG,21.881,421,112,6-4 6-2,3,R16,80,2,1,48,34,29,7,9,2,3,2,1,57,34,20,9,9,7,11
2025-9814,Cali,Clay,32,C,O,20251006,18,S0EK,,,Matias Soto,R,170,CHI,26.445,280,189,FA43,2,,Juan Pablo Ficovich,R,188,ARG,28.698,146,404,7-6(3) 6-1,3,R16,84,2,3,63,28,23,21,10,4,5,7,2,55,33,23,12,9,0,3
2025-9814,Cali,Clay,32,C,O,20251006,19,B0GR,,,Gonzalo Bueno,R,173,PER,21.509,257,217,HF80,4,,Hady Habib,R,188,LBN,27.127,172,317,6-3 6-4,3,R16,88,2,0,61,34,25,15,10,2,3,4,9,65,31,23,14,9,2,5
2025-9814,Cali,Clay,32,C,O,20251006,20,M0AW,6,,Nicolas Mejia,R,183,COL,25.651,199,267,R0BT,,,Franco Roncadelli,L,185,URU,25.665,391,127,6-4 6-2,3,R16,107,5,0,54,30,25,14,9,1,1,3,2,71,45,26,15,9,9,12
2025-9814,Cali,Clay,32,C,O,20251006,21,V836,,,Juan Pablo Varillas,R,185,PER,30.001,316,165,G0DH,8,,Alvaro Guillen Meza,R,175,ECU,22.76,226,241,6-3 6-7(4) 6-4,3,R16,177,10,4,98,53,39,25,15,3,5,3,2,118,80,49,23,16,7,12
2025-9814,Cali,Clay,32,C,O,20251006,22,D0AR,,,Mateus Alves,R,193,BRA,24.701,462,94,GJ16,,,Federico Agustin Gomez,R,191,ARG,28.86,204,261,6-3 6-2,3,R16,76,3,1,51,33,26,10,8,3,3,3,7,61,36,21,10,9,10,14
2025-9814,Cali,Clay,32,C,O,20251006,23,P0IY,,,Juan Carlos Prado Angelo,R,185,BOL,20.586,266,208,CC66,,,Andrea Collarini,L,183,ARG,33.681,264,210,3-6 7-6(4) 6-2,3,R16,164,5,4,87,47,37,21,14,4,7,0,4,109,73,49,18,15,11,15
2025-9814,Cali,Clay,32,C,O,20251006,24,T0DM,,,Juan Bautista Torres,R,178,ARG,23.513,415,114,SG56,,,Daniel Dutra da Silva,L,,BRA,37.254,353,145,6-2 6-4,3,R16,79,0,2,58,38,26,7,9,3,6,2,2,61,38,20,5,9,5,11
2025-9814,Cali,Clay,32,C,O,20251006,25,BS86,1,,Tomas Barrios Vera,R,191,CHI,27.822,133,473,D0AR,,,Mateus Alves,R,193,BRA,24.701,462,94,6-4 6-2,3,QF,103,4,1,61,40,27,15,9,6,6,13,2,61,42,27,8,9,4,7
2025-9814,Cali,Clay,32,C,O,20251006,26,T0DM,,,Juan Bautista Torres,R,178,ARG,23.513,415,114,M0AW,6,,Nicolas Mejia,R,183,COL,25.651,199,267,6-4 6-3,3,QF,120,1,1,80,48,31,18,10,4,5,3,1,55,34,20,12,9,2,5
2025-9814,Cali,Clay,32,C,O,20251006,27,B0GR,,,Gonzalo Bueno,R,173,PER,21.509,257,217,V836,,,Juan Pablo Varillas,R,185,PER,30.001,316,165,6-4 4-6 6-2,3,QF,147,3,5,86,56,40,18,14,2,4,2,2,87,54,37,16,14,7,11
2025-9814,Cali,Clay,32,C,O,20251006,28,P0IY,,,Juan Carlos Prado Angelo,R,185,BOL,20.586,266,208,S0EK,,,Matias Soto,R,170,CHI,26.445,280,189,7-6(1) 6-1,3,QF,131,6,3,70,42,30,13,10,4,7,4,5,81,40,21,18,9,14,19
2025-9814,Cali,Clay,32,C,O,20251006,29,BS86,1,,Tomas Barrios Vera,R,191,CHI,27.822,133,473,T0DM,,,Juan Bautista Torres,R,178,ARG,23.513,415,114,6-4 6-2,3,SF,93,5,2,64,43,31,8,9,3,5,3,1,56,33,16,11,9,5,10
2025-9814,Cali,Clay,32,C,O,20251006,30,P0IY,,,Juan Carlos Prado Angelo,R,185,BOL,20.586,266,208,B0GR,,,Gonzalo Bueno,R,173,PER,21.509,257,217,6-3 7-5,3,SF,110,5,4,81,49,30,18,11,7,9,0,6,69,43,24,13,10,4,8
2025-9814,Cali,Clay,32,C,O,20251006,31,BS86,1,,Tomas Barrios Vera,R,191,CHI,27.822,133,473,P0IY,,,Juan Carlos Prado Angelo,R,185,BOL,20.586,266,208,6-1 6-4,3,F,86,1,0,48,31,26,9,9,1,2,5,8,64,34,22,10,8,7,11
2025-2893,Olbia,Clay,32,C,O,20251013,1,TE30,1,,Alejandro Tabilo,L,188,CHI,28.364,73,826,C0OW,,,Lorenzo Carboni,R,168,ITA,19.625,442,101,4-6 6-3 7-6(4),3,R32,148,16,1,104,68,50,20,16,6,8,4,1,95,60,42,20,15,6,8
2025-2893,Olbia,Clay,32,C,O,20251013,2,KI82,2,,Vit Kopriva,R,178,CZE,28.329,94,677,DG80,,,Enrico Dalla Valle,R,196,ITA,27.565,486,88,6-3 6-4,3,R32,95,6,4,70,51,35,10,10,7,9,4,1,53,33,21,7,9,2,6
2025-2893,Olbia,Clay,32,C,O,20251013,3,L0IL,3,,Martin Landaluce,R,193,ESP,19.762,110,569,E0DD,,,Justin Engel,R,185,GER,18.034,206,270,7-5 7-5,3,R32,103,5,0,68,42,31,19,12,2,2,9,1,78,52,40,12,12,5,7
2025-2893,Olbia,Clay,32,C,O,20251013,4,GF95,,,Hugo Grenier,R,196,FRA,29.558,192,293,B0NN,4,,Nishesh Basavareddy,R,180,USA,20.449,125,509,3-6 6-4 6-2,3,R32,130,15,4,86,54,40,15,13,3,5,4,1,79,48,33,17,14,8,12
2025-2893,Olbia,Clay,32,C,O,20251013,5,F840,,,Nerman Fatic,R,191,BIH,30.971,210,264,CF59,5,,Roberto Carballes Baena,R,183,ESP,32.559,122,520,6-2 7-5,3,R32,102,10,2,66,42,34,7,10,3,5,1,4,67,37,20,14,10,8,13
2025-2893,Olbia,Clay,32,C,O,20251013,6,CD85,6,,Pablo Carreno Busta,R,188,ESP,34.256,104,617,B0VX,,,Pierluigi Basile,R,188,ITA,18.765,655,51,6-2 6-7(5) 6-3,3,R32,147,7,1,100,74,55,14,15,8,9,10,1,115,72,46,20,14,5,9
2025-2893,Olbia,Clay,32,C,O,20251013,7,L987,7,,Dusan Lajovic,R,183,SRB,35.288,121,528,R0JW,,,Michele Ribecai,R,173,ITA,22.689,469,91,6-2 4-6 6-1,3,R32,119,5,0,84,66,43,11,13,7,10,0,5,85,52,30,12,12,6,12
2025-2893,Olbia,Clay,32,C,O,20251013,8,B0MM,,,Edas Butvilas,R,191,LTU,21.224,300,182,EA13,8,,Moez Echargui,R,178,TUN,32.756,145,446,6-4 6-2,3,R32,83,1,0,51,34,23,11,9,0,1,1,2,54,31,20,9,9,6,10
2025-2893,Olbia,Clay,32,C,O,20251013,9,C0LK,,,Carlo Alberto Caniato,R,188,ITA,19.951,466,92,A09T,,,Dan Added,R,183,FRA,26.502,215,260,7-5 7-5,3,R32,98,3,4,67,47,33,9,12,0,2,7,3,74,46,31,12,12,3,7
2025-2893,Olbia,Clay,32,C,O,20251013,10,G0IX,,,Arthur Gea,R,180,FRA,20.778,254,216,P0GN,,,Tom Paris,R,193,FRA,23.113,285,191,6-2 6-0,3,R32,69,1,2,43,22,19,9,7,2,3,0,0,44,30,10,5,7,4,10
2025-2893,Olbia,Clay,32,C,O,20251013,11,G0BY,,,Daniil Glinka,L,188,EST,25.421,293,186,T09X,,,Clement Tabur,R,173,FRA,25.719,269,203,7-6(4) 6-3,3,R32,113,9,0,79,54,38,17,11,2,3,3,2,65,40,27,14,10,1,3
2025-2893,Olbia,Clay,32,C,O,20251013,12,GH92,,,Borna Gojo,R,196,CRO,27.625,224,249,F0A4,,,Francesco Forti,R,188,ITA,26.218,682,46,7-5 6-4,3,R32,90,13,0,63,45,36,11,11,2,2,6,2,68,45,34,11,11,2,4
2025-2893,Olbia,Clay,32,C,O,20251013,13,GB93,,,Norbert Gombos,R,193,SVK,35.168,319,160,M0IF,,,Francesco Maestrelli,R,196,ITA,22.812,153,390,6-1 6-7(4) 6-4,3,R32,154,3,1,85,60,47,12,15,4,6,7,5,94,65,43,12,14,7,12
2025-2893,Olbia,Clay,32,C,O,20251013,14,MV14,,,Alex Molcan,L,178,SVK,27.866,205,271,G09C,,,Marek Gengel,R,185,CZE,30.073,271,202,6-2 6-4,3,R32,76,4,1,48,33,27,8,9,2,3,9,4,69,45,31,6,9,7,11
2025-2893,Olbia,Clay,32,C,O,20251013,15,P0AY,,,Luka Pavlovic,R,196,FRA,25.539,217,258,GK06,,,Alexis Galarneau,R,180,CAN,26.617,185,304,7-6(4) 6-3,3,R32,102,10,0,68,34,26,22,11,2,3,2,3,61,34,26,12,10,1,3
2025-2893,Olbia,Clay,32,C,O,20251013,16,V0DZ,,,Luca Van Assche,R,178,FRA,21.424,238,235,TA12,,,Stefano Travaglia,R,185,ITA,33.793,220,253,7-5 1-6 6-3,3,R32,145,3,6,91,53,38,18,14,5,9,8,2,88,52,35,17,14,4,8
2025-2893,Olbia,Clay,32,C,O,20251013,17,TE30,1,,Alejandro Tabilo,L,188,CHI,28.364,73,826,G0BY,,,Daniil Glinka,L,188,EST,25.421,293,186,6-3 5-7 6-1,3,R16,128,15,0,97,66,44,17,14,7,9,7,0,85,49,30,18,14,1,6
2025-2893,Olbia,Clay,32,C,O,20251013,18,V0DZ,,,Luca Van Assche,R,178,FRA,21.424,238,235,KI82,2,,Vit Kopriva,R,178,CZE,28.329,94,677,6-3 6-2,3,R16,78,1,1,43,31,21,5,8,2,5,1,2,58,38,17,8,9,2,9
2025-2893,Olbia,Clay,32,C,O,20251013,19,L0IL,3,,Martin Landaluce,R,193,ESP,19.762,110,569,GH92,,,Borna Gojo,R,196,CRO,27.625,224,249,6-3 3-6 6-3,3,R16,130,5,1,76,46,36,19,14,4,5,6,0,93,59,44,16,13,9,11
2025-2893,Olbia,Clay,32,C,O,20251013,20,CD85,6,,Pablo Carreno Busta,R,188,ESP,34.256,104,617,P0AY,,,Luka Pavlovic,R,196,FRA,25.539,217,258,3-6 6-1 6-2,3,R16,101,0,0,66,52,39,8,12,1,2,11,5,84,41,27,19,12,4,8
2025-2893,Olbia,Clay,32,C,O,20251013,21,L987,7,,Dusan Lajovic,R,183,SRB,35.288,121,528,MV14,,,Alex Molcan,L,178,SVK,27.866,205,271,7-6(6) 6-4,3,R16,123,3,0,93,69,43,13,11,6,9,2,3,80,53,33,10,11,5,9
2025-2893,Olbia,Clay,32,C,O,20251013,22,B0MM,,,Edas Butvilas,R,191,LTU,21.224,300,182,G0IX,,,Arthur Gea,R,180,FRA,20.778,254,216,6-4 3-6 6-3,3,R16,137,1,1,89,67,45,16,14,6,7,1,5,94,55,38,20,14,5,7
2025-2893,Olbia,Clay,32,C,O,20251013,23,F840,,,Nerman Fatic,R,191,BIH,30.971,210,264,C0LK,,,Carlo Alberto Caniato,R,188,ITA,19.951,466,92,3-6 6-3 6-3,3,R16,102,4,3,83,51,33,19,13,6,9,8,3,72,46,32,12,14,3,8
2025-2893,Olbia,Clay,32,C,O,20251013,24,GF95,,,Hugo Grenier,R,196,FRA,29.558,192,293,GB93,,,Norbert Gombos,R,193,SVK,35.168,319,160,7-6(4) 6-1,3,R16,114,11,2,83,55,36,14,10,8,10,1,2,58,33,17,12,9,1,5
2025-2893,Olbia,Clay,32,C,O,20251013,25,CD85,6,,Pablo Carreno Busta,R,188,ESP,34.256,104,617,TE30,1,,Alejandro Tabilo,L,188,CHI,28.364,73,826,6-3 1-6 7-6(3),3,QF,139,1,1,95,67,40,15,14,4,8,8,1,84,56,41,15,14,2,5
2025-2893,Olbia,Clay,32,C,O,20251013,26,L0IL,3,,Martin Landaluce,R,193,ESP,19.762,110,569,L987,7,,Dusan Lajovic,R,183,SRB,35.288,121,528,6-3 6-1,3,QF,84,2,0,60,46,30,8,8,5,6,4,4,61,39,23,4,8,6,11
2025-2893,Olbia,Clay,32,C,O,20251013,27,GF95,,,Hugo Grenier,R,196,FRA,29.558,192,293,F840,,,Nerman Fatic,R,191,BIH,30.971,210,264,6-3 6-4,3,QF,79,8,1,65,35,25,15,10,5,7,2,0,53,26,15,12,9,2,6
2025-2893,Olbia,Clay,32,C,O,20251013,28,V0DZ,,,Luca Van Assche,R,178,FRA,21.424,238,235,B0MM,,,Edas Butvilas,R,191,LTU,21.224,300,182,6-3 7-5,3,QF,96,4,3,57,43,32,8,11,0,2,2,1,70,46,29,10,10,4,8
2025-2893,Olbia,Clay,32,C,O,20251013,29,CD85,6,,Pablo Carreno Busta,R,188,ESP,34.256,104,617,L0IL,3,,Martin Landaluce,R,193,ESP,19.762,110,569,6-2 3-6 6-3,3,SF,134,7,0,77,58,40,11,13,2,4,5,5,98,63,42,13,13,7,11
2025-2893,Olbia,Clay,32,C,O,20251013,30,V0DZ,,,Luca Van Assche,R,178,FRA,21.424,238,235,GF95,,,Hugo Grenier,R,196,FRA,29.558,192,293,3-6 6-1 6-1,3,SF,130,2,3,97,59,31,23,12,3,8,6,5,75,57,30,4,11,7,15
2025-2893,Olbia,Clay,32,C,O,20251013,31,V0DZ,,,Luca Van Assche,R,178,FRA,21.424,238,235,CD85,6,,Pablo Carreno Busta,R,188,ESP,34.256,104,617,7-6(5) 6-7(1) 6-2,3,F,195,6,2,109,65,41,18,16,5,11,3,5,132,82,54,16,16,8,16
2025-2895,Curitiba,Clay,32,C,O,20251013,1,V0DP,,,Adolfo Daniel Vallejo,R,183,PAR,21.459,253,216,N0AM,1,,Emilio Nava,R,185,USA,23.863,93,683,6-2 6-3,3,R32,75,2,1,47,30,24,9,8,0,0,2,6,61,35,24,7,9,4,8
2025-2895,Curitiba,Clay,32,C,O,20251013,2,T0A1,2,,Thiago Agustin Tirante,R,185,ARG,24.509,100,645,RH59,,,Santiago Rodriguez Taverna,R,191,ARG,26.245,232,242,4-6 7-5 6-3,3,R32,132,13,2,90,57,45,16,16,5,8,5,4,78,42,30,20,15,4,8
2025-2895,Curitiba,Clay,32,C,O,20251013,3,DA31,4,,Hugo Dellien,R,180,BOL,32.326,129,489,D0AR,,,Mateus Alves,R,193,BRA,24.72,428,105,4-6 7-6(6) 6-4,3,R32,149,5,1,97,71,50,11,16,3,7,11,5,106,62,47,18,16,4,8
2025-2895,Curitiba,Clay,32,C,O,20251013,4,B0FV,5,,Roman Andres Burruchaga,R,183,ARG,23.721,131,489,M0WY,,,"Luis ""Guto"" Miguel",R,180,BRA,16.627,1706,2,6-2 6-2,3,R32,89,2,2,55,25,22,16,8,4,4,0,5,65,40,22,10,8,6,10
2025-2895,Curitiba,Clay,32,C,O,20251013,5,BS86,6,,Tomas Barrios Vera,R,191,CHI,27.841,119,539,R0A7,,,Joao Lucas Reis Da Silva,R,178,BRA,25.55,208,267,3-6 6-4 6-2,3,R32,137,7,2,86,45,30,21,14,7,11,0,2,75,48,28,13,13,1,6
2025-2895,Curitiba,Clay,32,C,O,20251013,6,P0J1,,,Rodrigo Pacheco Mendez,L,191,MEX,20.468,204,272,FA43,7,,Juan Pablo Ficovich,R,188,ARG,28.717,152,410,3-6 6-4 6-4,3,R32,123,6,3,88,58,42,15,15,3,6,9,4,83,46,34,16,14,7,10
2025-2895,Curitiba,Clay,32,C,O,20251013,7,S0T1,,,Joao Eduardo Schiessl,L,180,BRA,21.15,564,66,B0GY,8,,Alex Barrena,R,175,ARG,23.009,170,328,6-3 6-4,3,R32,94,1,1,69,40,33,12,10,5,6,1,3,60,23,14,22,9,7,10
2025-2895,Curitiba,Clay,32,C,O,20251013,8,MJ08,9,,Thiago Monteiro,L,183,BRA,31.37,176,321,KC29,,,Nicolas Kicker,R,178,ARG,33.158,295,185,3-6 6-2 6-3,3,R32,125,4,1,80,54,41,16,13,6,7,1,5,79,48,35,16,13,3,6
2025-2895,Curitiba,Clay,32,C,O,20251013,9,B0FI,,,Pedro Boscardin Dias,R,180,BRA,22.708,363,137,R09V,,,Eduardo Ribeiro,R,178,BRA,27.576,667,49,6-1 3-6 7-6(4),3,R32,142,4,8,102,51,38,22,14,7,10,5,3,92,58,38,15,14,5,9
2025-2895,Curitiba,Clay,32,C,O,20251013,10,B0GR,,,Gonzalo Bueno,R,173,PER,21.528,223,250,S0GZ,,,Nikolas Sanchez Izquierdo,R,185,ESP,26.582,306,174,6-0 7-6(3),3,R32,105,2,0,56,42,24,8,9,4,7,0,3,62,33,16,9,9,4,10
2025-2895,Curitiba,Clay,32,C,O,20251013,11,DC48,,,Murkel Dellien,R,193,BOL,28.074,279,194,T133,,,Miguel Tobon,R,185,COL,57.309,732,15,5-7 6-0 6-4,3,R32,148,2,6,89,60,43,15,14,4,6,3,8,122,66,38,28,14,13,18
2025-2895,Curitiba,Clay,32,C,O,20251013,12,D0CG,,,Facundo Diaz Acosta,L,183,ARG,24.827,233,241,G0DH,,,Alvaro Guillen Meza,R,175,ECU,22.779,201,281,7-5 6-1,3,R32,95,3,5,66,38,30,9,10,7,10,1,4,54,30,14,8,9,6,12
2025-2895,Curitiba,Clay,32,C,O,20251013,13,SG56,,,Daniel Dutra da Silva,L,,BRA,37.273,358,138,T0EI,,,Aristotelis Thanos,R,193,GRE,24.517,444,99,6-4 6-1,3,R32,74,3,3,45,25,21,15,9,0,0,4,5,50,30,22,7,8,3,6
2025-2895,Curitiba,Clay,32,C,O,20251013,14,H0CD,,,Alex Hernandez,R,175,MEX,26.308,452,97,P0DF,,,Matheus Pucinelli De Almeida,R,183,BRA,24.534,305,175,4-6 7-5 6-0,3,R32,147,1,7,83,50,35,14,14,2,6,4,4,98,57,27,22,14,8,15
2025-2895,Curitiba,Clay,32,C,O,20251013,15,P0IY,,,Juan Carlos Prado Angelo,R,185,BOL,20.605,239,230,H0DU,,,Gustavo Heide,R,191,BRA,23.622,323,157,6-4 3-6 7-5,3,R32,192,11,6,138,78,55,26,15,13,15,6,7,104,49,35,30,16,8,11
2025-2895,Curitiba,Clay,32,C,O,20251013,16,S0EK,,,Matias Soto,R,170,CHI,26.464,280,194,CC66,,,Andrea Collarini,L,183,ARG,33.7,287,190,6-4 3-6 6-3,3,R32,143,4,10,98,43,33,23,14,4,8,4,7,87,55,37,13,14,5,10
2025-2895,Curitiba,Clay,32,C,O,20251013,17,B0FI,,,Pedro Boscardin Dias,R,180,BRA,22.708,363,137,T0A1,2,,Thiago Agustin Tirante,R,185,ARG,24.509,100,645,7-6(7) 3-6 7-5,3,R16,173,7,6,120,75,52,27,16,5,7,7,2,99,52,45,27,17,3,5
2025-2895,Curitiba,Clay,32,C,O,20251013,18,SG56,,,Daniel Dutra da Silva,L,,BRA,37.273,358,138,DA31,4,,Hugo Dellien,R,180,BOL,32.326,129,489,7-6(4) 6-2,3,R16,91,4,3,58,33,25,16,10,2,3,4,2,75,45,30,13,10,5,8
2025-2895,Curitiba,Clay,32,C,O,20251013,19,B0FV,5,,Roman Andres Burruchaga,R,183,ARG,23.721,131,489,D0CG,,,Facundo Diaz Acosta,L,183,ARG,24.827,233,241,6-4 6-4,3,R16,111,4,3,69,36,28,16,10,4,5,2,1,65,42,25,14,10,7,10
2025-2895,Curitiba,Clay,32,C,O,20251013,20,BS86,6,,Tomas Barrios Vera,R,191,CHI,27.841,119,539,DC48,,,Murkel Dellien,R,193,BOL,28.074,279,194,6-1 6-1,3,R16,62,1,1,42,29,21,8,7,1,2,3,1,39,24,11,2,7,6,12
2025-2895,Curitiba,Clay,32,C,O,20251013,21,B0GR,,,Gonzalo Bueno,R,173,PER,21.528,223,250,MJ08,9,,Thiago Monteiro,L,183,BRA,31.37,176,321,7-5 6-4,3,R16,109,1,4,65,37,26,13,11,4,7,4,1,67,45,27,8,11,2,7
2025-2895,Curitiba,Clay,32,C,O,20251013,22,P0IY,,,Juan Carlos Prado Angelo,R,185,BOL,20.605,239,230,P0J1,,,Rodrigo Pacheco Mendez,L,191,MEX,20.468,204,272,7-6(2) 6-3,3,R16,101,3,1,78,42,35,20,11,7,7,1,2,63,43,30,12,10,2,3
2025-2895,Curitiba,Clay,32,C,O,20251013,23,S0T1,,,Joao Eduardo Schiessl,L,180,BRA,21.15,564,66,H0CD,,,Alex Hernandez,R,175,MEX,26.308,452,97,6-3 5-7 6-4,3,R16,133,7,1,92,62,47,15,16,4,7,1,2,82,48,33,19,15,2,6
2025-2895,Curitiba,Clay,32,C,O,20251013,24,V0DP,,,Adolfo Daniel Vallejo,R,183,PAR,21.459,253,216,S0EK,,,Matias Soto,R,170,CHI,26.464,280,194,6-3 6-2,3,R16,78,4,1,50,34,27,10,9,2,2,3,3,53,28,20,10,8,2,5
2025-2895,Curitiba,Clay,32,C,O,20251013,25,B0FV,5,,Roman Andres Burruchaga,R,183,ARG,23.721,131,489,B0GR,,,Gonzalo Bueno,R,173,PER,21.528,223,250,6-1 6-1,3,QF,71,2,0,50,32,22,11,7,4,4,0,2,43,24,12,5,7,4,9
2025-2895,Curitiba,Clay,32,C,O,20251013,26,V0DP,,,Adolfo Daniel Vallejo,R,183,PAR,21.459,253,216,BS86,6,,Tomas Barrios Vera,R,191,CHI,27.841,119,539,6-3 6-7(2) 6-3,3,QF,170,4,1,99,67,49,19,16,6,7,0,1,106,67,44,22,14,7,10
2025-2895,Curitiba,Clay,32,C,O,20251013,27,B0FI,,,Pedro Boscardin Dias,R,180,BRA,22.708,363,137,P0IY,,,Juan Carlos Prado Angelo,R,185,BOL,20.605,239,230,6-4 6-4,3,QF,83,8,2,61,35,33,12,10,4,4,3,0,63,41,28,12,10,2,4
2025-2895,Curitiba,Clay,32,C,O,20251013,28,S0T1,,,Joao Eduardo Schiessl,L,180,BRA,21.15,564,66,SG56,,,Daniel Dutra da Silva,L,,BRA,37.273,358,138,6-2 6-3,3,QF,82,4,1,49,31,28,8,8,2,2,2,0,57,25,18,12,9,3,7
2025-2895,Curitiba,Clay,32,C,O,20251013,29,B0FI,,,Pedro Boscardin Dias,R,180,BRA,22.708,363,137,B0FV,5,,Roman Andres Burruchaga,R,183,ARG,23.721,131,489,2-6 6-2 6-4,3,SF,128,5,3,85,51,31,20,13,3,6,2,4,73,42,31,13,13,3,7
2025-2895,Curitiba,Clay,32,C,O,20251013,30,V0DP,,,Adolfo Daniel Vallejo,R,183,PAR,21.459,253,216,S0T1,,,Joao Eduardo Schiessl,L,180,BRA,21.15,564,66,6-4 6-4,3,SF,84,2,1,57,37,24,16,10,2,3,2,1,52,34,25,7,10,1,4
2025-2895,Curitiba,Clay,32,C,O,20251013,31,V0DP,,,Adolfo Daniel Vallejo,R,183,PAR,21.459,253,216,B0FI,,,Pedro Boscardin Dias,R,180,BRA,22.708,363,137,6-3 7-5,3,F,107,1,3,69,45,26,13,11,6,10,2,4,72,44,27,7,10,5,11
2025-2941,Lincoln,Hard,32,C,O,20251013,1,H09P,1,,Brandon Holt,R,185,USA,27.521,112,559,S0W8,,,Aryan Shah,R,183,IND,19.893,391,124,4-6 6-4 4-1 RET,3,R32,117,9,1,70,47,36,13,13,2,4,6,7,73,38,29,16,12,7,10
2025-2941,Lincoln,Hard,32,C,I,20251013,2,I0B0,,,Andre Ilagan,L,173,USA,24.906,359,138,C0HT,2,,Murphy Cassone,R,188,USA,23.159,178,319,1-6 6-2 6-3,3,R32,97,2,2,77,54,30,14,12,7,11,7,4,70,42,28,11,12,3,8
2025-2941,Lincoln,Hard,32,C,I,20251013,3,P0HT,3,,Jack Pinnington Jones,R,180,GBR,22.541,191,293,KC12,,,Mitchell Krueger,R,188,USA,31.751,241,228,7-6(6) 6-1,3,R32,111,2,1,64,38,27,17,10,4,5,2,1,77,44,28,13,9,7,10
2025-2941,Lincoln,Hard,32,C,I,20251013,4,K0A3,4,,Patrick Kypson,R,188,USA,25.96,169,328,RH62,,,Mats Rosenkranz,L,193,GER,27.14,301,178,6-2 6-4,3,R32,76,8,4,50,37,31,4,9,4,5,7,3,67,37,24,10,9,4,8
2025-2941,Lincoln,Hard,32,C,I,20251013,5,W0BB,,,Max Wiskandt,R,191,GER,23.696,468,91,HG94,5,,Benjamin Hassan,R,183,LBN,30.689,193,292,6-3 6-4,3,R32,76,0,1,58,48,31,6,10,1,3,4,3,51,30,20,7,9,3,7
2025-2941,Lincoln,Hard,32,C,I,20251013,6,PL39,,,Alfredo Perez,R,193,USA,28.394,331,153,PG20,6,,Dmitry Popko,R,191,KAZ,28.969,219,255,6-4 6-4,3,R32,103,3,2,71,51,37,8,10,7,8,0,2,58,26,18,18,10,2,5
2025-2941,Lincoln,Hard,32,C,I,20251013,7,M0ON,7,,Johannus Monday,L,198,GBR,23.723,230,245,Z0AK,,,Tyler Zink,R,185,USA,24.701,278,196,6-4 6-4,3,R32,79,3,3,56,40,31,10,10,0,0,13,2,54,36,30,6,10,2,4
2025-2941,Lincoln,Hard,32,C,I,20251013,8,D0DT,,,Martin Damm,L,203,USA,22.037,240,228,A0K3,,,Nicolas Arseneault,L,183,CAN,18.735,514,81,4-6 7-6(4) 6-4,3,R32,143,10,5,91,51,43,21,16,4,6,6,3,101,50,37,30,16,4,6
2025-2941,Lincoln,Hard,32,C,I,20251013,9,B0I6,,,Samir Banerjee,R,188,USA,22.031,387,125,G0MI,,,Adhithya Ganesan,R,193,USA,19.97,571,65,7-5 3-6 7-6(4),3,R32,166,5,6,95,48,34,24,16,1,5,5,4,131,78,52,27,17,9,13
2025-2941,Lincoln,Hard,32,C,I,20251013,10,G0IW,,,Antoine Ghibaudo,R,191,FRA,20.715,409,115,Z0CR,,,Sydney Zick,R,180,GER,18.752,1251,7,6-3 7-6(3),3,R32,101,4,2,83,53,36,17,11,5,6,5,2,61,33,27,11,10,0,2
2025-2941,Lincoln,Hard,32,C,I,20251013,11,J0DZ,,,Rafael Jodar,R,191,ESP,19.072,283,192,K0DB,,,Cannon Kingsley,R,191,USA,24.438,531,77,6-3 7-5,3,R32,84,2,0,58,41,30,13,11,3,4,2,0,60,38,24,11,10,6,9
2025-2941,Lincoln,Hard,32,C,I,20251013,12,M0NP,,,Andres Martin,R,183,USA,24.268,290,189,F0CK,,,Andrew Fenty,R,193,USA,25.599,483,89,6-3 6-3,3,R32,75,6,2,59,39,29,13,9,3,3,2,1,57,39,24,10,9,2,5
2025-2941,Lincoln,Hard,32,C,I,20251013,13,MP01,,,Michael Mmoh,R,188,USA,27.756,315,166,W0BU,,,Olle Wallin,R,191,SWE,23.975,434,104,6-4 6-2,3,R32,74,6,1,41,29,26,7,9,0,1,1,0,78,46,25,16,9,8,12
2025-2941,Lincoln,Hard,32,C,I,20251013,14,S0DQ,,,Keegan Smith,R,201,USA,27.307,558,69,L0LX,,,Jeri Lassila,,,FIN,20.244,,,6-3 6-2,3,R32,60,7,1,45,29,25,11,9,0,0,1,2,53,39,21,7,8,5,8
2025-2941,Lincoln,Hard,32,C,I,20251013,15,S0DE,,,Dhakshineswar Suresh,R,196,IND,25.541,555,69,RG42,,,Alex Rybakov,L,185,USA,28.709,261,208,6-4 6-4,3,R32,93,8,4,69,40,28,16,10,8,9,4,4,73,42,27,14,10,4,7
2025-2941,Lincoln,Hard,32,C,I,20251013,16,T0GR,,,Oliver Tarvet,R,185,GBR,21.958,382,128,H0JL,,,Jay Friend,R,185,JPN,21.81,480,89,6-4 6-0,3,R32,90,0,1,53,32,21,14,8,2,3,5,3,45,22,14,6,8,4,9
2025-2941,Lincoln,Hard,32,C,I,20251013,17,H09P,1,,Brandon Holt,R,185,USA,27.521,112,559,S0DQ,,,Keegan Smith,R,201,USA,27.307,558,69,3-6 6-2 6-1,3,R16,122,1,0,78,60,41,10,12,3,4,7,7,98,67,41,14,12,11,15
2025-2941,Lincoln,Hard,32,C,I,20251013,18,MP01,,,Michael Mmoh,R,188,USA,27.756,315,166,P0HT,3,,Jack Pinnington Jones,R,180,GBR,22.541,191,293,6-3 7-6(4),3,R16,132,5,2,80,53,33,17,11,6,9,1,5,67,37,22,16,10,2,6
2025-2941,Lincoln,Hard,32,C,I,20251013,19,K0A3,4,,Patrick Kypson,R,188,USA,25.96,169,328,B0I6,,,Samir Banerjee,R,188,USA,22.031,387,125,6-4 7-6(5),3,R16,107,4,1,68,51,42,5,11,0,1,5,4,85,52,37,15,11,6,8
2025-2941,Lincoln,Hard,32,C,I,20251013,20,M0ON,7,,Johannus Monday,L,198,GBR,23.723,230,245,G0IW,,,Antoine Ghibaudo,R,191,FRA,20.715,409,115,6-4 6-2,3,R16,84,6,2,56,42,32,9,9,4,4,3,0,50,30,19,11,9,0,3
2025-2941,Lincoln,Hard,32,C,I,20251013,21,D0DT,,,Martin Damm,L,203,USA,22.037,240,228,T0GR,,,Oliver Tarvet,R,185,GBR,21.958,382,128,7-5 7-5,3,R16,120,11,5,62,41,37,10,12,1,2,7,5,79,49,32,17,12,6,9
2025-2941,Lincoln,Hard,32,C,I,20251013,22,I0B0,,,Andre Ilagan,L,173,USA,24.906,359,138,M0NP,,,Andres Martin,R,183,USA,24.268,290,189,7-6(1) 6-2,3,R16,117,4,4,75,44,28,17,10,8,10,6,3,70,40,23,12,10,6,10
2025-2941,Lincoln,Hard,32,C,I,20251013,23,J0DZ,,,Rafael Jodar,R,191,ESP,19.072,283,192,W0BB,,,Max Wiskandt,R,191,GER,23.696,468,91,6-4 6-1,3,R16,74,1,0,46,28,19,14,8,3,4,0,2,51,27,13,10,9,3,8
2025-2941,Lincoln,Hard,32,C,I,20251013,24,S0DE,,,Dhakshineswar Suresh,R,196,IND,25.541,555,69,PL39,,,Alfredo Perez,R,193,USA,28.394,331,153,6-4 7-6(5),3,R16,113,11,2,69,44,34,14,11,6,8,5,0,82,57,36,13,11,6,9
2025-2941,Lincoln,Hard,32,C,I,20251013,25,J0DZ,,,Rafael Jodar,R,191,ESP,19.072,283,192,H09P,1,,Brandon Holt,R,185,USA,27.521,112,559,6-0 7-5,3,QF,67,5,0,48,29,23,14,9,0,0,2,0,62,37,21,10,9,3,7
2025-2941,Lincoln,Hard,32,C,I,20251013,26,K0A3,4,,Patrick Kypson,R,188,USA,25.96,169,328,S0DE,,,Dhakshineswar Suresh,R,196,IND,25.541,555,69,7-6(4) 6-0,3,QF,89,5,1,64,42,29,16,9,5,6,6,7,65,43,31,5,9,4,8
2025-2941,Lincoln,Hard,32,C,I,20251013,27,M0ON,7,,Johannus Monday,L,198,GBR,23.723,230,245,MP01,,,Michael Mmoh,R,188,USA,27.756,315,166,6-3 6-3,3,QF,86,4,0,48,36,30,8,9,1,1,2,2,59,39,26,8,9,3,6
2025-2941,Lincoln,Hard,32,C,I,20251013,28,D0DT,,,Martin Damm,L,203,USA,22.037,240,228,I0B0,,,Andre Ilagan,L,173,USA,24.906,359,138,4-6 6-3 7-6(4),3,QF,146,26,4,103,73,59,12,16,4,5,6,1,93,60,44,21,15,8,9
2025-2941,Lincoln,Hard,32,C,I,20251013,29,J0DZ,,,Rafael Jodar,R,191,ESP,19.072,283,192,K0A3,4,,Patrick Kypson,R,188,USA,25.96,169,328,6-3 6-3,3,SF,71,7,0,48,34,29,7,9,1,2,1,4,61,41,25,6,9,5,9
2025-2941,Lincoln,Hard,32,C,I,20251013,30,D0DT,,,Martin Damm,L,203,USA,22.037,240,228,M0ON,7,,Johannus Monday,L,198,GBR,23.723,230,245,6-4 6-4,3,SF,86,12,3,62,39,30,14,10,1,1,5,0,60,47,31,9,10,5,7
2025-2941,Lincoln,Hard,32,C,I,20251013,31,J0DZ,,,Rafael Jodar,R,191,ESP,19.072,283,192,D0DT,,,Martin Damm,L,203,USA,22.037,240,228,6-7(3) 6-3 6-3,3,F,124,6,0,84,54,44,19,15,2,2,12,4,91,55,41,16,15,3,6
2025-3027,Shenzhen (Futian),Hard,32,C,O,20251013,1,R0GO,1,,Henrique Rocha,R,180,POR,21.52,161,361,CH80,,,Luca Castelnuovo,L,188,SUI,28.704,407,116,6-3 6-4,3,R32,75,6,1,64,48,36,7,10,6,7,3,1,51,26,14,16,9,3,6
2025-3027,Shenzhen (Futian),Hard,32,C,O,20251013,2,M0G4,2,,Harold Mayot,R,180,FRA,23.688,182,311,HG86,,,Lloyd Harris,R,193,RSA,28.632,231,244,7-6(2) 6-2,3,R32,88,0,0,62,38,29,17,10,1,1,6,3,60,42,29,9,10,1,3
2025-3027,Shenzhen (Futian),Hard,32,C,O,20251013,3,J0AZ,3,,Kyrian Jacquet,R,175,FRA,24.424,183,311,DH23,,,S D Prajwal Dev,R,175,IND,29.38,805,31,6-1 6-4,3,R32,80,5,0,62,36,22,18,9,7,8,2,4,64,37,23,9,8,9,13
2025-3027,Shenzhen (Futian),Hard,32,C,O,20251013,4,SX90,,,Fajing Sun,R,178,CHN,29.027,255,215,KB95,4,,Jason Kubler,R,178,AUS,32.402,186,301,6-2 7-5,3,R32,90,7,3,62,33,28,18,10,2,2,10,2,58,34,24,13,10,3,6
2025-3027,Shenzhen (Futian),Hard,32,C,O,20251013,5,C0AJ,,,Jie Cui,R,183,CHN,27.718,342,146,M0OQ,5,,James McCabe,R,188,AUS,22.275,195,287,6-4 6-4,3,R32,93,0,2,49,30,26,14,10,0,0,7,4,61,39,28,10,10,2,4
2025-3027,Shenzhen (Futian),Hard,32,C,O,20251013,6,SY67,6,,Sho Shimabukuro,R,180,JPN,28.205,212,263,B0LQ,,,Petr Bar Biryukov,L,196,RUS,23.622,273,200,6-4 7-5,3,R32,79,12,4,63,37,32,16,11,6,6,4,3,64,31,25,15,11,1,3
2025-3027,Shenzhen (Futian),Hard,32,C,O,20251013,7,W741,,,Aoran Wang,R,191,CHN,28.684,1092,11,S0AQ,7,,Yuta Shimizu,L,163,JPN,26.346,213,262,3-6 7-5 6-3,3,R32,100,16,6,84,45,40,17,15,1,3,12,3,78,46,36,17,15,1,4
2025-3027,Shenzhen (Futian),Hard,32,C,O,20251013,8,U120,,,Kaichi Uchida,R,180,JPN,31.14,368,136,N09U,8,,Rio Noguchi,R,168,JPN,26.793,246,224,5-7 6-4 6-3,3,R32,120,11,3,79,50,40,16,15,2,4,11,3,88,49,42,17,16,2,6
2025-3027,Shenzhen (Futian),Hard,32,C,O,20251013,9,CH27,,,Hyeon Chung,R,188,KOR,29.402,381,129,TG30,,,Rigele Te,R,188,CHN,28.011,589,62,7-6(4) 3-0 RET,3,R32,90,2,4,45,31,25,6,7,2,3,4,3,61,33,21,10,8,3,6
2025-3027,Shenzhen (Futian),Hard,32,C,O,20251013,10,SN54,,,Frederico Ferreira Silva,L,178,POR,30.574,245,224,H0J1,,,Naoya Honda,R,175,JPN,19.581,795,32,3-6 6-4 6-2,3,R32,142,3,4,84,51,35,21,14,8,10,6,8,91,52,33,21,13,7,10
2025-3027,Shenzhen (Futian),Hard,32,C,O,20251013,11,F0A3,,,Sergey Fomin,R,180,UZB,24.695,490,88,W0A4,,,Arthur Weber,L,185,FRA,33.429,485,88,6-4 6-4,3,R32,83,5,5,63,37,32,12,10,7,8,1,0,62,45,29,8,10,2,5
2025-3027,Shenzhen (Futian),Hard,32,C,O,20251013,12,J553,,,Omar Jasika,L,183,AUS,28.405,262,208,U134,,,Yasutaka Uchiyama,R,183,JPN,33.188,297,184,7-6(5) 1-0 RET,3,R32,85,1,4,55,32,21,12,6,4,5,1,1,61,37,24,11,7,5,7
2025-3027,Shenzhen (Futian),Hard,32,C,O,20251013,13,J380,,,Jason Jung,R,180,TPE,36.329,856,22,S0HR,,,Kasidit Samrej,R,191,THA,24.728,412,115,6-4 7-6(7),3,R32,104,13,0,70,42,32,22,11,2,2,13,3,66,39,32,16,11,0,1
2025-3027,Shenzhen (Futian),Hard,32,C,O,20251013,14,K09F,,,Pavel Kotov,R,191,RUS,26.902,471,90,Z0D1,,,Tianhui Zhang,R,180,CHN,19.647,629,56,6-4 6-4,3,R32,88,12,5,54,34,31,10,10,1,1,5,7,65,40,31,10,10,2,4
2025-3027,Shenzhen (Futian),Hard,32,C,O,20251013,15,M0BW,,,Ye Cong Mo,R,183,CHN,25.298,769,34,SR81,,,Khumoyun Sultanov,R,180,UZB,26.962,397,122,6-1 6-2,3,R32,60,7,1,39,21,17,13,7,2,2,0,2,52,28,16,6,8,2,7
2025-3027,Shenzhen (Futian),Hard,32,C,O,20251013,16,Z0CQ,,,Yi Zhou,R,193,CHN,20.583,327,156,W0B3,,,Xiaofei Wang,R,180,CHN,22.757,885,23,6-1 6-2,3,R32,,,,,,,,,,,,,,,,,,,
2025-3027,Shenzhen (Futian),Hard,32,C,O,20251013,17,M0BW,,,Ye Cong Mo,R,183,CHN,25.298,769,34,R0GO,1,,Henrique Rocha,R,180,POR,21.52,161,361,7-5 6-4,3,R16,107,2,4,64,25,19,21,11,1,4,5,7,73,42,27,10,11,6,11
2025-3027,Shenzhen (Futian),Hard,32,C,O,20251013,18,M0G4,2,,Harold Mayot,R,180,FRA,23.688,182,311,SN54,,,Frederico Ferreira Silva,L,178,POR,30.574,245,224,6-4 6-2,3,R16,88,15,3,58,36,30,8,9,0,1,2,1,61,38,22,11,9,4,8
2025-3027,Shenzhen (Futian),Hard,32,C,O,20251013,19,J0AZ,3,,Kyrian Jacquet,R,175,FRA,24.424,183,311,J553,,,Omar Jasika,L,183,AUS,28.405,262,208,4-6 6-3 6-2,3,R16,105,10,2,78,42,31,20,14,1,4,1,6,68,41,22,15,13,2,7
2025-3027,Shenzhen (Futian),Hard,32,C,O,20251013,20,SY67,6,,Sho Shimabukuro,R,180,JPN,28.205,212,263,F0A3,,,Sergey Fomin,R,180,UZB,24.695,490,88,4-6 7-5 7-5,3,R16,154,14,2,104,66,47,23,17,6,8,8,4,115,64,48,24,17,5,8
2025-3027,Shenzhen (Futian),Hard,32,C,O,20251013,21,C0AJ,,,Jie Cui,R,183,CHN,27.718,342,146,K09F,,,Pavel Kotov,R,191,RUS,26.902,471,90,6-2 3-6 6-4,3,R16,141,2,1,81,54,37,17,14,2,4,12,9,82,47,37,14,13,2,5
2025-3027,Shenzhen (Futian),Hard,32,C,O,20251013,22,SX90,,,Fajing Sun,R,178,CHN,29.027,255,215,CH27,,,Hyeon Chung,R,188,KOR,29.402,381,129,6-3 7-6(5),3,R16,135,0,5,88,44,28,23,11,8,12,2,4,92,64,32,13,10,9,14
2025-3027,Shenzhen (Futian),Hard,32,C,O,20251013,23,U120,,,Kaichi Uchida,R,180,JPN,31.14,368,136,J380,,,Jason Jung,R,180,TPE,36.329,856,22,6-3 2-0 RET,3,R16,43,2,3,31,19,16,6,6,0,1,3,2,27,17,9,3,5,2,5
2025-3027,Shenzhen (Futian),Hard,32,C,O,20251013,24,Z0CQ,,,Yi Zhou,R,193,CHN,20.583,327,156,W741,,,Aoran Wang,R,191,CHN,28.684,1092,11,W/O,3,R16,,,,,,,,,,,,,,,,,,,
2025-3027,Shenzhen (Futian),Hard,32,C,O,20251013,25,SY67,6,,Sho Shimabukuro,R,180,JPN,28.205,212,263,M0G4,2,,Harold Mayot,R,180,FRA,23.688,182,311,6-2 6-3,3,QF,72,8,1,63,36,29,16,9,7,7,2,4,55,36,22,8,8,3,6
2025-3027,Shenzhen (Futian),Hard,32,C,O,20251013,26,J0AZ,3,,Kyrian Jacquet,R,175,FRA,24.424,183,311,U120,,,Kaichi Uchida,R,180,JPN,31.14,368,136,6-3 4-6 6-3,3,QF,122,11,2,85,42,29,22,14,5,9,7,5,99,56,35,18,14,6,12
2025-3027,Shenzhen (Futian),Hard,32,C,O,20251013,27,C0AJ,,,Jie Cui,R,183,CHN,27.718,342,146,M0BW,,,Ye Cong Mo,R,183,CHN,25.298,769,34,6-4 6-1,3,QF,94,3,1,50,31,22,9,9,1,3,0,4,47,24,13,7,8,4,9
2025-3027,Shenzhen (Futian),Hard,32,C,O,20251013,28,Z0CQ,,,Yi Zhou,R,193,CHN,20.583,327,156,SX90,,,Fajing Sun,R,178,CHN,29.027,255,215,7-6(5) 6-3,3,QF,101,7,1,61,32,25,18,10,0,1,3,3,65,32,19,19,11,0,3
2025-3027,Shenzhen (Futian),Hard,32,C,O,20251013,29,J0AZ,3,,Kyrian Jacquet,R,175,FRA,24.424,183,311,SY67,6,,Sho Shimabukuro,R,180,JPN,28.205,212,263,7-5 4-6 6-2,3,SF,135,5,3,99,46,34,31,15,3,5,6,5,89,52,36,17,15,5,9
2025-3027,Shenzhen (Futian),Hard,32,C,O,20251013,30,Z0CQ,,,Yi Zhou,R,193,CHN,20.583,327,156,C0AJ,,,Jie Cui,R,183,CHN,27.718,342,146,6-7(6) 6-4 7-5,3,SF,160,17,3,93,60,51,19,17,0,1,9,0,102,65,48,19,17,0,3
2025-3027,Shenzhen (Futian),Hard,32,C,O,20251013,31,J0AZ,3,,Kyrian Jacquet,R,175,FRA,24.424,183,311,Z0CQ,,,Yi Zhou,R,193,CHN,20.583,327,156,6-3 6-3,3,F,75,2,2,63,32,22,20,9,1,2,4,4,51,28,21,7,9,1,5
2025-3029,Hersonissos 6,Hard,32,C,O,20251013,1,P0ME,,,Luca Preda,R,201,ROU,19.57,794,32,C0AK,1,,Oliver Crawford,R,180,GBR,26.456,188,295,7-6(5) 7-5,3,R32,147,3,7,89,50,34,18,12,6,9,4,1,84,56,38,10,12,4,8
2025-3029,Hersonissos 6,Hard,32,C,O,20251013,2,PH78,2,,Ryan Peniston,L,180,GBR,29.925,194,290,SK94,,,Cedrik-Marcel Stebe,L,180,GER,35.012,436,102,6-3 5-7 6-4,3,R32,205,4,4,91,46,28,21,15,5,11,1,8,123,62,34,27,16,11,19
2025-3029,Hersonissos 6,Hard,32,C,O,20251013,3,S0EX,,,Hamish Stewart,R,193,GBR,26.207,373,133,BU54,3,,Geoffrey Blancaneaux,R,180,FRA,27.181,250,219,6-2 3-0 RET,3,R32,53,0,1,32,23,18,6,6,0,0,0,4,28,14,7,4,5,1,4
2025-3029,Hersonissos 6,Hard,32,C,O,20251013,4,KC33,4,,Dimitar Kuzmanov,R,183,BUL,32.211,258,212,B0JP,,,Dali Blanch,R,185,USA,22.609,447,99,6-4 6-1,3,R32,86,1,1,53,28,21,14,9,1,2,1,4,48,18,11,12,8,2,6
2025-3029,Hersonissos 6,Hard,32,C,O,20251013,5,C0HB,5,,Eliakim Coulibaly,L,180,CIV,23.441,299,183,A0AB,,,Adrian Andreev,R,175,BUL,24.422,789,32,7-6(5) 6-3,3,R32,126,9,3,76,46,34,15,11,3,5,1,1,60,35,23,14,10,2,5
2025-3029,Hersonissos 6,Hard,32,C,O,20251013,6,S0KT,,,Stefanos Sakellaridis,R,198,GRE,21.081,298,184,S0RI,,,Karan Singh,R,185,IND,22.289,440,102,3-6 6-4 6-3,3,R32,128,12,4,77,41,33,23,14,1,2,3,2,100,55,34,28,14,7,9
2025-3029,Hersonissos 6,Hard,32,C,O,20251013,7,M0NL,,,Inaki Montes-De La Torre,R,178,ESP,23.028,370,136,B0JJ,7,,Robin Bertrand,R,178,FRA,22.582,307,174,6-2 7-6(3),3,R32,110,1,3,68,39,30,16,10,7,8,0,3,53,35,22,10,10,0,3
2025-3029,Hersonissos 6,Hard,32,C,O,20251013,8,W0AH,,,Harry Wendelken,R,178,GBR,23.819,446,99,GG65,8,,Michael Geerts,R,178,BEL,30.738,321,160,6-3 6-7(6) 7-6(6),3,R32,229,11,3,126,64,48,34,17,9,12,6,5,119,74,49,24,16,9,13
2025-3029,Hersonissos 6,Hard,32,C,O,20251013,9,A829,,,Radu Albot,R,175,MDA,35.921,499,86,TG77,,,Petros Tsitsipas,R,185,GRE,25.213,940,19,6-3 6-1,3,R32,71,1,0,40,25,20,11,8,0,1,0,7,46,25,14,6,8,5,10
2025-3029,Hersonissos 6,Hard,32,C,O,20251013,10,A0F3,,,Fabrizio Andaloro,R,185,ITA,24.698,313,169,BU10,,,Jacopo Berrettini,R,191,ITA,26.877,334,152,6-4 6-3,3,R32,113,4,4,77,41,24,17,10,10,13,1,4,57,32,21,9,9,6,11
2025-3029,Hersonissos 6,Hard,32,C,O,20251013,11,B0JE,,,Max Basing,R,180,GBR,23.031,481,89,BV24,,,Raul Brancaccio,R,183,ITA,28.444,400,121,6-4 6-3,3,R32,83,1,2,58,41,25,7,9,6,9,5,5,55,28,15,11,10,3,9
2025-3029,Hersonissos 6,Hard,32,C,O,20251013,12,BV21,,,Charles Broom,R,178,GBR,27.472,367,136,BV25,,,Javier Barranco Cosano,L,180,ESP,26.905,333,152,4-6 6-2 6-3,3,R32,124,3,0,84,48,38,22,14,3,4,3,6,75,49,38,10,13,4,7
2025-3029,Hersonissos 6,Hard,32,C,O,20251013,13,H0DC,,,Giles Hussey,L,185,GBR,28.383,346,144,B0OV,,,Petr Brunclik,L,188,CZE,19.242,384,127,6-4 2-6 6-3,3,R32,141,1,5,84,43,28,25,14,0,3,4,5,75,48,32,14,13,2,5
2025-3029,Hersonissos 6,Hard,32,C,O,20251013,14,M0SE,,,Maxim Mrva,R,178,CZE,18.198,418,112,E768,,,Antoine Escoffier,R,185,FRA,33.621,348,141,7-5 7-6(4),3,R32,113,5,10,72,43,31,14,12,1,5,0,3,88,52,26,21,12,4,9
2025-3029,Hersonissos 6,Hard,32,C,O,20251013,15,DB59,,,Dennis Novak,R,183,AUT,32.126,463,93,Z419,,,Bernabe Zapata Miralles,R,183,ESP,28.75,410,115,6-3 6-3,3,R32,72,6,1,50,33,24,10,9,0,2,2,4,58,38,21,8,9,6,11
2025-3029,Hersonissos 6,Hard,32,C,O,20251013,16,X01C,,,Ioannis Xilas,R,178,GRE,24.422,530,77,A0EA,,,Max Alcala Gurri,R,178,ESP,23.088,417,113,6-1 6-2,3,R32,79,0,0,49,32,21,11,8,1,2,0,3,42,28,12,6,7,2,7
2025-3029,Hersonissos 6,Hard,32,C,O,20251013,17,A0F3,,,Fabrizio Andaloro,R,185,ITA,24.698,313,169,PH78,2,,Ryan Peniston,L,180,GBR,29.925,194,290,7-5 7-6(2),3,R16,166,2,2,75,38,23,16,12,3,9,0,5,91,57,27,15,12,7,14
2025-3029,Hersonissos 6,Hard,32,C,O,20251013,18,KC33,4,,Dimitar Kuzmanov,R,183,BUL,32.211,258,212,BV21,,,Charles Broom,R,178,GBR,27.472,367,136,6-3 6-1,3,R16,84,2,0,47,36,23,6,8,2,4,0,2,56,41,16,9,8,5,11
2025-3029,Hersonissos 6,Hard,32,C,O,20251013,19,A829,,,Radu Albot,R,175,MDA,35.921,499,86,C0HB,5,,Eliakim Coulibaly,L,180,CIV,23.441,299,183,6-2 6-4,3,R16,99,2,0,64,42,33,11,9,5,5,3,2,56,37,25,7,9,2,5
2025-3029,Hersonissos 6,Hard,32,C,O,20251013,20,M0SE,,,Maxim Mrva,R,178,CZE,18.198,418,112,S0KT,,,Stefanos Sakellaridis,R,198,GRE,21.081,298,184,7-5 4-6 6-2,3,R16,132,0,2,91,60,39,15,15,3,7,5,5,78,40,25,21,15,2,8
2025-3029,Hersonissos 6,Hard,32,C,O,20251013,21,B0JE,,,Max Basing,R,180,GBR,23.031,481,89,S0EX,,,Hamish Stewart,R,193,GBR,26.207,373,133,7-6(6) 6-1,3,R16,138,0,2,88,61,37,15,9,12,13,5,4,78,44,31,12,10,4,8
2025-3029,Hersonissos 6,Hard,32,C,O,20251013,22,H0DC,,,Giles Hussey,L,185,GBR,28.383,346,144,P0ME,,,Luca Preda,R,201,ROU,19.57,794,32,6-2 4-6 6-3,3,R16,175,2,1,79,41,32,19,14,2,5,0,6,102,66,33,20,13,8,13
2025-3029,Hersonissos 6,Hard,32,C,O,20251013,23,M0NL,,,Inaki Montes-De La Torre,R,178,ESP,23.028,370,136,X01C,,,Ioannis Xilas,R,178,GRE,24.422,530,77,6-3 1-6 6-1,3,R16,163,2,4,84,50,33,16,12,7,11,0,6,86,53,29,17,11,9,14
2025-3029,Hersonissos 6,Hard,32,C,O,20251013,24,W0AH,,,Harry Wendelken,R,178,GBR,23.819,446,99,DB59,,,Dennis Novak,R,183,AUT,32.126,463,93,6-2 3-6 6-1,3,R16,120,5,8,78,37,24,20,12,3,7,3,2,66,38,19,11,12,1,8
2025-3029,Hersonissos 6,Hard,32,C,O,20251013,25,KC33,4,,Dimitar Kuzmanov,R,183,BUL,32.211,258,212,A829,,,Radu Albot,R,175,MDA,35.921,499,86,6-2 7-5,3,QF,131,5,2,70,42,25,13,10,7,11,0,7,79,44,21,14,10,11,18
2025-3029,Hersonissos 6,Hard,32,C,O,20251013,26,M0NL,,,Inaki Montes-De La Torre,R,178,ESP,23.028,370,136,B0JE,,,Max Basing,R,180,GBR,23.031,481,89,6-4 6-1,3,QF,120,1,6,79,45,26,18,8,9,11,0,5,56,35,19,5,9,6,12
2025-3029,Hersonissos 6,Hard,32,C,O,20251013,27,M0SE,,,Maxim Mrva,R,178,CZE,18.198,418,112,H0DC,,,Giles Hussey,L,185,GBR,28.383,346,144,6-1 6-3,3,QF,70,2,3,44,23,17,10,8,1,3,0,2,57,34,17,7,8,7,13
2025-3029,Hersonissos 6,Hard,32,C,O,20251013,28,W0AH,,,Harry Wendelken,R,178,GBR,23.819,446,99,A0F3,,,Fabrizio Andaloro,R,185,ITA,24.698,313,169,6-2 6-0,3,QF,79,2,0,34,17,14,15,7,2,2,4,3,52,32,15,6,7,7,12
2025-3029,Hersonissos 6,Hard,32,C,O,20251013,29,M0SE,,,Maxim Mrva,R,178,CZE,18.198,418,112,KC33,4,,Dimitar Kuzmanov,R,183,BUL,32.211,258,212,6-2 2-6 6-2,3,SF,134,6,3,78,43,26,13,12,4,10,0,2,87,69,28,9,12,6,14
2025-3029,Hersonissos 6,Hard,32,C,O,20251013,30,W0AH,,,Harry Wendelken,R,178,GBR,23.819,446,99,M0NL,,,Inaki Montes-De La Torre,R,178,ESP,23.028,370,136,6-2 6-4,3,SF,121,0,2,60,31,20,17,9,3,4,5,4,73,45,26,11,9,9,13
2025-3029,Hersonissos 6,Hard,32,C,O,20251013,31,W0AH,,,Harry Wendelken,R,178,GBR,23.819,446,99,M0SE,,,Maxim Mrva,R,178,CZE,18.198,418,112,6-4 6-3,3,F,107,1,2,68,38,24,14,9,9,12,3,5,67,34,18,10,10,11,17
2025-2951,Sioux Falls,Hard,32,C,I,20251020,1,TC61,1,,Jordan Thompson,R,183,AUS,31.502,79,772,MP01,,,Michael Mmoh,R,188,USA,27.775,299,178,6-3 6-4,3,R32,88,5,0,60,35,29,12,10,3,4,1,1,51,27,17,13,9,2,5
2025-2951,Sioux Falls,Hard,32,C,I,20251020,2,I0B0,,,Andre Ilagan,L,173,USA,24.925,350,143,H09P,2,,Brandon Holt,R,185,USA,27.54,109,565,4-3 RET,3,R32,35,1,0,21,16,11,3,3,2,2,1,1,22,11,9,5,4,1,2
2025-2951,Sioux Falls,Hard,32,C,I,20251020,3,H0BH,3,,Rinky Hijikata,R,178,AUS,24.654,106,582,P0HT,,,Jack Pinnington Jones,R,180,GBR,22.56,186,299,6-3 6-0,3,R32,60,2,1,35,13,10,16,7,0,1,2,6,54,26,15,9,8,5,11
2025-2951,Sioux Falls,Hard,32,C,I,20251020,4,D0DP,4,,Liam Draxl,R,185,CAN,23.874,122,514,B0NO,,,Darwin Blanch,L,185,USA,18.062,342,148,6-4 6-4,3,R32,91,6,1,68,38,27,19,10,4,5,9,3,70,40,27,14,10,5,8
2025-2951,Sioux Falls,Hard,32,C,I,20251020,5,K0A3,5,,Patrick Kypson,R,188,USA,25.979,166,344,T0GR,,,Oliver Tarvet,R,185,GBR,21.977,369,134,6-2 4-6 6-3,3,R32,155,12,2,102,65,47,18,14,7,9,14,5,89,52,36,17,13,5,9
2025-2951,Sioux Falls,Hard,32,C,I,20251020,6,C0HT,6,,Murphy Cassone,R,188,USA,23.179,239,240,KC12,,,Mitchell Krueger,R,188,USA,31.77,244,228,7-6(5) 3-6 6-2,3,R32,141,10,1,103,66,43,20,14,7,10,11,2,102,68,48,14,15,7,11
2025-2951,Sioux Falls,Hard,32,C,I,20251020,7,M0ON,,,Johannus Monday,L,198,GBR,23.743,238,242,Z0BZ,7,,Michael Zheng,R,188,USA,21.73,181,315,2-6 6-4 6-4,3,R32,111,7,1,79,55,41,10,14,4,8,8,2,91,59,45,10,14,7,11
2025-2951,Sioux Falls,Hard,32,C,I,20251020,8,G0IW,,,Antoine Ghibaudo,R,191,FRA,20.734,398,121,CI14,8,,Jay Clarke,R,183,GBR,27.233,201,277,2-6 6-2 7-5,3,R32,114,4,1,79,52,36,13,14,3,7,5,11,83,43,31,15,14,6,11
2025-2951,Sioux Falls,Hard,32,C,I,20251020,9,A0IA,,,Erik Arutiunian,R,191,BLR,21.002,547,73,Z09F,,,Patrick Zahraj,R,191,GER,26.261,243,232,6-1 6-2,3,R32,55,9,0,41,26,22,11,8,0,0,1,1,43,20,16,6,7,4,8
2025-2951,Sioux Falls,Hard,32,C,I,20251020,10,B0I6,,,Samir Banerjee,R,188,USA,22.051,375,131,M0CW,,,Aidan McHugh,R,180,GBR,25.281,546,73,6-3 6-4,3,R32,109,2,1,59,40,30,14,10,1,1,1,4,91,65,42,9,9,6,8
2025-2951,Sioux Falls,Hard,32,C,I,20251020,11,D0DT,,,Martin Damm,L,203,USA,22.056,208,272,M0C2,,,Dan Martin,R,175,CAN,26.45,460,94,6-2 6-4,3,R32,58,11,1,45,26,24,13,9,0,0,5,1,52,34,23,8,9,2,5
2025-2951,Sioux Falls,Hard,32,C,I,20251020,12,F0CK,,,Andrew Fenty,R,193,USA,25.618,470,92,S0DQ,,,Keegan Smith,R,201,USA,27.326,528,79,4-6 7-6(4) 7-6(3),3,R32,152,6,6,116,75,56,25,17,4,6,12,2,103,72,57,19,17,3,4
2025-2951,Sioux Falls,Hard,32,C,I,20251020,13,J0DZ,,,Rafael Jodar,R,191,ESP,19.091,210,267,P0EA,,,Saba Purtseladze,R,191,GEO,24.167,302,177,6-4 7-5,3,R32,79,5,1,57,33,22,18,11,0,2,3,6,71,40,26,12,11,3,7
2025-2951,Sioux Falls,Hard,32,C,I,20251020,14,M0NP,,,Andres Martin,R,183,USA,24.287,287,189,S0W8,,,Aryan Shah,R,183,IND,19.912,389,124,7-6(5) 1-6 6-3,3,R32,140,5,1,95,70,51,9,14,9,12,5,3,98,54,42,18,14,3,5
2025-2951,Sioux Falls,Hard,32,C,I,20251020,15,PL39,,,Alfredo Perez,R,193,USA,28.413,329,155,K0DB,,,Cannon Kingsley,R,191,USA,24.457,523,81,6-4 6-4,3,R32,79,4,1,67,41,32,14,10,3,3,8,1,53,30,24,12,10,0,2
2025-2951,Sioux Falls,Hard,32,C,I,20251020,16,RH62,,,Mats Rosenkranz,L,193,GER,27.159,300,178,B0F8,,,Justin Boulais,L,183,CAN,24,578,64,6-1 6-4,3,R32,67,9,1,48,32,27,9,9,0,0,1,2,56,36,21,9,8,1,4
2025-2951,Sioux Falls,Hard,32,C,I,20251020,17,TC61,1,,Jordan Thompson,R,183,AUS,31.502,79,772,A0IA,,,Erik Arutiunian,R,191,BLR,21.002,547,73,7-5 7-6(2),3,R16,127,5,1,91,47,36,23,12,6,7,5,4,95,58,39,17,12,10,12
2025-2951,Sioux Falls,Hard,32,C,I,20251020,18,H0BH,3,,Rinky Hijikata,R,178,AUS,24.654,106,582,B0I6,,,Samir Banerjee,R,188,USA,22.051,375,131,7-6(3) 6-2,3,R16,79,4,1,63,40,30,12,10,1,2,6,3,58,34,21,13,10,2,5
2025-2951,Sioux Falls,Hard,32,C,I,20251020,19,M0NP,,,Andres Martin,R,183,USA,24.287,287,189,D0DP,4,,Liam Draxl,R,185,CAN,23.874,122,514,6-1 7-5,3,R16,88,6,0,68,42,28,15,10,5,6,1,3,53,29,18,11,9,3,7
2025-2951,Sioux Falls,Hard,32,C,I,20251020,20,K0A3,5,,Patrick Kypson,R,188,USA,25.979,166,344,J0DZ,,,Rafael Jodar,R,191,ESP,19.091,210,267,6-4 6-4,3,R16,99,4,4,68,37,29,13,10,3,5,4,1,76,42,27,12,10,3,7
2025-2951,Sioux Falls,Hard,32,C,I,20251020,21,RH62,,,Mats Rosenkranz,L,193,GER,27.159,300,178,C0HT,6,,Murphy Cassone,R,188,USA,23.179,239,240,6-0 7-5,3,R16,73,6,3,51,30,27,11,9,1,1,2,2,59,39,22,10,9,3,7
2025-2951,Sioux Falls,Hard,32,C,I,20251020,22,D0DT,,,Martin Damm,L,203,USA,22.056,208,272,I0B0,,,Andre Ilagan,L,173,USA,24.925,350,143,7-6(2) 7-5,3,R16,91,11,1,64,40,33,20,12,0,0,2,3,89,73,51,4,12,8,9
2025-2951,Sioux Falls,Hard,32,C,I,20251020,23,G0IW,,,Antoine Ghibaudo,R,191,FRA,20.734,398,121,F0CK,,,Andrew Fenty,R,193,USA,25.618,470,92,7-5 6-4,3,R16,98,7,1,65,47,32,12,11,2,4,5,3,71,46,30,9,11,5,9
2025-2951,Sioux Falls,Hard,32,C,I,20251020,24,M0ON,,,Johannus Monday,L,198,GBR,23.743,238,242,PL39,,,Alfredo Perez,R,193,USA,28.413,329,155,7-5 6-3,3,R16,81,8,1,64,43,31,13,11,4,5,7,0,54,35,27,7,10,1,4
2025-2951,Sioux Falls,Hard,32,C,I,20251020,25,RH62,,,Mats Rosenkranz,L,193,GER,27.159,300,178,TC61,1,,Jordan Thompson,R,183,AUS,31.502,79,772,7-5 1-0 RET,3,QF,54,7,2,50,31,21,10,7,6,7,7,0,38,19,15,7,6,1,3
2025-2951,Sioux Falls,Hard,32,C,I,20251020,26,K0A3,5,,Patrick Kypson,R,188,USA,25.979,166,344,H0BH,3,,Rinky Hijikata,R,178,AUS,24.654,106,582,6-4 6-4,3,QF,77,4,1,48,34,30,10,10,0,0,6,0,69,47,29,12,10,3,5
2025-2951,Sioux Falls,Hard,32,C,I,20251020,27,G0IW,,,Antoine Ghibaudo,R,191,FRA,20.734,398,121,D0DT,,,Martin Damm,L,203,USA,22.056,208,272,7-6(4) 6-4,3,QF,106,3,3,86,55,36,19,11,3,4,14,4,68,41,31,14,11,2,4
2025-2951,Sioux Falls,Hard,32,C,I,20251020,28,M0ON,,,Johannus Monday,L,198,GBR,23.743,238,242,M0NP,,,Andres Martin,R,183,USA,24.287,287,189,6-3 6-3,3,QF,73,1,2,54,40,32,8,9,1,1,5,2,59,37,21,12,9,1,4
2025-2951,Sioux Falls,Hard,32,C,I,20251020,29,K0A3,5,,Patrick Kypson,R,188,USA,25.979,166,344,G0IW,,,Antoine Ghibaudo,R,191,FRA,20.734,398,121,6-3 6-1,3,SF,62,3,0,39,29,25,7,8,0,0,2,0,50,35,17,8,8,3,7
2025-2951,Sioux Falls,Hard,32,C,I,20251020,30,M0ON,,,Johannus Monday,L,198,GBR,23.743,238,242,RH62,,,Mats Rosenkranz,L,193,GER,27.159,300,178,6-4 7-6(4),3,SF,100,6,2,72,59,41,7,11,3,5,12,3,85,58,39,12,11,7,10
2025-2951,Sioux Falls,Hard,32,C,I,20251020,31,K0A3,5,,Patrick Kypson,R,188,USA,25.979,166,344,M0ON,,,Johannus Monday,L,198,GBR,23.743,238,242,6-7(2) 7-6(4) 7-5,3,F,154,13,0,119,67,56,32,18,6,6,10,1,99,73,61,17,18,0,1
2025-3031,Costa do Sauipe,Clay,32,C,O,20251020,1,N0BS,1,,Mariano Navone,R,178,ARG,24.643,85,735,HF80,,,Hady Habib,R,188,LBN,27.165,170,335,6-4 6-1,3,R32,94,3,1,49,32,21,12,8,0,1,1,5,87,48,27,15,9,8,13
2025-3031,Costa do Sauipe,Clay,32,C,O,20251020,2,C0C8,2,,Juan Manuel Cerundolo,L,183,ARG,23.929,86,727,G0EQ,,,Sebastian Gima,L,0,ROU,23.428,569,66,6-3 7-5,3,R32,106,0,2,67,43,32,12,10,5,6,0,3,73,56,34,7,11,1,5
2025-3031,Costa do Sauipe,Clay,32,C,O,20251020,3,N0AM,3,,Emilio Nava,R,185,USA,23.882,92,682,P0J1,,,Rodrigo Pacheco Mendez,L,191,MEX,20.487,200,277,6-3 6-4,3,R32,81,8,2,59,41,33,10,10,1,1,0,0,57,32,19,17,9,7,9
2025-3031,Costa do Sauipe,Clay,32,C,O,20251020,4,T0A1,4,,Thiago Agustin Tirante,R,185,ARG,24.528,101,639,B0GY,,,Alex Barrena,R,175,ARG,23.028,171,328,7-5 6-7(3) 6-3,3,R32,167,7,3,95,55,40,23,17,3,6,4,3,100,75,48,13,16,2,7
2025-3031,Costa do Sauipe,Clay,32,C,O,20251020,5,TE16,5,,Carlos Taberner,R,183,ESP,28.2,102,620,V821,,,Gonzalo Villanueva,R,175,ARG,30.768,354,140,6-3 3-6 6-4,3,R32,171,1,3,87,49,32,21,14,4,8,4,3,102,64,40,16,14,14,19
2025-3031,Costa do Sauipe,Clay,32,C,O,20251020,6,GD64,6,,Cristian Garin,R,185,CHI,29.391,107,579,O660,,,Genaro Alberto Olivieri,R,175,ARG,27.211,225,251,6-4 6-4,3,R32,113,0,2,58,31,24,16,10,2,3,0,0,62,44,28,6,10,1,4
2025-3031,Costa do Sauipe,Clay,32,C,O,20251020,7,P0DF,,,Matheus Pucinelli De Almeida,R,183,BRA,24.553,316,164,BS86,7,,Tomas Barrios Vera,R,191,CHI,27.86,118,537,7-6(4) 2-6 6-2,3,R32,180,2,4,100,51,28,28,14,5,11,2,3,106,69,41,13,14,2,8
2025-3031,Costa do Sauipe,Clay,32,C,O,20251020,8,B0FV,9,,Roman Andres Burruchaga,R,183,ARG,23.74,128,497,S0T1,,,Joao Eduardo Schiessl,L,180,BRA,21.169,502,86,6-4 6-2,3,R32,78,1,3,45,23,17,14,9,3,5,1,2,54,34,21,6,9,5,10
2025-3031,Costa do Sauipe,Clay,32,C,O,20251020,9,B0FI,,,Pedro Boscardin Dias,R,180,BRA,22.727,296,183,FA43,,,Juan Pablo Ficovich,R,188,ARG,28.736,162,360,6-4 6-2,3,R32,98,6,2,51,32,25,7,9,2,4,1,3,66,36,22,9,9,9,14
2025-3031,Costa do Sauipe,Clay,32,C,O,20251020,10,B0GR,,,Gonzalo Bueno,R,173,PER,21.547,220,259,D0AR,,,Mateus Alves,R,193,BRA,24.739,419,109,6-4 4-6 6-1,3,R32,141,2,1,79,58,39,11,13,3,6,3,2,84,56,35,10,14,2,8
2025-3031,Costa do Sauipe,Clay,32,C,O,20251020,11,CC66,,,Andrea Collarini,L,183,ARG,33.719,285,190,M0WY,,,"Luis ""Guto"" Miguel",R,180,BRA,16.646,1734,2,6-7(2) 7-5 6-2,3,R32,185,1,6,114,75,51,16,16,9,12,3,3,101,67,44,14,16,5,11
2025-3031,Costa do Sauipe,Clay,32,C,O,20251020,12,D0CG,,,Facundo Diaz Acosta,L,183,ARG,24.846,228,247,KH56,,,Zdenek Kolar,R,183,CZE,29.029,231,247,6-0 6-2,3,R32,79,2,2,51,36,28,6,7,4,4,0,2,42,25,12,5,7,2,7
2025-3031,Costa do Sauipe,Clay,32,C,O,20251020,13,H0DU,,,Gustavo Heide,R,191,BRA,23.641,321,161,GJ16,,,Federico Agustin Gomez,R,191,ARG,28.898,207,272,6-2 2-6 6-0,3,R32,143,2,6,95,54,37,19,11,9,11,2,4,74,42,26,15,11,10,15
2025-3031,Costa do Sauipe,Clay,32,C,O,20251020,14,P0IY,,,Juan Carlos Prado Angelo,R,185,BOL,20.624,248,224,MJ08,,,Thiago Monteiro,L,183,BRA,31.389,172,327,7-6(6) 6-1,3,R32,122,5,6,74,48,37,13,10,2,3,4,3,82,51,34,12,9,7,10
2025-3031,Costa do Sauipe,Clay,32,C,O,20251020,15,RH59,,,Santiago Rodriguez Taverna,R,191,ARG,26.264,242,235,R0A7,,,Joao Lucas Reis Da Silva,R,178,BRA,25.569,211,267,6-7(2) 6-4 6-2,3,R32,151,7,2,102,57,39,25,15,4,7,3,2,108,72,41,19,15,9,15
2025-3031,Costa do Sauipe,Clay,32,C,O,20251020,16,V0DP,,,Adolfo Daniel Vallejo,R,183,PAR,21.478,190,291,G0D9,,,Igor Gimenez,R,180,BRA,25.665,565,67,6-0 6-2,3,R32,72,1,3,43,26,20,8,7,3,4,0,1,41,17,5,9,7,2,8
2025-3031,Costa do Sauipe,Clay,32,C,O,20251020,17,N0BS,1,,Mariano Navone,R,178,ARG,24.643,85,735,B0FI,,,Pedro Boscardin Dias,R,180,BRA,22.727,296,183,6-4 6-2,3,R16,95,0,3,58,39,29,7,9,3,6,1,3,57,31,15,8,9,5,11
2025-3031,Costa do Sauipe,Clay,32,C,O,20251020,18,C0C8,2,,Juan Manuel Cerundolo,L,183,ARG,23.929,86,727,H0DU,,,Gustavo Heide,R,191,BRA,23.641,321,161,6-4 6-3,3,R16,106,2,4,60,35,27,9,10,1,4,1,6,51,29,17,9,9,0,5
2025-3031,Costa do Sauipe,Clay,32,C,O,20251020,19,N0AM,3,,Emilio Nava,R,185,USA,23.882,92,682,B0GR,,,Gonzalo Bueno,R,173,PER,21.547,220,259,6-2 6-3,3,R16,72,6,2,44,34,29,7,9,0,0,1,1,48,35,20,5,8,0,3
2025-3031,Costa do Sauipe,Clay,32,C,O,20251020,20,T0A1,4,,Thiago Agustin Tirante,R,185,ARG,24.528,101,639,D0CG,,,Facundo Diaz Acosta,L,183,ARG,24.846,228,247,7-6(3) 6-4,3,R16,115,13,2,63,33,28,20,11,1,2,2,2,65,46,32,10,11,1,3
2025-3031,Costa do Sauipe,Clay,32,C,O,20251020,21,P0IY,,,Juan Carlos Prado Angelo,R,185,BOL,20.624,248,224,TE16,5,,Carlos Taberner,R,183,ESP,28.2,102,620,4-6 6-3 6-4,3,R16,164,6,3,95,60,37,20,15,9,13,5,6,92,67,41,12,14,4,9
2025-3031,Costa do Sauipe,Clay,32,C,O,20251020,22,GD64,6,,Cristian Garin,R,185,CHI,29.391,107,579,CC66,,,Andrea Collarini,L,183,ARG,33.719,285,190,6-1 4-6 6-4,3,R16,122,5,1,78,46,32,18,14,4,7,2,1,67,53,31,9,13,2,7
2025-3031,Costa do Sauipe,Clay,32,C,O,20251020,23,B0FV,9,,Roman Andres Burruchaga,R,183,ARG,23.74,128,497,RH59,,,Santiago Rodriguez Taverna,R,191,ARG,26.264,242,235,7-5 6-7(4) 6-2,3,R16,195,10,4,104,58,44,29,16,3,4,0,2,113,59,39,32,16,4,8
2025-3031,Costa do Sauipe,Clay,32,C,O,20251020,24,V0DP,,,Adolfo Daniel Vallejo,R,183,PAR,21.478,190,291,P0DF,,,Matheus Pucinelli De Almeida,R,183,BRA,24.553,316,164,6-4 6-2,3,R16,94,6,4,62,32,23,18,9,6,7,0,0,49,37,23,3,9,0,4
2025-3031,Costa do Sauipe,Clay,32,C,O,20251020,25,GD64,6,,Cristian Garin,R,185,CHI,29.391,107,579,N0BS,1,,Mariano Navone,R,178,ARG,24.643,85,735,7-6(4) 6-2,3,QF,132,0,5,74,35,19,20,10,3,8,2,2,88,67,30,9,10,7,14
2025-3031,Costa do Sauipe,Clay,32,C,O,20251020,26,B0FV,9,,Roman Andres Burruchaga,R,183,ARG,23.74,128,497,C0C8,2,,Juan Manuel Cerundolo,L,183,ARG,23.929,86,727,6-2 6-3,3,QF,102,2,2,55,32,21,13,9,4,6,1,4,56,28,13,11,8,5,10
2025-3031,Costa do Sauipe,Clay,32,C,O,20251020,27,P0IY,,,Juan Carlos Prado Angelo,R,185,BOL,20.624,248,224,N0AM,3,,Emilio Nava,R,185,USA,23.882,92,682,7-6(2) 6-1,3,QF,104,2,1,73,37,23,25,10,4,5,7,0,65,42,27,9,9,2,5
2025-3031,Costa do Sauipe,Clay,32,C,O,20251020,28,V0DP,,,Adolfo Daniel Vallejo,R,183,PAR,21.478,190,291,T0A1,4,,Thiago Agustin Tirante,R,185,ARG,24.528,101,639,6-4 6-2,3,QF,95,3,3,56,34,28,12,9,3,3,2,1,46,22,15,13,9,0,3
2025-3031,Costa do Sauipe,Clay,32,C,O,20251020,29,V0DP,,,Adolfo Daniel Vallejo,R,183,PAR,21.478,190,291,GD64,6,,Cristian Garin,R,185,CHI,29.391,107,579,6-4 RET,3,SF,66,1,2,26,18,14,4,5,1,2,1,6,53,24,14,13,5,7,9
2025-3031,Costa do Sauipe,Clay,32,C,O,20251020,30,B0FV,9,,Roman Andres Burruchaga,R,183,ARG,23.74,128,497,P0IY,,,Juan Carlos Prado Angelo,R,185,BOL,20.624,248,224,6-2 6-2,3,SF,70,4,1,38,25,21,11,8,0,0,0,3,49,27,15,10,8,2,6
2025-3031,Costa do Sauipe,Clay,32,C,O,20251020,31,B0FV,9,,Roman Andres Burruchaga,R,183,ARG,23.74,128,497,V0DP,,,Adolfo Daniel Vallejo,R,183,PAR,21.478,190,291,6-1 6-2,3,F,77,3,0,46,24,18,13,8,1,2,1,2,48,34,16,6,7,4,9
2025-3033,Suzhou,Hard,32,C,O,20251020,1,N732,1,,Yoshihito Nishioka,L,170,JPN,30.064,152,384,Z0CQ,,,Yi Zhou,R,193,CHN,20.602,270,200,7-5 7-6(1),3,R32,110,4,3,78,46,30,21,12,2,4,4,5,79,50,35,10,12,7,10
2025-3033,Suzhou,Hard,32,C,O,20251020,2,H09F,,,Yu Hsiou Hsu,R,178,TPE,26.552,234,245,W0BH,2,,Coleman Wong,R,191,HKG,21.372,156,375,6-7(4) 6-2 7-6(2),3,R32,146,1,4,120,79,56,17,16,10,13,13,3,112,70,46,20,16,9,14
2025-3033,Suzhou,Hard,32,C,O,20251020,3,A0CJ,,,Duje Ajdukovic,R,188,CRO,24.704,372,132,R0GO,3,,Henrique Rocha,R,180,POR,21.539,161,360,6-7(1) 7-6(6) 6-4,3,R32,138,8,8,109,62,45,23,17,7,11,3,6,103,73,51,13,17,3,8
2025-3033,Suzhou,Hard,32,C,O,20251020,4,M0G4,5,,Harold Mayot,R,180,FRA,23.707,175,323,U134,,,Yasutaka Uchiyama,R,183,JPN,33.207,301,177,6-4 6-7(6) 7-5,3,R32,139,2,3,96,54,39,23,17,1,5,6,6,107,54,38,25,17,4,10
2025-3033,Suzhou,Hard,32,C,O,20251020,5,HG86,,,Lloyd Harris,R,193,RSA,28.652,237,244,KB95,6,,Jason Kubler,R,178,AUS,32.422,185,301,6-3 4-0 RET,3,R32,73,10,0,34,24,20,6,6,1,1,3,4,61,32,19,11,7,6,10
2025-3033,Suzhou,Hard,32,C,O,20251020,6,M0OQ,7,,James McCabe,R,188,AUS,22.294,206,273,J380,,,Jason Jung,R,180,TPE,36.348,1266,6,6-7(4) 6-4 6-2,3,R32,129,11,6,95,55,42,15,15,3,7,0,2,101,67,37,18,15,7,14
2025-3033,Suzhou,Hard,32,C,O,20251020,7,S0O6,,,Ilia Simakin,R,193,RUS,21.982,254,215,SY67,8,,Sho Shimabukuro,R,180,JPN,28.225,195,285,7-5 3-2 RET,3,R32,70,0,0,51,32,21,13,8,3,4,1,3,54,27,14,17,9,0,3
2025-3033,Suzhou,Hard,32,C,O,20251020,8,S0AQ,9,,Yuta Shimizu,L,163,JPN,26.366,216,262,SX90,,,Fajing Sun,R,178,CHN,29.046,250,220,5-7 6-4 6-4,3,R32,159,2,5,100,67,44,15,16,5,10,0,0,120,71,42,22,16,9,15
2025-3033,Suzhou,Hard,32,C,O,20251020,9,SN54,,,Frederico Ferreira Silva,L,178,POR,30.593,245,227,Z0C3,,,Maxim Zhukov,R,180,RUS,20.72,488,89,6-7(5) 6-3 6-3,3,R32,183,4,4,105,58,41,25,15,7,10,4,8,122,70,42,24,15,16,22
2025-3033,Suzhou,Hard,32,C,O,20251020,10,H0J1,,,Naoya Honda,R,175,JPN,19.6,799,32,M0BW,,,Ye Cong Mo,R,183,CHN,25.317,662,50,6-3 6-1,3,R32,60,5,0,42,22,17,13,8,3,4,3,6,50,28,15,6,8,1,6
2025-3033,Suzhou,Hard,32,C,O,20251020,11,H0B5,,,Tsung-Hao Huang,R,173,TPE,25.911,489,89,J0B5,,,Garrett Johns,R,180,USA,24.841,288,189,7-6(6) 7-6(2),3,R32,127,1,2,100,66,43,14,12,7,12,5,2,91,57,36,13,12,5,10
2025-3033,Suzhou,Hard,32,C,O,20251020,12,K0DE,,,Takuya Kumasaka,R,175,JPN,27.023,527,79,J553,,,Omar Jasika,L,183,AUS,28.424,286,189,7-5 6-4,3,R32,104,2,1,66,43,25,14,11,1,4,2,2,69,41,23,13,11,5,10
2025-3033,Suzhou,Hard,32,C,O,20251020,13,TF58,,,Yusuke Takahashi,R,170,JPN,28.008,440,101,C0AJ,,,Jie Cui,R,183,CHN,27.737,315,168,6-7(7) 6-4 5-4 RET,3,R32,190,3,1,112,77,45,22,16,7,11,2,4,101,65,43,15,15,1,6
2025-3033,Suzhou,Hard,32,C,O,20251020,14,TD55,,,Renta Tokuda,R,178,JPN,27.562,327,157,F0A3,,,Sergey Fomin,R,180,UZB,24.715,465,93,6-4 6-1,3,R32,73,2,0,48,29,22,12,8,4,5,0,2,57,31,18,10,9,4,9
2025-3033,Suzhou,Hard,32,C,O,20251020,15,W741,,,Aoran Wang,R,191,CHN,28.704,901,21,TG30,,,Rigele Te,R,188,CHN,28.03,634,55,4-6 7-6(8) 6-2,3,R32,122,19,7,107,63,48,20,15,5,8,7,2,89,41,28,30,15,6,10
2025-3033,Suzhou,Hard,32,C,O,20251020,16,W857,,,Tung-Lin Wu,R,188,TPE,27.441,529,79,SR81,,,Khumoyun Sultanov,R,180,UZB,26.982,395,122,7-5 6-3,3,R32,121,5,0,83,51,32,17,10,6,8,4,2,78,50,28,12,11,5,10
2025-3033,Suzhou,Hard,32,C,O,20251020,17,N732,1,,Yoshihito Nishioka,L,170,JPN,30.064,152,384,TD55,,,Renta Tokuda,R,178,JPN,27.562,327,157,6-2 6-2,3,R16,75,4,0,60,34,24,15,8,6,6,1,0,55,36,18,9,8,7,11
2025-3033,Suzhou,Hard,32,C,O,20251020,18,M0G4,5,,Harold Mayot,R,180,FRA,23.707,175,323,H0J1,,,Naoya Honda,R,175,JPN,19.6,799,32,6-0 3-0 RET,3,R16,36,2,0,23,15,12,5,4,0,0,1,2,26,10,3,3,5,0,5
2025-3033,Suzhou,Hard,32,C,O,20251020,19,M0OQ,7,,James McCabe,R,188,AUS,22.294,206,273,W857,,,Tung-Lin Wu,R,188,TPE,27.441,529,79,2-6 6-3 6-2,3,R16,118,5,1,72,42,32,18,13,4,6,1,1,86,60,38,12,12,1,4
2025-3033,Suzhou,Hard,32,C,O,20251020,20,S0AQ,9,,Yuta Shimizu,L,163,JPN,26.366,216,262,K0DE,,,Takuya Kumasaka,R,175,JPN,27.023,527,79,6-0 5-7 7-6(4),3,R16,165,2,5,116,76,49,18,15,5,9,0,3,97,65,37,15,15,4,10
2025-3033,Suzhou,Hard,32,C,O,20251020,21,A0CJ,,,Duje Ajdukovic,R,188,CRO,24.704,372,132,TF58,,,Yusuke Takahashi,R,170,JPN,28.008,440,101,6-3 7-5,3,R16,82,6,4,71,40,28,18,10,6,7,3,1,51,34,24,10,11,1,5
2025-3033,Suzhou,Hard,32,C,O,20251020,22,SN54,,,Frederico Ferreira Silva,L,178,POR,30.593,245,227,S0O6,,,Ilia Simakin,R,193,RUS,21.982,254,215,7-5 6-2,3,R16,88,0,3,57,37,28,8,10,0,2,4,4,75,39,26,11,10,8,13
2025-3033,Suzhou,Hard,32,C,O,20251020,23,HG86,,,Lloyd Harris,R,193,RSA,28.652,237,244,H0B5,,,Tsung-Hao Huang,R,173,TPE,25.911,489,89,4-6 6-2 6-3,3,R16,104,6,2,74,54,38,3,13,5,10,2,2,81,49,22,18,14,1,9
2025-3033,Suzhou,Hard,32,C,O,20251020,24,H09F,,,Yu Hsiou Hsu,R,178,TPE,26.552,234,245,W741,,,Aoran Wang,R,191,CHN,28.704,901,21,6-1 6-4,3,R16,64,1,1,45,32,28,9,9,0,0,6,2,47,22,16,10,8,3,6
2025-3033,Suzhou,Hard,32,C,O,20251020,25,N732,1,,Yoshihito Nishioka,L,170,JPN,30.064,152,384,SN54,,,Frederico Ferreira Silva,L,178,POR,30.593,245,227,7-6(8) 6-3,3,QF,109,6,2,69,41,32,17,11,0,2,4,0,60,43,29,10,10,1,4
2025-3033,Suzhou,Hard,32,C,O,20251020,26,M0G4,5,,Harold Mayot,R,180,FRA,23.707,175,323,S0AQ,9,,Yuta Shimizu,L,163,JPN,26.366,216,262,6-4 6-2,3,QF,78,5,2,53,31,21,15,9,1,2,2,2,76,47,26,13,9,8,12
2025-3033,Suzhou,Hard,32,C,O,20251020,27,H09F,,,Yu Hsiou Hsu,R,178,TPE,26.552,234,245,M0OQ,7,,James McCabe,R,188,AUS,22.294,206,273,6-4 6-0,3,QF,66,0,2,41,28,23,6,8,0,1,3,3,49,26,16,6,8,1,6
2025-3033,Suzhou,Hard,32,C,O,20251020,28,A0CJ,,,Duje Ajdukovic,R,188,CRO,24.704,372,132,HG86,,,Lloyd Harris,R,193,RSA,28.652,237,244,3-6 6-4 6-4,3,QF,112,5,2,94,53,38,21,15,3,6,12,2,75,52,41,7,14,0,3
2025-3033,Suzhou,Hard,32,C,O,20251020,29,N732,1,,Yoshihito Nishioka,L,170,JPN,30.064,152,384,A0CJ,,,Duje Ajdukovic,R,188,CRO,24.704,372,132,7-5 6-4,3,SF,98,3,1,62,37,25,18,11,2,4,6,6,82,46,30,14,11,8,12
2025-3033,Suzhou,Hard,32,C,O,20251020,30,M0G4,5,,Harold Mayot,R,180,FRA,23.707,175,323,H09F,,,Yu Hsiou Hsu,R,178,TPE,26.552,234,245,6-4 6-2,3,SF,86,6,2,65,37,29,11,9,3,4,0,4,64,42,24,10,9,9,13
2025-3033,Suzhou,Hard,32,C,O,20251020,31,N732,1,,Yoshihito Nishioka,L,170,JPN,30.064,152,384,M0G4,5,,Harold Mayot,R,180,FRA,23.707,175,323,6-4 6-4,3,F,78,1,0,59,36,23,16,10,0,1,4,2,54,37,23,11,10,5,8
2025-7341,Brest,Hard,32,C,I,20251020,1,Z0A1,,,Giulio Zeppieri,L,183,ITA,23.869,157,375,DB63,1,,Laslo Djere,R,188,SRB,30.385,84,738,6-3 3-6 7-6(5),3,R32,118,11,1,101,76,55,11,15,3,5,9,0,87,68,49,13,15,2,4
2025-7341,Brest,Hard,32,C,I,20251020,2,GK06,,,Alexis Galarneau,R,180,CAN,26.637,187,298,N0BG,2,,Luca Nardi,R,185,ITA,22.207,83,747,6-4 6-1,3,R32,78,3,0,55,34,21,13,9,2,4,1,4,50,27,14,9,8,1,6
2025-7341,Brest,Hard,32,C,I,20251020,3,G09O,,,Hugo Gaston,L,173,FRA,25.065,113,553,HB48,,,Calvin Hemery,R,191,FRA,30.727,219,259,6-1 7-6(6),3,R32,75,6,1,66,44,33,11,10,2,3,5,1,61,47,28,6,9,3,6
2025-7341,Brest,Hard,32,C,I,20251020,4,S0JA,5,,Eliot Spizzirri,R,185,USA,23.825,103,618,F0BT,,,Jonas Forejtek,R,183,CZE,24.613,455,96,3-6 7-6(3) 6-3,3,R32,126,8,1,81,61,47,12,14,0,1,9,1,91,52,43,19,16,5,7
2025-7341,Brest,Hard,32,C,I,20251020,5,T09X,,,Clement Tabur,R,173,FRA,25.739,261,208,V0AM,6,,Otto Virtanen,R,193,FIN,24.331,120,524,4-6 7-6(5) 7-6(3),3,R32,165,6,4,108,73,53,16,17,6,11,22,1,128,79,53,25,17,7,11
2025-7341,Brest,Hard,32,C,I,20251020,6,P0CT,8,,Francesco Passaro,R,180,ITA,24.783,139,462,F0F2,,,Jaime Faria,R,188,POR,22.207,127,501,6-3 3-6 6-3,3,R32,106,20,6,96,59,47,17,14,8,9,14,4,75,43,34,16,13,2,4
2025-7341,Brest,Hard,32,C,I,20251020,7,A09T,,,Dan Added,R,183,FRA,26.522,217,260,TA29,9,,Marco Trungelliti,R,178,ARG,35.718,140,458,7-5 6-3,3,R32,89,2,2,57,29,24,15,10,3,4,6,5,73,43,28,14,11,4,8
2025-7341,Brest,Hard,32,C,I,20251020,8,B0ER,,,Arthur Bouquier,R,188,FRA,24.819,230,247,EA13,,,Moez Echargui,R,178,TUN,32.775,144,446,6-4 6-2,3,R32,68,8,2,51,32,28,11,9,4,4,5,0,47,27,20,9,9,0,3
2025-7341,Brest,Hard,32,C,I,20251020,9,F0DM,,,Arthur Fery,R,175,GBR,23.274,214,264,S0ZE,,,Colton Smith,R,183,USA,22.628,136,478,4-6 6-4 6-1,3,R32,99,2,1,74,45,33,23,14,1,2,5,0,74,52,38,11,13,3,6
2025-7341,Brest,Hard,32,C,I,20251020,10,GF95,,,Hugo Grenier,R,196,FRA,29.577,176,323,PJ74,,,Lucas Poullain,R,175,FRA,29.875,381,128,7-5 6-4,3,R32,114,15,2,92,56,40,14,11,13,15,2,0,60,40,24,12,11,4,8
2025-7341,Brest,Hard,32,C,I,20251020,11,G0GW,,,Sascha Gueymard Wayenburg,R,191,FRA,22.22,226,248,V0DZ,,,Luca Van Assche,R,178,FRA,21.443,165,347,6-1 7-6(5),3,R32,90,4,2,77,49,34,17,10,4,5,3,4,60,39,27,8,9,2,5
2025-7341,Brest,Hard,32,C,I,20251020,12,H09N,,,August Holmgren,R,188,DEN,27.496,168,338,CG33,,,Kimmer Coppejans,R,178,BEL,31.699,183,308,6-2 6-3,3,R32,55,14,2,42,33,31,5,9,0,0,5,1,46,34,22,5,8,2,5
2025-7341,Brest,Hard,32,C,I,20251020,13,L0GH,,,Mark Lajal,R,191,EST,22.442,147,429,V717,,,Alexey Vatutin,R,178,RUS,32.98,384,126,2-6 7-6(3) 6-4,3,R32,151,12,2,100,64,41,17,15,10,15,3,5,101,61,42,17,15,10,14
2025-7341,Brest,Hard,32,C,I,20251020,14,M0IF,,,Francesco Maestrelli,R,196,ITA,22.831,153,384,W0AH,,,Harry Wendelken,R,178,GBR,23.838,341,149,6-7(3) 6-4 6-2,3,R32,130,23,0,91,72,55,8,15,3,4,4,3,88,55,42,15,15,2,6
2025-7341,Brest,Hard,32,C,I,20251020,15,M0TO,,,Mae Malige,R,173,FRA,19.562,434,103,S0UV,,,Rei Sakamoto,R,193,JPN,19.324,177,322,7-5 6-1,3,R32,81,3,0,57,36,28,14,10,0,0,3,1,58,31,21,12,9,1,4
2025-7341,Brest,Hard,32,C,I,20251020,16,RH24,,,Emil Ruusuvuori,R,188,FIN,26.552,612,58,SS25,,,Vitaliy Sachko,R,188,UKR,28.268,218,259,6-4 6-4,3,R32,66,13,2,60,40,34,9,10,3,3,1,1,51,33,25,10,10,0,2
2025-7341,Brest,Hard,32,C,I,20251020,17,G09O,,,Hugo Gaston,L,173,FRA,25.065,113,553,M0IF,,,Francesco Maestrelli,R,196,ITA,22.831,153,384,7-6(5) 6-1,3,R16,92,5,0,77,50,39,13,10,4,5,4,4,63,40,28,10,9,3,6
2025-7341,Brest,Hard,32,C,I,20251020,18,S0JA,5,,Eliot Spizzirri,R,185,USA,23.825,103,618,L0GH,,,Mark Lajal,R,191,EST,22.442,147,429,3-6 6-1 6-3,3,R16,116,7,2,76,56,38,12,12,4,6,7,3,84,53,33,14,13,7,12
2025-7341,Brest,Hard,32,C,I,20251020,19,P0CT,8,,Francesco Passaro,R,180,ITA,24.783,139,462,RH24,,,Emil Ruusuvuori,R,188,FIN,26.552,612,58,7-6(3) 6-7(6) 7-6(6),3,R16,135,25,0,111,73,62,23,18,0,0,21,8,113,76,62,21,18,2,2
2025-7341,Brest,Hard,32,C,I,20251020,20,A09T,,,Dan Added,R,183,FRA,26.522,217,260,G0GW,,,Sascha Gueymard Wayenburg,R,191,FRA,22.22,226,248,6-3 4-6 6-3,3,R16,108,8,5,82,50,41,15,14,3,5,5,1,89,58,38,14,14,5,9
2025-7341,Brest,Hard,32,C,I,20251020,21,F0DM,,,Arthur Fery,R,175,GBR,23.274,214,264,GF95,,,Hugo Grenier,R,196,FRA,29.577,176,323,4-6 6-4 7-5,3,R16,141,6,2,91,60,43,22,16,1,3,15,4,117,78,55,17,16,7,10
2025-7341,Brest,Hard,32,C,I,20251020,22,GK06,,,Alexis Galarneau,R,180,CAN,26.637,187,298,B0ER,,,Arthur Bouquier,R,188,FRA,24.819,230,247,6-3 5-7 6-4,3,R16,128,6,4,95,67,46,18,16,8,10,11,4,78,57,44,10,15,3,6
2025-7341,Brest,Hard,32,C,I,20251020,23,T09X,,,Clement Tabur,R,173,FRA,25.739,261,208,M0TO,,,Mae Malige,R,173,FRA,19.562,434,103,6-0 6-3,3,R16,70,2,2,46,33,24,8,7,4,4,1,4,55,35,16,9,8,6,11
2025-7341,Brest,Hard,32,C,I,20251020,24,Z0A1,,,Giulio Zeppieri,L,183,ITA,23.869,157,375,H09N,,,August Holmgren,R,188,DEN,27.496,168,338,6-3 6-2,3,R16,64,11,2,58,36,28,13,9,2,2,6,2,41,23,14,11,8,1,4
2025-7341,Brest,Hard,32,C,I,20251020,25,G09O,,,Hugo Gaston,L,173,FRA,25.065,113,553,F0DM,,,Arthur Fery,R,175,GBR,23.274,214,264,7-6(3) 7-5,3,QF,91,1,0,68,45,36,14,12,1,3,6,0,77,45,33,15,12,7,10
2025-7341,Brest,Hard,32,C,I,20251020,26,S0JA,5,,Eliot Spizzirri,R,185,USA,23.825,103,618,Z0A1,,,Giulio Zeppieri,L,183,ITA,23.869,157,375,5-7 7-6(8) 7-6(4),3,QF,153,15,2,120,85,64,23,18,3,4,20,1,108,71,57,26,18,2,2
2025-7341,Brest,Hard,32,C,I,20251020,27,P0CT,8,,Francesco Passaro,R,180,ITA,24.783,139,462,A09T,,,Dan Added,R,183,FRA,26.522,217,260,7-6(5) 7-6(2),3,QF,106,14,2,72,49,42,13,12,2,3,6,1,88,55,40,17,12,4,5
2025-7341,Brest,Hard,32,C,I,20251020,28,GK06,,,Alexis Galarneau,R,180,CAN,26.637,187,298,T09X,,,Clement Tabur,R,173,FRA,25.739,261,208,6-4 3-6 6-3,3,QF,139,3,2,90,58,41,15,14,3,6,11,1,90,65,47,8,14,9,13
2025-7341,Brest,Hard,32,C,I,20251020,29,G09O,,,Hugo Gaston,L,173,FRA,25.065,113,553,GK06,,,Alexis Galarneau,R,180,CAN,26.637,187,298,6-4 3-6 6-4,3,SF,124,1,1,88,55,40,18,14,6,8,4,3,92,69,42,13,15,8,11
2025-7341,Brest,Hard,32,C,I,20251020,30,S0JA,5,,Eliot Spizzirri,R,185,USA,23.825,103,618,P0CT,8,,Francesco Passaro,R,180,ITA,24.783,139,462,7-6(11) 6-3,3,SF,91,9,0,74,45,38,17,11,1,1,13,3,64,38,32,13,10,0,1
2025-7341,Brest,Hard,32,C,I,20251020,31,G09O,,,Hugo Gaston,L,173,FRA,25.065,113,553,S0JA,5,,Eliot Spizzirri,R,185,USA,23.825,103,618,2-6 6-2 6-1,3,F,98,5,1,64,42,32,13,12,0,2,4,2,71,44,33,10,11,3,7
2025-8297,Hamburg,Clay,32,C,I,20251020,1,GG65,,,Michael Geerts,R,178,BEL,30.757,324,160,M0N7,1,,Daniel Merida,R,188,ESP,21.065,169,336,7-5 2-6 7-6(3),3,R32,138,7,1,113,67,46,24,16,9,13,8,1,92,60,36,23,16,2,5
2025-8297,Hamburg,Clay,32,C,I,20251020,2,R0E0,2,,Chris Rodesch,R,198,LUX,24.257,191,290,M0SE,,,Maxim Mrva,R,178,CZE,18.218,356,137,4-6 7-6(3) 6-4,3,R32,123,7,4,105,69,45,20,16,2,5,3,5,103,56,37,26,16,3,6
2025-8297,Hamburg,Clay,32,C,I,20251020,3,S0AK,,,Henri Squire,R,196,GER,25.062,263,206,O0A2,3,,Gauthier Onclin,R,180,BEL,24.646,205,274,6-4 6-0,3,R32,75,5,1,48,32,24,11,8,3,4,3,1,59,37,17,10,8,6,11
2025-8297,Hamburg,Clay,32,C,I,20251020,4,E0DD,4,,Justin Engel,R,185,GER,18.053,235,245,J0CU,,,Sander Jong,R,180,NED,25.424,1774,1,7-6(4) 7-6(10),3,R32,109,6,2,76,50,43,19,12,2,2,15,4,95,52,43,24,12,5,5
2025-8297,Hamburg,Clay,32,C,I,20251020,5,L0CF,5,,George Loffhagen,R,188,GBR,24.504,215,264,T0FI,,,Marko Topo,R,185,GER,22.103,258,209,6-7(10) 7-5 6-1,3,R32,153,12,4,109,69,59,19,16,2,3,5,4,104,64,45,24,15,3,7
2025-8297,Hamburg,Clay,32,C,I,20251020,6,C0NB,6,,Federico Cina,R,185,ITA,18.56,227,247,K0HG,,,Milos Karol,R,198,SVK,22.853,377,131,7-6(5) 5-7 6-4,3,R32,129,5,4,112,81,59,13,17,7,10,15,3,101,64,47,20,17,2,5
2025-8297,Hamburg,Clay,32,C,I,20251020,7,M0HT,7,,Alejandro Moro Canas,R,183,ESP,24.868,256,213,O663,,,Jannik Opitz,L,193,GER,27.515,2030,1,4-6 7-6(3) 6-2,3,R32,118,4,2,84,62,50,13,15,2,3,14,4,97,65,50,15,15,5,7
2025-8297,Hamburg,Clay,32,C,I,20251020,8,D0L3,8,,Matej Dodig,R,188,CRO,20.255,255,214,C0HB,,,Eliakim Coulibaly,L,180,CIV,23.461,289,187,6-4 6-3,3,R32,71,5,1,49,40,30,5,9,0,1,4,5,65,38,25,10,10,6,10
2025-8297,Hamburg,Clay,32,C,I,20251020,9,E0AC,,,Mathys Erhard,R,188,FRA,23.984,323,160,N731,,,Christoph Negritu,R,193,GER,31.584,309,173,6-4 6-2,3,R32,77,4,3,59,44,36,5,9,1,1,2,1,55,31,20,12,9,1,4
2025-8297,Hamburg,Clay,32,C,I,20251020,10,G0CV,,,Buvaysar Gadamauri,R,180,BEL,25.279,603,60,A0AB,,,Adrian Andreev,R,175,BUL,24.441,791,32,6-3 6-4,3,R32,85,8,4,67,39,32,13,10,4,5,2,3,68,44,26,11,9,5,8
2025-8297,Hamburg,Clay,32,C,I,20251020,11,G0IB,,,Tom Gentzsch,R,191,GER,22.125,284,191,B0OV,,,Petr Brunclik,L,188,CZE,19.261,378,130,6-1 6-2,3,R32,57,7,2,50,33,25,10,8,4,4,2,5,39,18,8,10,7,1,5
2025-8297,Hamburg,Clay,32,C,I,20251020,12,G0BY,,,Daniil Glinka,L,188,EST,25.44,274,199,V09T,,,Pedro Vives Marcos,R,178,ESP,24.52,517,82,6-4 6-1,3,R32,69,9,0,49,38,29,7,8,5,5,6,2,56,34,23,6,9,3,7
2025-8297,Hamburg,Clay,32,C,I,20251020,13,KC33,,,Dimitar Kuzmanov,R,183,BUL,32.23,249,222,P0O9,,,Mika Petkovic,R,180,GER,18.809,800,32,2-6 6-2 6-4,3,R32,115,7,2,82,54,40,7,13,3,7,3,3,71,45,30,10,13,4,9
2025-8297,Hamburg,Clay,32,C,I,20251020,14,M19T,,,Jamie Mackenzie,R,180,GER,17.763,1217,7,F0A4,,,Francesco Forti,R,188,ITA,26.237,679,46,6-2 6-3,3,R32,52,7,0,38,27,26,7,8,0,0,2,2,49,36,21,5,9,3,7
2025-8297,Hamburg,Clay,32,C,I,20251020,15,MW76,,,Matteo Martineau,R,183,FRA,26.76,322,161,M0BN,,,Marvin Moeller,R,178,GER,26.754,458,95,6-3 6-1,3,R32,65,6,2,54,43,31,3,8,6,7,0,2,42,30,16,2,8,0,5
2025-8297,Hamburg,Clay,32,C,I,20251020,16,SK94,,,Cedrik-Marcel Stebe,L,180,GER,35.031,435,102,M0XQ,,,Niels McDonald,R,191,GER,17.733,1061,12,6-4 6-4,3,R32,78,6,3,55,37,28,10,10,4,6,3,6,70,54,32,6,10,3,7
2025-8297,Hamburg,Clay,32,C,I,20251020,17,G0IB,,,Tom Gentzsch,R,191,GER,22.125,284,191,R0E0,2,,Chris Rodesch,R,198,LUX,24.257,191,290,5-7 3-1 RET,3,R16,66,11,3,49,37,29,7,8,6,7,7,1,56,42,29,8,8,5,6
2025-8297,Hamburg,Clay,32,C,I,20251020,18,E0DD,4,,Justin Engel,R,185,GER,18.053,235,245,SK94,,,Cedrik-Marcel Stebe,L,180,GER,35.031,435,102,2-6 6-3 7-6(3),3,R16,127,3,0,89,56,43,18,15,2,4,7,4,96,50,39,24,14,9,10
2025-8297,Hamburg,Clay,32,C,I,20251020,19,L0CF,5,,George Loffhagen,R,188,GBR,24.504,215,264,G0BY,,,Daniil Glinka,L,188,EST,25.44,274,199,W/O,3,R16,,,,,,,,,,,,,,,,,,,
2025-8297,Hamburg,Clay,32,C,I,20251020,20,C0NB,6,,Federico Cina,R,185,ITA,18.56,227,247,KC33,,,Dimitar Kuzmanov,R,183,BUL,32.23,249,222,6-4 6-1,3,R16,60,11,0,49,42,30,5,8,3,3,2,1,51,32,16,10,9,1,5
2025-8297,Hamburg,Clay,32,C,I,20251020,21,M0HT,7,,Alejandro Moro Canas,R,183,ESP,24.868,256,213,E0AC,,,Mathys Erhard,R,188,FRA,23.984,323,160,7-6(4) 6-4,3,R16,128,3,3,74,52,35,10,11,7,9,4,1,80,49,35,9,11,3,6
2025-8297,Hamburg,Clay,32,C,I,20251020,22,D0L3,8,,Matej Dodig,R,188,CRO,20.255,255,214,M19T,,,Jamie Mackenzie,R,180,GER,17.763,1217,7,6-1 6-7(5) 6-3,3,R16,114,16,3,99,67,51,18,15,5,6,7,2,92,50,40,15,13,6,10
2025-8297,Hamburg,Clay,32,C,I,20251020,23,G0CV,,,Buvaysar Gadamauri,R,180,BEL,25.279,603,60,GG65,,,Michael Geerts,R,178,BEL,30.757,324,160,7-5 6-3,3,R16,93,7,0,73,44,33,17,11,2,2,3,1,66,40,27,14,10,6,8
2025-8297,Hamburg,Clay,32,C,I,20251020,24,S0AK,,,Henri Squire,R,196,GER,25.062,263,206,MW76,,,Matteo Martineau,R,183,FRA,26.76,322,161,7-6(2) 6-4,3,R16,92,12,0,77,53,42,11,11,3,4,9,0,71,50,35,11,11,3,5
2025-8297,Hamburg,Clay,32,C,I,20251020,25,E0DD,4,,Justin Engel,R,185,GER,18.053,235,245,D0L3,8,,Matej Dodig,R,188,CRO,20.255,255,214,4-6 7-6(4) 7-6(5),3,QF,137,9,2,119,78,58,21,17,11,13,16,4,104,67,56,21,17,0,1
2025-8297,Hamburg,Clay,32,C,I,20251020,26,L0CF,5,,George Loffhagen,R,188,GBR,24.504,215,264,S0AK,,,Henri Squire,R,196,GER,25.062,263,206,6-4 7-6(5),3,QF,77,17,2,58,36,29,17,11,0,1,12,2,60,45,36,5,11,0,2
2025-8297,Hamburg,Clay,32,C,I,20251020,27,C0NB,6,,Federico Cina,R,185,ITA,18.56,227,247,G0IB,,,Tom Gentzsch,R,191,GER,22.125,284,191,6-2 6-2,3,QF,69,2,1,66,44,28,12,8,5,6,2,1,46,29,17,4,8,6,11
2025-8297,Hamburg,Clay,32,C,I,20251020,28,M0HT,7,,Alejandro Moro Canas,R,183,ESP,24.868,256,213,G0CV,,,Buvaysar Gadamauri,R,180,BEL,25.279,603,60,1-6 6-3 7-5,3,QF,130,3,2,88,60,41,14,14,5,8,5,0,77,51,35,17,14,1,4
2025-8297,Hamburg,Clay,32,C,I,20251020,29,E0DD,4,,Justin Engel,R,185,GER,18.053,235,245,M0HT,7,,Alejandro Moro Canas,R,183,ESP,24.868,256,213,7-6(3) 6-4,3,SF,107,8,2,70,44,34,13,11,0,2,2,0,71,49,30,13,11,3,6
2025-8297,Hamburg,Clay,32,C,I,20251020,30,C0NB,6,,Federico Cina,R,185,ITA,18.56,227,247,L0CF,5,,George Loffhagen,R,188,GBR,24.504,215,264,7-6(5) 6-4,3,SF,96,8,2,78,55,41,10,11,5,7,11,6,73,46,34,11,11,1,4
2025-8297,Hamburg,Clay,32,C,I,20251020,31,E0DD,4,,Justin Engel,R,185,GER,18.053,235,245,C0NB,6,,Federico Cina,R,185,ITA,18.56,227,247,7-5 7-6(4),3,F,90,11,2,67,41,34,17,12,1,2,10,1,77,58,39,11,12,3,5
2025-3035,Monastir,Clay,32,C,O,20251027,1,M0N1,1,,Luka Mikrut,R,188,CRO,21.53,160,366,DF92,,,Corentin Denolly,L,188,FRA,28.392,357,138,6-0 6-1,3,R32,59,1,2,35,23,22,6,7,0,0,0,2,49,30,14,6,6,7,12
2025-3035,Monastir,Clay,32,C,O,20251027,2,A09Q,,,Mert Alkaya,R,178,TUR,25.369,514,81,CG33,2,,Kimmer Coppejans,R,178,BEL,31.718,186,297,4-6 6-3 6-3,3,R32,114,4,2,72,44,36,12,14,4,7,3,2,86,48,28,20,14,4,9
2025-3035,Monastir,Clay,32,C,O,20251027,3,C0P0,,,Sergio Callejon Hernando,R,175,ESP,21.112,591,62,O0A2,3,,Gauthier Onclin,R,180,BEL,24.665,219,261,6-3 6-3,3,R32,78,1,0,49,28,22,10,9,0,2,2,2,49,25,12,10,9,5,10
2025-3035,Monastir,Clay,32,C,O,20251027,4,GA79,,,Lorenzo Giustino,R,180,ITA,34.13,269,200,L0CF,4,,George Loffhagen,R,188,GBR,24.523,200,278,6-4 6-4,3,R32,98,7,3,74,46,33,15,10,8,9,5,6,64,41,31,8,10,4,7
2025-3035,Monastir,Clay,32,C,O,20251027,5,A09T,5,,Dan Added,R,183,FRA,26.541,211,271,E0AC,,,Mathys Erhard,R,188,FRA,24.003,311,170,7-5 6-4,3,R32,99,3,2,62,30,25,20,11,4,5,2,2,63,42,28,9,11,3,6
2025-3035,Monastir,Clay,32,C,O,20251027,6,G0IX,6,,Arthur Gea,R,180,FRA,20.816,234,245,C0OW,,,Lorenzo Carboni,R,168,ITA,19.663,432,105,7-5 7-6(4),3,R32,108,5,1,72,49,32,11,12,3,7,0,1,68,46,28,11,12,0,5
2025-3035,Monastir,Clay,32,C,O,20251027,7,S0O6,7,,Ilia Simakin,R,193,RUS,22.001,276,196,H0CX,,,Max Houkes,L,188,NED,25.317,272,197,6-2 6-3,3,R32,78,2,5,57,36,29,10,9,7,8,4,2,58,40,21,7,8,6,10
2025-3035,Monastir,Clay,32,C,O,20251027,8,M0HT,8,,Alejandro Moro Canas,R,183,ESP,24.887,245,226,H0DC,,,Giles Hussey,L,185,GBR,28.422,334,151,6-4 7-5,3,R32,98,2,3,58,32,23,17,11,0,2,3,1,66,46,31,7,11,3,7
2025-3035,Monastir,Clay,32,C,O,20251027,9,A0AB,,,Adrian Andreev,R,175,BUL,24.46,813,30,T09X,,,Clement Tabur,R,173,FRA,25.758,244,226,6-7(11) 6-3 6-4,3,R32,212,2,0,132,88,57,25,16,9,11,3,4,138,82,53,27,15,6,10
2025-3035,Monastir,Clay,32,C,O,20251027,10,BU70,,,Remy Bertola,R,175,SUI,27.157,243,227,F0A4,,,Francesco Forti,R,188,ITA,26.256,677,46,6-4 6-7(2) 7-5,3,R32,164,9,7,109,52,40,30,17,8,11,11,5,136,95,60,19,17,9,14
2025-3035,Monastir,Clay,32,C,O,20251027,11,B0OV,,,Petr Brunclik,L,188,CZE,19.28,379,130,MW76,,,Matteo Martineau,R,183,FRA,26.779,319,158,7-6(5) 6-3,3,R32,109,3,4,88,60,42,18,11,3,3,7,4,74,54,41,9,10,4,5
2025-3035,Monastir,Clay,32,C,O,20251027,12,C0HB,,,Eliakim Coulibaly,L,180,CIV,23.48,289,187,B0UY,,,Anas Bennour Dit Sahli,R,,TUN,18.984,1354,5,6-2 6-0,3,R32,67,3,2,41,28,21,9,7,1,1,3,5,50,28,14,8,7,6,11
2025-3035,Monastir,Clay,32,C,O,20251027,13,K0JH,,,Jan Kumstat,R,196,CZE,18.817,725,39,O09A,,,Aziz Ouakaa,R,185,TUN,26.223,666,49,2-6 6-2 6-3,3,R32,92,9,2,68,40,29,17,13,0,2,3,8,78,37,31,17,12,6,9
2025-3035,Monastir,Clay,32,C,O,20251027,14,N731,,,Christoph Negritu,R,193,GER,31.603,305,173,B0JJ,,,Robin Bertrand,R,178,FRA,22.62,301,176,7-6(2) 6-3,3,R32,99,7,0,67,35,27,18,11,3,5,1,3,73,44,25,13,10,1,4
2025-3035,Monastir,Clay,32,C,O,20251027,15,V09T,,,Pedro Vives Marcos,R,178,ESP,24.539,497,85,P0K4,,,Tiago Pereira,R,0,PRT,21.352,282,193,6-2 6-3,3,R32,74,3,4,56,24,18,17,9,4,6,0,2,48,26,12,10,8,3,8
2025-3035,Monastir,Clay,32,C,O,20251027,16,X01C,,,Ioannis Xilas,R,178,GRE,24.46,511,81,A829,,,Radu Albot,R,175,MDA,35.959,452,97,7-6(5) 6-4,3,R32,117,1,3,81,60,40,8,11,7,10,0,2,70,50,31,10,11,6,10
2025-3035,Monastir,Clay,32,C,O,20251027,17,M0N1,1,,Luka Mikrut,R,188,CRO,21.53,160,366,N731,,,Christoph Negritu,R,193,GER,31.603,305,173,5-7 6-4 7-5,3,R16,159,16,4,115,69,56,21,17,11,13,15,1,103,66,47,21,17,9,12
2025-3035,Monastir,Clay,32,C,O,20251027,18,A09T,5,,Dan Added,R,183,FRA,26.541,211,271,V09T,,,Pedro Vives Marcos,R,178,ESP,24.539,497,85,6-4 6-4,3,R16,86,4,0,51,29,23,18,10,1,1,7,4,68,46,32,11,10,8,10
2025-3035,Monastir,Clay,32,C,O,20251027,19,G0IX,6,,Arthur Gea,R,180,FRA,20.816,234,245,K0JH,,,Jan Kumstat,R,196,CZE,18.817,725,39,6-3 6-4,3,R16,76,5,0,53,31,23,15,10,1,2,3,2,66,33,23,16,9,8,11
2025-3035,Monastir,Clay,32,C,O,20251027,20,B0OV,,,Petr Brunclik,L,188,CZE,19.28,379,130,S0O6,7,,Ilia Simakin,R,193,RUS,22.001,276,196,6-4 6-4,3,R16,74,10,6,51,33,27,10,10,2,3,7,3,68,45,29,10,10,8,11
2025-3035,Monastir,Clay,32,C,O,20251027,21,M0HT,8,,Alejandro Moro Canas,R,183,ESP,24.887,245,226,A0AB,,,Adrian Andreev,R,175,BUL,24.46,813,30,6-2 6-1,3,R16,67,5,2,47,27,19,13,8,3,4,3,3,39,23,14,2,7,3,8
2025-3035,Monastir,Clay,32,C,O,20251027,22,A09Q,,,Mert Alkaya,R,178,TUR,25.369,514,81,C0HB,,,Eliakim Coulibaly,L,180,CIV,23.48,289,187,6-1 1-6 6-2,3,R16,82,8,3,56,33,25,12,11,0,2,5,5,70,39,28,12,11,8,12
2025-3035,Monastir,Clay,32,C,O,20251027,23,BU70,,,Remy Bertola,R,175,SUI,27.157,243,227,C0P0,,,Sergio Callejon Hernando,R,175,ESP,21.112,591,62,6-4 6-3,3,R16,68,5,4,53,30,25,7,10,1,4,2,2,53,32,18,9,9,3,8
2025-3035,Monastir,Clay,32,C,O,20251027,24,GA79,,,Lorenzo Giustino,R,180,ITA,34.13,269,200,X01C,,,Ioannis Xilas,R,178,GRE,24.46,511,81,6-4 6-1,3,R16,88,6,1,56,34,28,11,9,4,4,0,0,51,37,23,6,8,4,7
2025-3035,Monastir,Clay,32,C,O,20251027,25,M0HT,8,,Alejandro Moro Canas,R,183,ESP,24.887,245,226,M0N1,1,,Luka Mikrut,R,188,CRO,21.53,160,366,7-6(8) 6-7(3) 6-4,3,QF,207,2,5,132,86,50,24,17,7,12,6,0,122,68,42,28,17,2,8
2025-3035,Monastir,Clay,32,C,O,20251027,26,GA79,,,Lorenzo Giustino,R,180,ITA,34.13,269,200,A09T,5,,Dan Added,R,183,FRA,26.541,211,271,6-3 6-4,3,QF,96,5,3,72,43,33,13,10,5,6,6,5,60,35,23,11,9,8,11
2025-3035,Monastir,Clay,32,C,O,20251027,27,G0IX,6,,Arthur Gea,R,180,FRA,20.816,234,245,BU70,,,Remy Bertola,R,175,SUI,27.157,243,227,7-6(4) 6-1,3,QF,94,5,2,68,40,34,16,10,1,1,5,4,73,46,30,13,9,6,8
2025-3035,Monastir,Clay,32,C,O,20251027,28,B0OV,,,Petr Brunclik,L,188,CZE,19.28,379,130,A09Q,,,Mert Alkaya,R,178,TUR,25.369,514,81,7-5 6-3,3,QF,98,4,4,71,41,30,17,10,7,8,5,2,68,33,25,14,11,2,6
2025-3035,Monastir,Clay,32,C,O,20251027,29,B0OV,,,Petr Brunclik,L,188,CZE,19.28,379,130,G0IX,6,,Arthur Gea,R,180,FRA,20.816,234,245,7-6(1) 6-2,3,SF,137,7,2,79,51,35,15,10,4,5,2,3,82,43,26,20,10,10,13
2025-3035,Monastir,Clay,32,C,O,20251027,30,GA79,,,Lorenzo Giustino,R,180,ITA,34.13,269,200,M0HT,8,,Alejandro Moro Canas,R,183,ESP,24.887,245,226,7-6(3) 7-6(5),3,SF,152,9,4,93,62,51,14,12,7,7,3,2,80,54,41,15,12,4,4
2025-3035,Monastir,Clay,32,C,O,20251027,31,GA79,,,Lorenzo Giustino,R,180,ITA,34.13,269,200,B0OV,,,Petr Brunclik,L,188,CZE,19.28,379,130,7-5 6-0,3,F,113,3,1,61,32,23,17,9,4,5,4,7,72,36,20,15,9,9,14
2025-3049,Lima - Los Inkas,Clay,32,C,O,20251027,1,N0BS,1,,Mariano Navone,R,178,ARG,24.663,86,735,O660,,,Genaro Alberto Olivieri,R,175,ARG,27.231,230,251,6-3 6-1,3,R32,87,3,0,52,39,30,6,8,3,4,1,0,55,41,18,8,8,3,8
2025-3049,Lima - Los Inkas,Clay,32,C,O,20251027,2,Z0DA,,,Carlos Maria Zarate,R,191,ARG,20.578,758,35,C0C8,2,,Juan Manuel Cerundolo,L,183,ARG,23.948,88,718,1-6 4-1 RET,3,R32,61,0,1,52,38,21,6,6,0,3,3,1,32,20,12,7,6,2,4
2025-3049,Lima - Los Inkas,Clay,32,C,O,20251027,3,B0ID,,,Ignacio Buse,R,183,PER,21.591,110,559,R0BT,,,Franco Roncadelli,L,185,URU,25.722,370,134,6-3 3-6 6-2,3,R32,128,5,2,75,54,40,15,13,3,4,1,1,82,63,42,11,13,8,11
2025-3049,Lima - Los Inkas,Clay,32,C,O,20251027,4,B0FV,5,,Roman Andres Burruchaga,R,183,ARG,23.759,106,608,R0MW,,,Alessandro Rubini,,,PER,16.003,,,6-0 6-3,3,R32,68,2,0,32,20,19,6,7,1,2,0,1,60,40,15,10,8,11,17
2025-3049,Lima - Los Inkas,Clay,32,C,O,20251027,5,B0EJ,6,,Tristan Boyer,R,188,USA,24.517,152,404,SG56,,,Daniel Dutra da Silva,L,,BRA,37.311,331,152,7-6(2) 7-6(4),3,R32,137,8,0,104,69,46,18,12,9,12,0,0,87,56,36,16,12,1,4
2025-3049,Lima - Los Inkas,Clay,32,C,O,20251027,6,AG08,,,Andres Andrade,R,180,ECU,26.869,283,192,HF80,7,,Hady Habib,R,188,LBN,27.184,171,328,7-6(4) 7-6(2),3,R32,123,6,1,102,62,46,17,12,17,19,5,2,82,63,41,10,12,4,6
2025-3049,Lima - Los Inkas,Clay,32,C,O,20251027,7,B0GY,8,,Alex Barrena,R,175,ARG,23.047,172,328,CC66,,,Andrea Collarini,L,183,ARG,33.739,273,197,7-6(4) 6-4,3,R32,110,6,2,77,55,37,13,11,3,4,1,0,67,56,34,9,11,2,4
2025-3049,Lima - Los Inkas,Clay,32,C,O,20251027,8,M0OH,,,Lautaro Midon,R,180,ARG,21.58,260,209,GJ16,9,,Federico Agustin Gomez,R,191,ARG,28.917,208,272,4-6 7-6(4) 6-4,3,R32,162,4,2,110,78,50,20,16,10,12,5,4,123,74,48,25,16,7,9
2025-3049,Lima - Los Inkas,Clay,32,C,O,20251027,9,CF01,,,Marco Cecchinato,R,185,ITA,33.073,262,204,J0AW,,,Guido Ivan Justo,R,178,ARG,27.86,375,132,6-3 6-7(5) 6-1,3,R32,142,1,1,101,68,48,18,15,4,6,4,1,82,48,28,18,13,4,9
2025-3049,Lima - Los Inkas,Clay,32,C,O,20251027,10,G0DH,,,Alvaro Guillen Meza,R,175,ECU,22.817,236,242,B0GR,,,Gonzalo Bueno,R,173,PER,21.566,217,263,7-6(6) 3-1 RET,3,R32,111,1,0,57,36,21,12,8,2,6,0,1,73,59,27,7,8,10,15
2025-3049,Lima - Los Inkas,Clay,32,C,O,20251027,11,H0C9,,,Arklon Huertas Del Pino Cordova,R,183,PER,31.283,1147,9,C0O4,,,Fernando Cavallo,R,188,ARG,19.871,947,18,6-3 6-7(6) 6-2,3,R32,139,0,1,98,78,50,10,14,10,13,5,2,99,54,35,17,15,6,13
2025-3049,Lima - Los Inkas,Clay,32,C,O,20251027,12,J476,,,David Jorda Sanchis,R,198,ESP,31.37,445,99,KE69,,,Mariano Kestelboim,R,185,ARG,29.722,393,123,6-3 6-2,3,R32,85,2,2,46,29,19,11,8,1,2,0,0,64,51,22,7,9,4,9
2025-3049,Lima - Los Inkas,Clay,32,C,O,20251027,13,KC29,,,Nicolas Kicker,R,178,ARG,33.196,287,188,I411,,,Johannes Ingildsen,R,193,DEN,28.323,1030,13,6-3 6-1,3,R32,78,2,1,50,38,24,6,8,2,4,0,3,52,36,16,4,8,1,7
2025-3049,Lima - Los Inkas,Clay,32,C,O,20251027,14,KH56,,,Zdenek Kolar,R,183,CZE,29.049,231,247,V836,,,Juan Pablo Varillas,R,185,PER,30.059,320,157,7-6(4) 6-7(5) 7-6(3),3,R32,194,9,2,133,90,64,26,18,6,8,7,0,114,81,62,17,18,2,4
2025-3049,Lima - Los Inkas,Clay,32,C,O,20251027,15,T0DM,,,Juan Bautista Torres,R,178,ARG,23.57,404,118,T133,,,Miguel Tobon,R,185,COL,57.347,732,15,6-1 6-2,3,R32,69,0,0,46,32,25,9,8,3,3,1,2,46,31,17,6,7,3,7
2025-3049,Lima - Los Inkas,Clay,32,C,O,20251027,16,V821,,,Gonzalo Villanueva,R,175,ARG,30.787,352,141,S0GR,,,Timofey Skatov,R,173,KAZ,24.764,238,238,6-3 6-1,3,R32,89,6,1,54,34,26,7,8,3,5,0,0,55,41,15,8,8,5,11
2025-3049,Lima - Los Inkas,Clay,32,C,O,20251027,17,N0BS,1,,Mariano Navone,R,178,ARG,24.663,86,735,J476,,,David Jorda Sanchis,R,198,ESP,31.37,445,99,6-4 6-0,3,R16,85,1,0,52,33,21,14,8,3,3,1,5,61,37,20,11,8,5,9
2025-3049,Lima - Los Inkas,Clay,32,C,O,20251027,18,B0ID,,,Ignacio Buse,R,183,PER,21.591,110,559,T0DM,,,Juan Bautista Torres,R,178,ARG,23.57,404,118,6-3 7-5,3,R16,101,4,3,56,29,16,18,10,3,6,0,0,64,51,22,10,11,5,11
2025-3049,Lima - Los Inkas,Clay,32,C,O,20251027,19,CF01,,,Marco Cecchinato,R,185,ITA,33.073,262,204,B0FV,5,,Roman Andres Burruchaga,R,183,ARG,23.759,106,608,7-6(4) 7-6(5),3,R16,124,0,1,86,58,44,17,12,2,2,2,1,77,53,42,15,12,2,2
2025-3049,Lima - Los Inkas,Clay,32,C,O,20251027,20,B0EJ,6,,Tristan Boyer,R,188,USA,24.517,152,404,KC29,,,Nicolas Kicker,R,178,ARG,33.196,287,188,3-6 6-2 6-4,3,R16,119,4,2,76,54,40,10,14,3,6,0,2,70,55,39,4,13,3,7
2025-3049,Lima - Los Inkas,Clay,32,C,O,20251027,21,B0GY,8,,Alex Barrena,R,175,ARG,23.047,172,328,V821,,,Gonzalo Villanueva,R,175,ARG,30.787,352,141,6-4 6-2,3,R16,96,3,0,47,31,23,9,9,1,3,1,2,62,41,21,8,9,6,11
2025-3049,Lima - Los Inkas,Clay,32,C,O,20251027,22,G0DH,,,Alvaro Guillen Meza,R,175,ECU,22.817,236,242,AG08,,,Andres Andrade,R,180,ECU,26.869,283,192,6-2 6-2,3,R16,80,4,1,52,36,30,6,8,2,2,0,4,42,26,18,2,8,1,5
2025-3049,Lima - Los Inkas,Clay,32,C,O,20251027,23,H0C9,,,Arklon Huertas Del Pino Cordova,R,183,PER,31.283,1147,9,Z0DA,,,Carlos Maria Zarate,R,191,ARG,20.578,758,35,6-4 6-4,3,R16,86,0,0,53,41,32,9,10,0,0,1,2,72,51,36,7,10,7,9
2025-3049,Lima - Los Inkas,Clay,32,C,O,20251027,24,KH56,,,Zdenek Kolar,R,183,CZE,29.049,231,247,M0OH,,,Lautaro Midon,R,180,ARG,21.58,260,209,6-3 6-3,3,R16,89,2,3,73,50,33,11,9,9,10,1,0,51,28,17,10,9,2,6
2025-3049,Lima - Los Inkas,Clay,32,C,O,20251027,25,N0BS,1,,Mariano Navone,R,178,ARG,24.663,86,735,B0GY,8,,Alex Barrena,R,175,ARG,23.047,172,328,6-0 6-3,3,QF,66,4,0,50,37,26,9,8,4,5,1,0,38,25,12,3,7,1,6
2025-3049,Lima - Los Inkas,Clay,32,C,O,20251027,26,G0DH,,,Alvaro Guillen Meza,R,175,ECU,22.817,236,242,B0ID,,,Ignacio Buse,R,183,PER,21.591,110,559,6-2 4-6 6-3,3,QF,143,0,1,85,57,36,19,14,6,9,2,2,79,49,32,12,13,6,11
2025-3049,Lima - Los Inkas,Clay,32,C,O,20251027,27,B0EJ,6,,Tristan Boyer,R,188,USA,24.517,152,404,KH56,,,Zdenek Kolar,R,183,CZE,29.049,231,247,6-4 2-6 6-3,3,QF,130,6,3,82,64,44,7,14,2,6,0,2,92,56,39,13,13,9,13
2025-3049,Lima - Los Inkas,Clay,32,C,O,20251027,28,CF01,,,Marco Cecchinato,R,185,ITA,33.073,262,204,H0C9,,,Arklon Huertas Del Pino Cordova,R,183,PER,31.283,1147,9,6-4 7-6(5),3,QF,113,1,0,76,58,40,11,11,8,9,0,1,82,67,45,5,11,4,6
2025-3049,Lima - Los Inkas,Clay,32,C,O,20251027,29,N0BS,1,,Mariano Navone,R,178,ARG,24.663,86,735,G0DH,,,Alvaro Guillen Meza,R,175,ECU,22.817,236,242,6-4 6-1,3,SF,85,1,1,45,31,24,8,9,1,3,0,0,53,37,19,5,8,4,9
2025-3049,Lima - Los Inkas,Clay,32,C,O,20251027,30,CF01,,,Marco Cecchinato,R,185,ITA,33.073,262,204,B0EJ,6,,Tristan Boyer,R,188,USA,24.517,152,404,7-6(7) 3-6 6-3,3,SF,152,3,1,101,72,54,17,15,3,4,5,1,103,72,52,17,15,4,5
2025-3049,Lima - Los Inkas,Clay,32,C,O,20251027,31,N0BS,1,,Mariano Navone,R,178,ARG,24.663,86,735,CF01,,,Marco Cecchinato,R,185,ITA,33.073,262,204,6-4 5-7 6-4,3,F,162,0,3,88,67,41,9,16,4,10,0,0,104,75,38,18,16,8,15
2025-444,Bratislava 2,Clay,32,C,I,20251027,1,C0JP,1,,Raphael Collignon,R,191,BEL,23.786,73,813,KI63,,,Lukas Klein,R,193,SVK,27.6,124,507,3-6 6-3 7-6(1),3,R32,126,10,2,95,65,50,17,15,5,7,6,4,91,61,43,19,15,2,4
2025-444,Bratislava 2,Clay,32,C,I,20251027,2,R0E0,,,Chris Rodesch,R,198,LUX,24.277,189,294,TE30,2,,Alejandro Tabilo,L,188,CHI,28.402,82,746,6-4 6-4,3,R32,74,15,2,56,38,30,12,10,1,1,4,2,66,45,32,6,10,5,7
2025-444,Bratislava 2,Clay,32,C,I,20251027,3,DB63,3,,Laslo Djere,R,188,SRB,30.404,85,738,L987,,,Dusan Lajovic,R,183,SRB,35.326,116,538,6-3 7-6(2),3,R32,95,4,0,76,56,34,13,11,7,10,2,1,75,56,30,7,10,1,5
2025-444,Bratislava 2,Clay,32,C,I,20251027,4,B0PG,,,Alexander Blockx,R,193,BEL,20.553,120,514,SL28,4,,Jan-Lennard Struff,R,193,GER,35.507,90,698,3-6 6-4 7-6(5),3,R32,121,12,3,98,58,44,19,16,6,10,4,2,114,60,38,31,15,0,3
2025-444,Bratislava 2,Clay,32,C,I,20251027,5,M0IF,,,Francesco Maestrelli,R,196,ITA,22.85,154,389,M0HU,5,,Shintaro Mochizuki,R,175,JPN,22.404,94,674,7-6(3) 3-6 6-4,3,R32,150,18,3,109,72,55,14,16,10,14,4,6,98,51,36,27,15,5,8
2025-444,Bratislava 2,Clay,32,C,I,20251027,6,T0AP,,,Chun-Hsin Tseng,R,175,TPE,24.219,135,468,M0JZ,6,,Filip Misolic,R,180,AUT,24.219,87,726,1-6 7-6(4) 6-4,3,R32,152,6,2,120,84,48,19,14,10,14,9,5,109,73,53,14,15,10,13
2025-444,Bratislava 2,Clay,32,C,I,20251027,7,S0N0,7,,Tristan Schoolkate,R,183,AUS,24.665,98,663,S0ZE,,,Colton Smith,R,183,USA,22.648,144,436,6-4 7-6(4),3,R32,100,5,1,76,52,37,12,11,1,3,10,1,71,44,35,6,11,6,9
2025-444,Bratislava 2,Clay,32,C,I,20251027,8,T0A1,8,,Thiago Agustin Tirante,R,185,ARG,24.548,102,648,P0CT,,,Francesco Passaro,R,180,ITA,24.802,132,480,6-4 7-5,3,R32,91,7,0,61,35,29,13,11,3,5,3,2,67,41,26,13,11,3,7
2025-444,Bratislava 2,Clay,32,C,I,20251027,9,D0DW,,,Titouan Droguet,R,191,FRA,24.367,165,348,MV14,,,Alex Molcan,L,178,SVK,27.904,199,279,6-3 7-5,3,R32,88,14,2,69,48,38,11,11,6,7,3,1,59,42,27,7,10,0,3
2025-444,Bratislava 2,Clay,32,C,I,20251027,10,HD68,,,Billy Harris,R,193,GBR,30.754,127,489,CH12,,,Jan Choinski,R,196,GBR,29.38,131,482,6-2 6-3,3,R32,61,9,2,49,40,36,2,9,0,0,3,0,45,34,25,4,8,2,5
2025-444,Bratislava 2,Clay,32,C,I,20251027,11,L0GH,,,Mark Lajal,R,191,EST,22.461,148,414,GB93,,,Norbert Gombos,R,193,SVK,35.206,303,175,4-6 6-3 6-2,3,R32,113,10,1,87,53,44,17,14,5,6,2,0,77,52,36,12,13,2,5
2025-444,Bratislava 2,Clay,32,C,I,20251027,12,MK66,,,Mackenzie McDonald,R,178,USA,30.533,108,559,F0F2,,,Jaime Faria,R,188,POR,22.226,151,405,6-3 7-6(6),3,R32,75,6,0,51,38,34,11,10,0,0,7,5,77,47,37,11,11,2,4
2025-444,Bratislava 2,Clay,32,C,I,20251027,13,PI95,,,David Pichler,R,178,AUT,29.687,1173,8,G0GW,,,Sascha Gueymard Wayenburg,R,191,FRA,22.24,226,255,6-4 6-4,3,R32,71,7,2,60,37,30,11,10,2,3,4,2,61,45,30,6,10,3,6
2025-444,Bratislava 2,Clay,32,C,I,20251027,14,S0JA,,,Eliot Spizzirri,R,185,USA,23.844,100,660,EA13,,,Moez Echargui,R,178,TUN,32.794,141,446,7-6(3) 6-2,3,R32,103,6,2,62,42,31,9,10,0,3,6,0,71,41,22,13,10,2,7
2025-444,Bratislava 2,Clay,32,C,I,20251027,15,V0AM,,,Otto Virtanen,R,193,FIN,24.35,147,424,L0IL,,,Martin Landaluce,R,193,ESP,19.8,133,479,6-2 7-5,3,R32,77,12,1,55,38,30,7,10,2,4,0,4,56,34,20,9,10,3,8
2025-444,Bratislava 2,Clay,32,C,I,20251027,16,W367,,,Stan Wawrinka,R,183,SUI,40.583,158,372,SS25,,,Vitaliy Sachko,R,188,UKR,28.287,220,259,6-4 6-3,3,R32,85,4,1,65,37,33,13,10,4,4,2,0,63,44,32,7,9,1,3
2025-444,Bratislava 2,Clay,32,C,I,20251027,17,C0JP,1,,Raphael Collignon,R,191,BEL,23.786,73,813,W367,,,Stan Wawrinka,R,183,SUI,40.583,158,372,6-2 6-4,3,R16,75,4,3,55,43,34,6,9,1,1,1,1,57,35,24,9,9,3,6
2025-444,Bratislava 2,Clay,32,C,I,20251027,18,D0DW,,,Titouan Droguet,R,191,FRA,24.367,165,348,DB63,3,,Laslo Djere,R,188,SRB,30.404,85,738,6-1 6-4,3,R16,64,7,1,51,36,32,7,9,4,4,0,1,48,32,19,8,8,2,5
2025-444,Bratislava 2,Clay,32,C,I,20251027,19,V0AM,,,Otto Virtanen,R,193,FIN,24.35,147,424,S0N0,7,,Tristan Schoolkate,R,183,AUS,24.665,98,663,6-2 6-4,3,R16,63,8,0,42,25,21,15,9,0,0,6,4,54,35,23,7,9,2,5
2025-444,Bratislava 2,Clay,32,C,I,20251027,20,L0GH,,,Mark Lajal,R,191,EST,22.461,148,414,T0A1,8,,Thiago Agustin Tirante,R,185,ARG,24.548,102,648,7-5 6-3,3,R16,74,11,1,52,37,35,9,11,0,0,5,2,57,30,22,15,10,2,4
2025-444,Bratislava 2,Clay,32,C,I,20251027,21,B0PG,,,Alexander Blockx,R,193,BEL,20.553,120,514,HD68,,,Billy Harris,R,193,GBR,30.754,127,489,6-1 6-1,3,R16,52,8,2,36,28,25,3,7,0,0,2,2,52,32,17,5,7,5,10
2025-444,Bratislava 2,Clay,32,C,I,20251027,22,M0IF,,,Francesco Maestrelli,R,196,ITA,22.85,154,389,PI95,,,David Pichler,R,178,AUT,29.687,1173,8,6-2 7-5,3,R16,90,5,2,53,44,37,4,10,0,0,7,6,93,55,35,16,10,14,17
2025-444,Bratislava 2,Clay,32,C,I,20251027,23,R0E0,,,Chris Rodesch,R,198,LUX,24.277,189,294,MK66,,,Mackenzie McDonald,R,178,USA,30.533,108,559,7-6(2) 5-7 7-5,3,R16,149,19,3,117,84,57,20,18,5,8,4,2,113,77,53,21,18,3,6
2025-444,Bratislava 2,Clay,32,C,I,20251027,24,S0JA,,,Eliot Spizzirri,R,185,USA,23.844,100,660,T0AP,,,Chun-Hsin Tseng,R,175,TPE,24.219,135,468,6-2 6-2,3,R16,75,6,0,38,27,24,6,8,0,1,2,1,68,47,25,6,8,6,11
2025-444,Bratislava 2,Clay,32,C,I,20251027,25,C0JP,1,,Raphael Collignon,R,191,BEL,23.786,73,813,L0GH,,,Mark Lajal,R,191,EST,22.461,148,414,6-4 6-4,3,QF,79,4,2,55,41,29,8,10,1,3,5,0,53,35,22,9,10,2,6
2025-444,Bratislava 2,Clay,32,C,I,20251027,26,B0PG,,,Alexander Blockx,R,193,BEL,20.553,120,514,V0AM,,,Otto Virtanen,R,193,FIN,24.35,147,424,4-6 6-3 6-2,3,QF,95,6,1,82,60,48,11,14,5,6,11,1,74,48,35,13,13,0,3
2025-444,Bratislava 2,Clay,32,C,I,20251027,27,D0DW,,,Titouan Droguet,R,191,FRA,24.367,165,348,M0IF,,,Francesco Maestrelli,R,196,ITA,22.85,154,389,6-4 6-3,3,QF,78,6,1,53,40,34,7,10,0,0,3,4,63,47,33,5,9,4,6
2025-444,Bratislava 2,Clay,32,C,I,20251027,28,R0E0,,,Chris Rodesch,R,198,LUX,24.277,189,294,S0JA,,,Eliot Spizzirri,R,185,USA,23.844,100,660,7-6(7) 6-7(1) 6-4,3,QF,143,20,4,109,81,58,14,17,5,7,7,3,114,75,57,17,17,4,7
2025-444,Bratislava 2,Clay,32,C,I,20251027,29,B0PG,,,Alexander Blockx,R,193,BEL,20.553,120,514,C0JP,1,,Raphael Collignon,R,191,BEL,23.786,73,813,6-3 6-4,3,SF,72,6,1,58,37,27,13,10,0,1,1,5,57,39,28,6,9,3,6
2025-444,Bratislava 2,Clay,32,C,I,20251027,30,D0DW,,,Titouan Droguet,R,191,FRA,24.367,165,348,R0E0,,,Chris Rodesch,R,198,LUX,24.277,189,294,7-5 6-3,3,SF,82,3,3,68,47,37,8,11,2,3,7,1,59,41,27,9,10,4,7
2025-444,Bratislava 2,Clay,32,C,I,20251027,31,B0PG,,,Alexander Blockx,R,193,BEL,20.553,120,514,D0DW,,,Titouan Droguet,R,191,FRA,24.367,165,348,6-4 6-3,3,F,69,3,0,43,27,23,13,9,0,0,1,0,58,40,26,10,10,5,8
2025-6055,Charlottesville,Hard,32,C,I,20251027,1,H0BH,1,,Rinky Hijikata,R,178,AUS,24.674,119,521,H0BH,,,Matias Soto,R,178,AUS,24.674,119,521,4-6 7-5 6-3,3,R32,143,12,3,104,65,44,19,16,7,11,3,7,99,48,32,25,15,4,9
2025-6055,Charlottesville,Hard,32,C,I,20251027,2,S0DE,,,Dhakshineswar Suresh,R,196,IND,25.58,568,66,D0DP,2,,Liam Draxl,R,185,CAN,23.893,121,514,6-3 6-3,3,R32,74,6,1,53,31,24,12,9,3,4,0,3,54,35,21,9,9,1,5
2025-6055,Charlottesville,Hard,32,C,I,20251027,3,G0BY,,,Daniil Glinka,L,188,EST,25.459,263,203,K0A3,3,,Patrick Kypson,R,188,USA,25.999,146,432,6-3 6-3,3,R32,81,13,2,56,29,25,15,9,2,2,3,1,61,33,19,17,9,1,4
2025-6055,Charlottesville,Hard,32,C,I,20251027,4,CI14,4,,Jay Clarke,R,183,GBR,27.253,203,277,S0DQ,,,Tyler Zink,R,201,USA,27.346,521,79,6-2 6-4,3,R32,84,2,1,52,33,26,13,9,2,2,6,1,69,40,25,14,9,6,9
2025-6055,Charlottesville,Hard,32,C,I,20251027,5,T0GR,,,Oliver Tarvet,R,185,GBR,21.996,369,134,M0AW,5,,Nicolas Mejia,R,183,COL,25.708,205,275,6-4 6-2,3,R32,96,6,3,47,23,19,17,9,0,0,4,2,62,40,26,8,9,5,8
2025-6055,Charlottesville,Hard,32,C,I,20251027,6,D0DT,6,,Martin Damm,L,203,USA,22.075,191,286,BV21,,,Charles Broom,R,178,GBR,27.51,353,140,6-3 6-3,3,R32,63,8,2,48,28,24,12,9,0,0,7,3,50,30,24,7,9,3,6
2025-6055,Charlottesville,Hard,32,C,I,20251027,7,J0DZ,7,,Rafael Jodar,R,191,ESP,19.11,207,274,C0HT,,,Murphy Cassone,R,188,USA,23.198,246,225,6-4 7-5,3,R32,105,7,0,74,43,32,17,11,7,8,7,7,80,52,33,12,11,2,5
2025-6055,Charlottesville,Hard,32,C,I,20251027,8,M0ON,8,,Johannus Monday,L,198,GBR,23.762,212,267,K0DB,,,Ronit Karki,R,191,USA,24.476,569,66,6-3 7-5,3,R32,75,7,3,49,34,31,10,10,0,0,6,5,65,30,25,15,11,0,3
2025-6055,Charlottesville,Hard,32,C,I,20251027,9,G0BY,,,Cannon Kingsley,L,188,EST,25.459,263,203,Z09F,,,Justin Boulais,R,191,GER,26.281,240,232,6-3 6-3,3,R32,73,9,2,52,34,28,8,9,1,2,3,6,65,41,27,8,9,7,11
2025-6055,Charlottesville,Hard,32,C,I,20251027,10,KC12,,,Mitchell Krueger,R,188,USA,31.789,242,228,K0HC,,,Maks Kasnikowski,R,180,POL,22.311,548,71,6-4 6-7(5) 7-6(5),3,R32,185,9,4,107,66,49,25,17,0,2,6,2,135,72,48,35,17,15,18
2025-6055,Charlottesville,Hard,32,C,I,20251027,11,KC12,,,Inaki Montes-De La Torre,R,188,USA,31.789,242,228,S0DE,,,Andre Ilagan,R,196,IND,25.58,568,66,5-7 7-6(1) 6-4,3,R32,157,4,6,107,69,48,17,17,6,11,4,1,97,65,40,16,17,6,11
2025-6055,Charlottesville,Hard,32,C,I,20251027,12,P0EA,,,Saba Purtseladze,R,191,GEO,24.186,299,177,S0DE,,,Max Wiskandt,R,196,IND,25.58,568,66,7-5 7-6(4),3,R32,118,11,1,89,56,46,16,12,9,9,4,0,67,43,30,19,12,0,1
2025-6055,Charlottesville,Hard,32,C,I,20251027,13,T0GR,,,Mats Rosenkranz,R,185,GBR,21.996,369,134,M0NP,,,Andres Martin,R,183,USA,24.307,270,199,6-4 4-6 6-3,3,R32,142,11,6,118,76,52,23,15,13,15,5,3,98,56,36,23,14,9,12
2025-6055,Charlottesville,Hard,32,C,I,20251027,14,T0GR,,,Keegan Smith,R,185,GBR,21.996,369,134,B0NO,,,Darwin Blanch,L,185,USA,18.081,337,148,4-6 6-3 6-2,3,R32,107,5,2,81,61,39,15,14,5,7,5,4,83,52,36,12,13,5,9
2025-6055,Charlottesville,Hard,32,C,I,20251027,15,Z09F,,,Patrick Zahraj,R,191,GER,26.281,240,232,KD35,,,Thai-Son Kwiatkowski,R,188,USA,30.702,1378,4,7-5 6-3,3,R32,110,6,3,75,40,29,18,10,8,9,5,4,75,45,34,8,11,3,7
2025-6055,Charlottesville,Hard,32,C,I,20251027,16,D0DT,,,Mats Rosenkranz,L,203,USA,22.075,191,286,H0BH,1,,Rinky Hijikata,R,178,AUS,24.674,119,521,6-3 6-4,3,R16,71,10,1,55,31,22,19,10,1,1,1,1,48,25,17,16,9,3,5
2025-6055,Charlottesville,Hard,32,C,I,20251027,17,J0DZ,,,Dylan Dietrich,R,191,ESP,19.11,207,274,CI14,4,,Jay Clarke,R,183,GBR,27.253,203,277,7-6(6) 6-2,3,R16,93,16,1,62,38,32,15,10,3,3,2,3,70,50,36,6,10,4,6
2025-6055,Charlottesville,Hard,32,C,I,20251027,18,D0DT,6,,Martin Damm,L,203,USA,22.075,191,286,D0HX,,,Keegan Smith,R,193,SUI,21.095,1172,8,6-1 7-5,3,R16,56,11,5,46,30,26,10,9,0,0,7,8,72,49,32,8,10,6,10
2025-6055,Charlottesville,Hard,32,C,I,20251027,19,J0DZ,7,,Rafael Jodar,R,191,ESP,19.11,207,274,P0EA,,,Saba Purtseladze,R,191,GEO,24.186,299,177,6-4 6-0,3,R16,72,2,2,39,18,17,15,8,0,0,4,2,65,41,23,9,8,3,7
2025-6055,Charlottesville,Hard,32,C,I,20251027,20,M0ON,8,,Johannus Monday,L,198,GBR,23.762,212,267,KC12,,,Cannon Kingsley,R,188,USA,31.789,242,228,6-4 6-7(1) 6-1,3,R16,121,11,2,86,56,48,16,15,1,1,14,2,82,52,42,15,14,4,7
2025-6055,Charlottesville,Hard,32,C,I,20251027,21,T0GR,,,Oliver Tarvet,R,185,GBR,21.996,369,134,H0BH,,,Inaki Montes-De La Torre,R,178,AUS,24.674,119,521,5-7 6-4 7-6(3),3,R16,216,6,8,113,65,47,23,17,7,11,2,4,126,81,51,23,17,5,9
2025-6055,Charlottesville,Hard,32,C,I,20251027,22,D0DT,6,,Martin Damm,L,203,USA,22.075,191,286,G0BY,,,Daniil Glinka,L,188,EST,25.459,263,203,6-7(3) 6-4 6-4,3,QF,133,21,6,96,62,55,15,16,2,2,15,2,102,54,45,26,16,2,4
2025-6055,Charlottesville,Hard,32,C,I,20251027,23,J0DZ,7,,Rafael Jodar,R,191,ESP,19.11,207,274,M0ON,,,Dylan Dietrich,L,198,GBR,23.762,212,267,7-5 6-3,3,QF,110,5,1,84,51,38,16,11,7,7,5,6,73,46,32,11,10,6,8
2025-6055,Charlottesville,Hard,32,C,I,20251027,24,D0DT,,,Mats Rosenkranz,L,203,USA,22.075,191,286,T0GR,,,Oliver Tarvet,R,185,GBR,21.996,369,134,6-1 6-0,3,QF,56,6,0,27,20,19,5,6,0,0,0,1,34,18,5,3,7,2,8
2025-6055,Charlottesville,Hard,32,C,I,20251027,25,D0DT,6,,Martin Damm,L,203,USA,22.075,191,286,D0DT,,,Mats Rosenkranz,L,203,USA,22.075,191,286,7-6(3) 6-4,3,SF,98,21,3,68,40,32,13,11,1,2,8,5,77,42,29,16,11,4,6
2025-6055,Charlottesville,Hard,32,C,I,20251027,26,J0DZ,7,,Rafael Jodar,R,191,ESP,19.11,207,274,D0DT,6,,Martin Damm,L,203,USA,22.075,191,286,6-3 7-6(2),3,F,78,6,0,62,35,29,16,11,1,2,11,4,52,34,27,10,10,2,4
2025-7288,Seoul,Hard,32,C,O,20251027,1,N09U,,,Rio Noguchi,R,168,JPN,26.831,252,217,D994,1,,James Duckworth,R,183,AUS,33.766,112,553,1-6 7-5 6-3,3,R32,117,2,0,76,49,34,15,14,4,8,5,2,87,52,40,12,14,2,6
2025-7288,Seoul,Hard,32,C,O,20251027,2,Y09V,2,,Yunchaokete Bu,R,185,CHN,23.77,114,551,P0AV,,,Uisung Park,R,175,KOR,25.081,740,37,7-5 6-4,3,R32,98,12,2,86,54,41,12,11,7,9,9,6,77,40,32,13,11,4,8
2025-7288,Seoul,Hard,32,C,O,20251027,3,N732,3,,Yoshihito Nishioka,L,170,JPN,30.084,137,459,B0OU,,,Hynek Barton,R,183,CZE,21.561,304,174,6-3 6-2,3,R32,73,1,0,59,37,24,11,9,2,4,3,2,55,24,14,11,8,7,12
2025-7288,Seoul,Hard,32,C,O,20251027,4,R09X,4,,Jurij Rodionov,L,191,AUT,26.45,156,383,S0TI,,,Philip Sekulic,R,191,AUS,22.144,459,94,7-6(4) 6-4,3,R32,92,8,4,72,40,28,17,11,3,6,2,1,65,43,23,13,11,1,5
2025-7288,Seoul,Hard,32,C,O,20251027,5,W0BH,5,,Coleman Wong,R,191,HKG,21.391,161,362,CH27,,,Hyeon Chung,R,188,KOR,29.44,365,135,6-3 6-2,3,R32,71,3,0,45,28,18,10,8,2,4,1,6,57,36,15,8,9,2,8
2025-7288,Seoul,Hard,32,C,O,20251027,6,C0AK,,,Oliver Crawford,R,180,GBR,26.494,187,295,R0GO,6,,Henrique Rocha,R,180,POR,21.558,162,360,6-1 6-4,3,R32,67,1,5,56,32,28,12,9,4,4,5,2,46,29,18,9,8,3,6
2025-7288,Seoul,Hard,32,C,O,20251027,7,I0AX,,,Kokoro Isomura,R,175,JPN,22.762,515,81,WB08,7,,Yosuke Watanuki,R,180,JPN,27.543,168,341,5-2 RET,3,R32,37,0,1,19,13,12,4,4,0,0,2,3,22,10,7,4,3,1,2
2025-7288,Seoul,Hard,32,C,O,20251027,8,DA81,8,,Taro Daniel,R,191,JPN,32.747,275,196,U134,,,Yasutaka Uchiyama,R,183,JPN,33.227,312,169,7-5 5-7 6-2,3,R32,161,5,2,92,50,38,19,16,4,8,8,5,105,57,38,20,16,6,12
2025-7288,Seoul,Hard,32,C,O,20251027,9,SN54,,,Frederico Ferreira Silva,L,178,POR,30.612,254,214,J0B5,,,Garrett Johns,R,180,USA,24.86,286,189,6-4 6-1,3,R32,109,1,0,72,48,27,13,9,7,10,1,0,56,34,14,8,8,10,16
2025-7288,Seoul,Hard,32,C,O,20251027,10,H09F,,,Yu Hsiou Hsu,R,178,TPE,26.571,229,251,A0CJ,,,Duje Ajdukovic,R,188,CRO,24.723,326,154,6-3 6-4,3,R32,81,4,2,68,37,27,17,10,1,2,3,1,50,29,21,10,9,0,3
2025-7288,Seoul,Hard,32,C,O,20251027,11,HH06,,,Marc-Andrea Huesler,L,196,SUI,29.342,257,212,S0IN,,,Woobin Shin,R,185,KOR,21.769,502,84,6-4 6-2,3,R32,91,6,2,57,36,27,10,9,2,3,2,1,59,37,24,6,9,4,8
2025-7288,Seoul,Hard,32,C,O,20251027,12,S0HR,,,Kasidit Samrej,R,191,THA,24.767,408,116,M0B2,,,Yuki Mochizuki,R,173,JPN,27.926,520,79,6-4 6-3,3,R32,74,4,0,45,32,25,9,9,1,2,3,2,63,43,26,9,10,2,6
2025-7288,Seoul,Hard,32,C,O,20251027,13,SY67,,,Sho Shimabukuro,R,180,JPN,28.244,193,285,J553,,,Omar Jasika,L,183,AUS,28.444,298,177,6-3 5-7 7-6(4),3,R32,133,4,9,98,60,46,16,16,4,7,3,5,126,92,54,21,17,9,13
2025-7288,Seoul,Hard,32,C,O,20251027,14,S0AQ,,,Yuta Shimizu,L,163,JPN,26.385,241,230,I426,,,Masamichi Imamura,R,178,JPN,26.927,557,70,7-5 6-4,3,R32,101,1,2,73,46,32,9,11,3,7,1,3,74,47,26,11,11,4,10
2025-7288,Seoul,Hard,32,C,O,20251027,15,Y218,,,Elias Ymer,R,185,SWE,29.547,204,275,TD55,,,Renta Tokuda,R,178,JPN,27.581,316,162,5-7 6-1 6-0,3,R32,95,9,6,72,44,33,14,13,1,4,0,1,70,45,24,11,12,7,14
2025-7288,Seoul,Hard,32,C,O,20251027,16,Z0CQ,,,Yi Zhou,R,193,CHN,20.621,265,200,S09P,,,Sanhui Shin,R,178,KOR,28.611,377,131,7-6(0) 6-0,3,R32,79,4,0,52,30,22,11,9,0,2,0,2,61,37,14,11,9,3,8
2025-7288,Seoul,Hard,32,C,O,20251027,17,Y09V,2,,Yunchaokete Bu,R,185,CHN,23.77,114,551,HH06,,,Marc-Andrea Huesler,L,196,SUI,29.342,257,212,6-1 4-6 6-1,3,R16,132,4,3,70,43,36,13,12,3,4,8,4,111,54,33,26,12,12,17
2025-7288,Seoul,Hard,32,C,O,20251027,18,SN54,,,Frederico Ferreira Silva,L,178,POR,30.612,254,214,N732,3,,Yoshihito Nishioka,L,170,JPN,30.084,137,459,6-0 5-7 7-6(5),3,R16,166,5,3,91,60,43,13,15,3,8,2,1,106,77,41,13,15,6,13
2025-7288,Seoul,Hard,32,C,O,20251027,19,R09X,4,,Jurij Rodionov,L,191,AUT,26.45,156,383,S0AQ,,,Yuta Shimizu,L,163,JPN,26.385,241,230,2-6 7-5 6-4,3,R16,134,4,8,88,41,29,21,15,5,11,2,6,109,62,40,17,15,9,15
2025-7288,Seoul,Hard,32,C,O,20251027,20,W0BH,5,,Coleman Wong,R,191,HKG,21.391,161,362,H09F,,,Yu Hsiou Hsu,R,178,TPE,26.571,229,251,6-4 7-6(3),3,R16,87,10,4,69,43,34,11,11,2,5,1,1,62,45,25,9,11,1,5
2025-7288,Seoul,Hard,32,C,O,20251027,21,Z0CQ,,,Yi Zhou,R,193,CHN,20.621,265,200,DA81,8,,Taro Daniel,R,191,JPN,32.747,275,196,6-7(8) 6-3 6-0,3,R16,136,7,4,82,40,34,28,13,4,4,2,2,95,56,36,19,14,3,8
2025-7288,Seoul,Hard,32,C,O,20251027,22,S0HR,,,Kasidit Samrej,R,191,THA,24.767,408,116,C0AK,,,Oliver Crawford,R,180,GBR,26.494,187,295,6-4 3-6 6-4,3,R16,144,8,3,80,39,32,21,14,0,2,7,6,109,58,41,25,15,5,8
2025-7288,Seoul,Hard,32,C,O,20251027,23,SY67,,,Sho Shimabukuro,R,180,JPN,28.244,193,285,N09U,,,Rio Noguchi,R,168,JPN,26.831,252,217,6-4 6-3,3,R16,72,4,0,44,26,23,11,9,0,1,0,2,66,41,24,10,10,3,7
2025-7288,Seoul,Hard,32,C,O,20251027,24,Y218,,,Elias Ymer,R,185,SWE,29.547,204,275,I0AX,,,Kokoro Isomura,R,175,JPN,22.762,515,81,6-2 6-3,3,R16,78,6,1,49,35,26,9,9,2,3,1,6,66,36,24,9,8,5,9
2025-7288,Seoul,Hard,32,C,O,20251027,25,W0BH,5,,Coleman Wong,R,191,HKG,21.391,161,362,Y09V,2,,Yunchaokete Bu,R,185,CHN,23.77,114,551,6-3 6-4,3,QF,84,8,2,57,37,31,11,10,1,1,5,1,66,36,28,11,9,4,6
2025-7288,Seoul,Hard,32,C,O,20251027,26,Y218,,,Elias Ymer,R,185,SWE,29.547,204,275,R09X,4,,Jurij Rodionov,L,191,AUT,26.45,156,383,6-4 3-6 6-2,3,QF,114,6,0,79,47,37,15,13,3,5,5,3,85,53,39,13,14,6,10
2025-7288,Seoul,Hard,32,C,O,20251027,27,SY67,,,Sho Shimabukuro,R,180,JPN,28.244,193,285,S0HR,,,Kasidit Samrej,R,191,THA,24.767,408,116,6-3 6-4,3,QF,91,8,3,63,38,29,9,9,3,5,1,3,77,45,25,14,10,7,12
2025-7288,Seoul,Hard,32,C,O,20251027,28,Z0CQ,,,Yi Zhou,R,193,CHN,20.621,265,200,SN54,,,Frederico Ferreira Silva,L,178,POR,30.612,254,214,7-6(6) 6-3,3,QF,111,9,3,57,34,24,12,10,1,4,1,0,77,52,26,14,11,10,15
2025-7288,Seoul,Hard,32,C,O,20251027,29,W0BH,5,,Coleman Wong,R,191,HKG,21.391,161,362,Z0CQ,,,Yi Zhou,R,193,CHN,20.621,265,200,7-6(2) 4-6 6-2,3,SF,121,14,2,96,61,42,22,15,3,5,6,3,93,59,40,17,15,5,8
2025-7288,Seoul,Hard,32,C,O,20251027,30,SY67,,,Sho Shimabukuro,R,180,JPN,28.244,193,285,Y218,,,Elias Ymer,R,185,SWE,29.547,204,275,6-1 4-6 6-3,3,SF,121,7,1,76,43,32,19,13,4,6,4,2,95,59,37,15,13,4,9
2025-7288,Seoul,Hard,32,C,O,20251027,31,SY67,,,Sho Shimabukuro,R,180,JPN,28.244,193,285,W0BH,5,,Coleman Wong,R,191,HKG,21.391,161,362,6-4 6-3,3,F,72,1,5,62,33,25,15,9,1,2,3,2,53,26,16,15,10,2,6
2025-2278,Taipei,Hard,32,C,I,20251103,1,D994,1,,James Duckworth,R,183,AUS,33.785,113,553,DA81,,,Taro Daniel,R,191,JPN,32.767,324,153,2-6 7-6(2) 6-2,3,R32,131,12,8,95,57,42,20,14,7,10,12,0,84,48,38,17,14,9,12
2025-2278,Taipei,Hard,32,C,I,20251103,2,N732,2,,Yoshihito Nishioka,L,170,JPN,30.103,134,466,H0BA,,,Shinji Hazawa,R,175,JPN,26.563,823,29,6-4 6-3,3,R32,86,3,1,73,45,31,16,10,6,7,3,3,57,33,22,11,9,3,6
2025-2278,Taipei,Hard,32,C,I,20251103,3,R09X,3,,Jurij Rodionov,L,191,AUT,26.47,161,372,N652,,,JiSung Nam,R,183,KOR,32.219,749,36,2-6 7-6(3) 6-2,3,R32,111,13,3,96,66,46,13,14,3,7,4,4,88,52,32,21,14,7,11
2025-2278,Taipei,Hard,32,C,I,20251103,4,W0BH,4,,Coleman Wong,R,191,HKG,21.41,152,405,CH80,,,Luca Castelnuovo,L,188,SUI,28.761,400,118,6-4 4-6 7-5,3,R32,125,15,2,119,71,49,24,16,6,9,11,5,88,49,37,19,16,1,5
2025-2278,Taipei,Hard,32,C,I,20251103,5,M0OQ,5,,James McCabe,R,188,AUS,22.333,195,285,MR77,,,Cing-Yang Meng,,175,TPE,27.294,1982,1,6-7(5) 6-4 7-5,3,R32,164,20,1,103,62,51,25,17,4,4,5,7,110,63,50,22,17,5,7
2025-2278,Taipei,Hard,32,C,I,20251103,6,Y218,6,,Elias Ymer,R,185,SWE,29.566,189,300,P0AV,,,Uisung Park,R,175,KOR,25.101,724,40,6-4 1-6 7-6(2),3,R32,143,8,11,115,59,45,22,14,10,14,4,6,86,43,35,20,15,3,6
2025-2278,Taipei,Hard,32,C,I,20251103,7,H09F,7,,Yu Hsiou Hsu,R,178,TPE,26.59,220,257,LH70,,,Kuan-Yi Lee,R,178,TPE,29.15,642,53,6-3 3-6 6-0,3,R32,108,8,3,77,41,33,17,12,3,5,1,4,62,36,23,11,12,1,6
2025-2278,Taipei,Hard,32,C,I,20251103,8,S0AQ,8,,Yuta Shimizu,L,163,JPN,26.404,255,215,G09C,,,Marek Gengel,R,185,CZE,30.13,320,155,6-0 7-6(8),3,R32,85,5,1,71,49,39,7,9,4,5,4,1,64,35,23,13,9,2,6
2025-2278,Taipei,Hard,32,C,I,20251103,9,H0B5,,,Tsung-Hao Huang,R,173,TPE,25.949,474,91,Z09K,,,Evan Zhu,R,185,USA,27.22,568,69,6-2 6-1,3,R32,60,1,1,39,27,23,9,8,0,0,0,4,60,36,20,9,7,8,12
2025-2278,Taipei,Hard,32,C,I,20251103,10,I426,,,Masamichi Imamura,R,178,JPN,26.946,570,68,TB70,,,Wishaya Trongcharoenchaikul,R,,THA,30.574,847,27,6-3 6-1,3,R32,65,2,0,36,22,21,11,8,0,0,7,2,71,50,31,5,8,10,14
2025-2278,Taipei,Hard,32,C,I,20251103,11,J620,,,Maxime Janvier,R,196,FRA,29.043,532,76,W857,,,Tung-Lin Wu,R,188,TPE,27.48,511,82,4-6 6-3 7-6(7),3,R32,158,7,13,130,68,51,26,16,7,10,6,2,94,66,45,12,15,0,3
2025-2278,Taipei,Hard,32,C,I,20251103,12,J380,,,Jason Jung,R,180,TPE,36.386,1260,6,W0A4,,,Arthur Weber,L,185,FRA,33.487,534,75,6-7(5) 6-3 7-6(6),3,R32,174,10,8,125,80,61,19,17,6,9,3,4,128,89,51,24,16,10,14
2025-2278,Taipei,Hard,32,C,I,20251103,13,O0AD,,,Neil Oberleitner,R,191,AUT,26.248,429,106,I0A6,,,Taisei Ichikawa,L,180,JPN,24.868,842,27,6-3 6-4,3,R32,70,7,4,63,39,34,9,10,2,3,3,3,49,28,21,9,9,1,4
2025-2278,Taipei,Hard,32,C,I,20251103,14,SQ80,,,Akira Santillan,R,180,AUS,28.452,390,123,S0HR,,,Kasidit Samrej,R,191,THA,24.786,404,116,6-3 7-6(13),3,R32,111,9,1,80,56,38,16,11,2,3,5,1,84,54,38,11,10,5,7
2025-2278,Taipei,Hard,32,C,I,20251103,15,U120,,,Kaichi Uchida,R,180,JPN,31.198,328,152,MP13,,,Mukund Sasikumar,R,185,IND,28.802,518,79,7-6(5) 6-2,3,R32,92,5,0,64,37,30,18,10,1,1,13,5,77,49,36,11,10,3,5
2025-2278,Taipei,Hard,32,C,I,20251103,16,V0B2,,,Michael Vrbensky,R,,CZE,25.856,696,43,RB86,,,Sidharth Rawat,R,175,IND,32.537,651,51,6-4 6-7(3) 6-4,3,R32,140,10,6,88,54,42,18,16,2,5,0,4,119,67,44,24,16,11,16
2025-2278,Taipei,Hard,32,C,I,20251103,17,D994,1,,James Duckworth,R,183,AUS,33.785,113,553,V0B2,,,Michael Vrbensky,R,,CZE,25.856,696,43,6-3 6-2,3,R16,87,3,0,48,22,18,16,9,2,3,4,10,74,34,23,14,8,8,12
2025-2278,Taipei,Hard,32,C,I,20251103,18,N732,2,,Yoshihito Nishioka,L,170,JPN,30.103,134,466,J380,,,Jason Jung,R,180,TPE,36.386,1260,6,7-5 6-2,3,R16,89,4,1,50,26,21,15,10,0,2,5,4,75,45,24,13,10,3,8
2025-2278,Taipei,Hard,32,C,I,20251103,19,I426,,,Masamichi Imamura,R,178,JPN,26.946,570,68,R09X,3,,Jurij Rodionov,L,191,AUT,26.47,161,372,6-4 6-0,3,R16,60,1,0,49,26,20,14,8,4,4,1,0,46,22,12,13,8,0,4
2025-2278,Taipei,Hard,32,C,I,20251103,20,W0BH,4,,Coleman Wong,R,191,HKG,21.41,152,405,H0B5,,,Tsung-Hao Huang,R,173,TPE,25.949,474,91,6-4 6-4,3,R16,75,7,0,61,36,30,14,10,4,4,1,2,70,38,23,20,10,3,5
2025-2278,Taipei,Hard,32,C,I,20251103,21,M0OQ,5,,James McCabe,R,188,AUS,22.333,195,285,O0AD,,,Neil Oberleitner,R,191,AUT,26.248,429,106,6-4 6-4,3,R16,91,9,2,65,38,27,19,10,5,5,8,5,55,32,27,9,10,1,3
2025-2278,Taipei,Hard,32,C,I,20251103,22,J620,,,Maxime Janvier,R,196,FRA,29.043,532,76,Y218,6,,Elias Ymer,R,185,SWE,29.566,189,300,7-5 6-7(4) 6-3,3,R16,153,4,7,125,79,60,19,17,7,9,7,5,95,56,44,18,16,3,7
2025-2278,Taipei,Hard,32,C,I,20251103,23,SQ80,,,Akira Santillan,R,180,AUS,28.452,390,123,H09F,7,,Yu Hsiou Hsu,R,178,TPE,26.59,220,257,3-6 6-3 7-5,3,R16,141,4,1,75,52,37,12,15,1,5,2,2,114,79,54,10,15,9,14
2025-2278,Taipei,Hard,32,C,I,20251103,24,U120,,,Kaichi Uchida,R,180,JPN,31.198,328,152,S0AQ,8,,Yuta Shimizu,L,163,JPN,26.404,255,215,6-1 6-2,3,R16,65,8,2,49,30,26,7,8,6,7,2,4,46,22,12,6,7,4,9
2025-2278,Taipei,Hard,32,C,I,20251103,25,D994,1,,James Duckworth,R,183,AUS,33.785,113,553,U120,,,Kaichi Uchida,R,180,JPN,31.198,328,152,6-3 7-6(2),3,QF,76,17,1,64,38,34,16,11,1,1,12,2,57,32,27,16,10,1,2
2025-2278,Taipei,Hard,32,C,I,20251103,26,N732,2,,Yoshihito Nishioka,L,170,JPN,30.103,134,466,SQ80,,,Akira Santillan,R,180,AUS,28.452,390,123,6-2 5-7 6-4,3,QF,125,1,0,73,46,37,15,15,5,8,6,5,84,44,31,16,15,0,5
2025-2278,Taipei,Hard,32,C,I,20251103,27,W0BH,4,,Coleman Wong,R,191,HKG,21.41,152,405,J620,,,Maxime Janvier,R,196,FRA,29.043,532,76,6-4 6-4,3,QF,64,9,3,51,25,23,17,10,0,0,4,2,53,32,23,14,10,1,3
2025-2278,Taipei,Hard,32,C,I,20251103,28,M0OQ,5,,James McCabe,R,188,AUS,22.333,195,285,I426,,,Masamichi Imamura,R,178,JPN,26.946,570,68,6-4 1-6 6-3,3,QF,120,9,0,78,46,27,20,13,2,6,5,3,82,53,31,16,13,2,6
2025-2278,Taipei,Hard,32,C,I,20251103,29,D994,1,,James Duckworth,R,183,AUS,33.785,113,553,W0BH,4,,Coleman Wong,R,191,HKG,21.41,152,405,6-3 6-4,3,SF,62,5,2,51,24,22,18,10,0,0,9,0,46,29,22,10,9,0,2
2025-2278,Taipei,Hard,32,C,I,20251103,30,N732,2,,Yoshihito Nishioka,L,170,JPN,30.103,134,466,M0OQ,5,,James McCabe,R,188,AUS,22.333,195,285,6-2 5-7 6-1,3,SF,117,1,2,69,53,34,11,13,3,6,10,7,87,51,34,11,14,7,14
2025-2278,Taipei,Hard,32,C,I,20251103,31,N732,2,,Yoshihito Nishioka,L,170,JPN,30.103,134,466,D994,1,,James Duckworth,R,183,AUS,33.785,113,553,7-5 7-6(5),3,F,108,2,1,70,43,28,20,12,3,6,9,5,79,40,29,15,12,2,6
2025-363,Knoxville,Hard,32,C,I,20251103,1,T0BW,1,,James Trotter,R,183,JPN,26.267,260,210,BV21,,,Charles Broom,R,178,GBR,27.529,350,140,6-4 1-6 7-6(4),3,R32,119,16,1,101,68,53,14,15,6,9,10,2,69,38,34,23,14,0,1
2025-363,Knoxville,Hard,32,C,I,20251103,2,CI14,2,,Jay Clarke,R,183,GBR,27.272,203,277,R0F6,,,Francisco Rocha,R,185,PRT,26.084,753,36,6-1 6-4,3,R32,86,2,2,67,38,25,18,9,7,8,6,3,56,35,25,5,8,3,7
2025-363,Knoxville,Hard,32,C,I,20251103,3,M0AW,3,,Nicolas Mejia,R,183,COL,25.728,208,269,T0EI,,,Aristotelis Thanos,R,193,GRE,24.575,435,103,6-4 7-5,3,R32,95,2,3,66,36,25,15,11,3,6,3,8,64,36,19,14,11,2,7
2025-363,Knoxville,Hard,32,C,I,20251103,4,KC12,5,,Mitchell Krueger,R,188,USA,31.808,236,240,R0J1,,,Hoyoung Roh,R,185,KOR,19.54,827,28,6-2 6-3,3,R32,56,10,2,40,30,27,6,8,1,1,6,1,48,28,16,9,9,0,4
2025-363,Knoxville,Hard,32,C,I,20251103,5,G0BY,6,,Daniil Glinka,L,188,EST,25.478,256,214,M0DY,,,Peter Makk,R,180,HUN,24.038,916,20,6-2 6-4,3,R32,66,9,0,55,33,28,13,9,1,1,4,2,43,24,17,9,9,0,3
2025-363,Knoxville,Hard,32,C,I,20251103,6,SK94,,,Cedrik-Marcel Stebe,L,180,GER,35.069,427,106,RG42,7,,Alex Rybakov,L,185,USA,28.767,268,199,6-7(5) 7-6(2) 6-0,3,R32,145,5,4,101,66,51,21,15,3,4,5,4,101,65,42,19,15,12,16
2025-363,Knoxville,Hard,32,C,I,20251103,7,M0NP,8,,Andres Martin,R,183,USA,24.326,269,199,Z0AK,,,Tyler Zink,R,185,USA,24.758,299,172,6-3 6-2,3,R32,64,4,1,57,35,30,10,9,2,2,1,1,48,23,16,10,8,2,5
2025-363,Knoxville,Hard,32,C,I,20251103,8,B0NO,,,Darwin Blanch,L,185,USA,18.1,335,148,K0EL,,,Alexander Kotzen,R,185,USA,25.342,993,15,6-4 6-2,3,R32,77,7,3,65,41,33,11,9,6,6,1,3,53,34,22,9,9,4,7
2025-363,Knoxville,Hard,32,C,I,20251103,9,C0HT,,,Murphy Cassone,R,188,USA,23.217,245,225,S0EK,,,Matias Soto,R,170,CHI,26.522,275,196,6-3 6-2,3,R32,57,10,1,52,39,30,8,9,1,1,4,4,42,26,18,5,8,0,3
2025-363,Knoxville,Hard,32,C,I,20251103,10,G0IW,,,Antoine Ghibaudo,R,191,FRA,20.772,339,146,P0EA,,,Saba Purtseladze,R,191,GEO,24.205,288,183,6-2 6-2,3,R32,61,3,1,47,28,22,12,8,1,1,5,2,43,30,16,4,8,1,5
2025-363,Knoxville,Hard,32,C,I,20251103,11,KE64,,,Stefan Kozlov,R,183,USA,27.754,471,91,R0KI,,,Dominique Rolland,R,201,USA,21.043,966,17,7-6(1) 2-6 6-1,3,R32,147,2,3,87,55,36,16,14,3,8,5,7,82,41,23,19,13,5,10
2025-363,Knoxville,Hard,32,C,I,20251103,12,M0NA,,,Shunsuke Mitsui,R,178,JPN,23.458,687,44,S0DE,,,Dhakshineswar Suresh,R,196,IND,25.599,528,76,7-6(3) 7-6(0),3,R32,103,2,0,72,49,37,15,12,2,4,4,3,77,42,32,16,12,4,6
2025-363,Knoxville,Hard,32,C,I,20251103,13,M0NL,,,Inaki Montes-De La Torre,R,178,ESP,23.086,363,135,RH62,,,Mats Rosenkranz,L,193,GER,27.198,261,210,6-1 2-0 RET,3,R32,41,5,1,27,16,15,6,5,1,1,3,2,30,14,7,6,4,3,6
2025-363,Knoxville,Hard,32,C,I,20251103,14,PL39,,,Alfredo Perez,R,193,USA,28.452,315,160,F0CK,,,Andrew Fenty,R,193,USA,25.656,439,102,6-4 6-3,3,R32,83,6,0,56,40,28,12,9,3,4,4,1,57,33,23,9,10,3,7
2025-363,Knoxville,Hard,32,C,I,20251103,15,T0GR,,,Oliver Tarvet,R,185,GBR,22.015,338,146,I0B0,,,Andre Ilagan,L,173,USA,24.964,340,146,3-6 6-3 7-6(6),3,R32,156,16,3,105,63,48,21,15,1,3,4,1,99,64,49,15,15,3,5
2025-363,Knoxville,Hard,32,C,I,20251103,16,W0BB,,,Max Wiskandt,R,191,GER,23.754,436,103,B0JG,,,Leo Borg,R,183,SWE,22.472,516,80,4-6 6-1 6-2,3,R32,115,8,2,79,46,36,19,13,5,7,2,3,79,48,30,12,12,5,10
2025-363,Knoxville,Hard,32,C,I,20251103,17,M0NL,,,Inaki Montes-De La Torre,R,178,ESP,23.086,363,135,T0BW,1,,James Trotter,R,183,JPN,26.267,260,210,7-6(3) 7-6(6),3,R16,135,6,2,86,63,48,18,12,4,4,14,1,99,71,50,16,12,2,2
2025-363,Knoxville,Hard,32,C,I,20251103,18,CI14,2,,Jay Clarke,R,183,GBR,27.272,203,277,KE64,,,Stefan Kozlov,R,183,USA,27.754,471,91,6-2 2-6 6-3,3,R16,130,1,4,82,46,32,21,13,2,4,4,3,72,47,31,14,12,3,6
2025-363,Knoxville,Hard,32,C,I,20251103,19,C0HT,,,Murphy Cassone,R,188,USA,23.217,245,225,M0AW,3,,Nicolas Mejia,R,183,COL,25.728,208,269,6-3 5-7 6-3,3,R16,150,13,5,86,54,42,18,15,7,9,3,0,97,62,41,18,15,9,13
2025-363,Knoxville,Hard,32,C,I,20251103,20,KC12,5,,Mitchell Krueger,R,188,USA,31.808,236,240,G0IW,,,Antoine Ghibaudo,R,191,FRA,20.772,339,146,6-2 6-1,3,R16,69,3,1,47,27,19,14,7,6,6,4,1,43,28,16,5,8,5,10
2025-363,Knoxville,Hard,32,C,I,20251103,21,G0BY,6,,Daniil Glinka,L,188,EST,25.478,256,214,PL39,,,Alfredo Perez,R,193,USA,28.452,315,160,6-3 6-4,3,R16,82,4,3,63,39,33,11,10,2,2,3,3,49,34,26,5,9,0,2
2025-363,Knoxville,Hard,32,C,I,20251103,22,B0NO,,,Darwin Blanch,L,185,USA,18.1,335,148,M0NP,8,,Andres Martin,R,183,USA,24.326,269,199,6-4 6-4,3,R16,81,6,0,60,39,32,9,10,6,7,5,0,64,46,30,8,10,3,6
2025-363,Knoxville,Hard,32,C,I,20251103,23,M0NA,,,Shunsuke Mitsui,R,178,JPN,23.458,687,44,W0BB,,,Max Wiskandt,R,191,GER,23.754,436,103,6-1 6-7(3) 6-2,3,R16,135,3,2,91,62,45,13,13,2,4,3,3,96,64,37,13,14,6,13
2025-363,Knoxville,Hard,32,C,I,20251103,24,SK94,,,Cedrik-Marcel Stebe,L,180,GER,35.069,427,106,T0GR,,,Oliver Tarvet,R,185,GBR,22.015,338,146,6-3 7-6(5),3,R16,96,9,2,62,48,36,8,10,4,5,4,1,61,42,28,10,11,1,4
2025-363,Knoxville,Hard,32,C,I,20251103,25,B0NO,,,Darwin Blanch,L,185,USA,18.1,335,148,CI14,2,,Jay Clarke,R,183,GBR,27.272,203,277,6-3 7-6(5),3,QF,95,9,2,59,31,29,18,10,1,1,4,3,83,56,38,12,11,7,9
2025-363,Knoxville,Hard,32,C,I,20251103,26,KC12,5,,Mitchell Krueger,R,188,USA,31.808,236,240,M0NL,,,Inaki Montes-De La Torre,R,178,ESP,23.086,363,135,7-5 6-4,3,QF,100,6,0,57,37,30,8,11,0,2,2,4,70,42,29,10,11,2,6
2025-363,Knoxville,Hard,32,C,I,20251103,27,G0BY,6,,Daniil Glinka,L,188,EST,25.478,256,214,M0NA,,,Shunsuke Mitsui,R,178,JPN,23.458,687,44,7-5 6-3,3,QF,97,4,3,52,27,22,18,10,0,0,1,3,88,56,36,14,11,8,11
2025-363,Knoxville,Hard,32,C,I,20251103,28,SK94,,,Cedrik-Marcel Stebe,L,180,GER,35.069,427,106,C0HT,,,Murphy Cassone,R,188,USA,23.217,245,225,7-6(13) 6-3,3,QF,124,7,5,83,48,37,18,11,3,4,4,2,94,57,40,15,10,12,14
2025-363,Knoxville,Hard,32,C,I,20251103,29,KC12,5,,Mitchell Krueger,R,188,USA,31.808,236,240,SK94,,,Cedrik-Marcel Stebe,L,180,GER,35.069,427,106,6-4 6-1,3,SF,84,5,0,67,48,31,11,9,6,7,1,1,53,24,14,12,8,1,5
2025-363,Knoxville,Hard,32,C,I,20251103,30,B0NO,,,Darwin Blanch,L,185,USA,18.1,335,148,G0BY,6,,Daniil Glinka,L,188,EST,25.478,256,214,6-4 7-6(2),3,SF,98,6,1,67,40,34,15,11,0,1,8,0,78,49,33,15,11,3,5
2025-363,Knoxville,Hard,32,C,I,20251103,31,KC12,5,,Mitchell Krueger,R,188,USA,31.808,236,240,B0NO,,,Darwin Blanch,L,185,USA,18.1,335,148,6-7(2) 6-4 6-1,3,F,126,10,1,94,66,49,13,14,2,3,11,3,100,47,31,27,15,2,7
2025-6579,Lima 2,Clay,32,C,O,20251103,1,DC48,,,Murkel Dellien,R,193,BOL,28.131,265,203,N0BS,1,,Mariano Navone,R,178,ARG,24.682,74,785,6-2 7-6(5),3,R32,115,1,3,71,40,26,17,10,3,5,2,2,63,44,26,7,10,1,5
2025-6579,Lima 2,Clay,32,C,O,20251103,2,O660,,,Genaro Alberto Olivieri,R,175,ARG,27.25,228,251,TE16,2,,Carlos Taberner,R,183,ESP,28.238,103,628,2-6 7-5 6-4,3,R32,164,1,0,100,79,45,13,15,8,13,2,6,95,51,32,21,15,8,13
2025-6579,Lima 2,Clay,32,C,O,20251103,3,GD64,,,Cristian Garin,R,185,CHI,29.429,104,614,S0GR,,,Timofey Skatov,R,173,KAZ,24.783,237,238,6-1 6-2,3,R32,66,5,0,39,25,23,9,8,0,0,0,0,45,26,15,7,7,3,7
2025-6579,Lima 2,Clay,32,C,O,20251103,4,B0FV,4,,Roman Andres Burruchaga,R,183,ARG,23.778,105,594,CF01,,,Marco Cecchinato,R,185,ITA,33.092,233,246,2-6 6-0 6-3,3,R32,112,2,1,70,53,34,7,11,5,8,1,1,67,52,29,6,12,4,10
2025-6579,Lima 2,Clay,32,C,O,20251103,5,B0ID,5,,Ignacio Buse,R,183,PER,21.61,109,571,T133,,,Miguel Tobon,R,185,COL,57.366,732,15,6-7(2) 6-4 6-3,3,R32,146,8,2,89,56,36,20,16,1,5,3,1,123,74,45,23,15,15,21
2025-6579,Lima 2,Clay,32,C,O,20251103,6,BS86,6,,Tomas Barrios Vera,R,191,CHI,27.899,122,500,KH56,,,Zdenek Kolar,R,183,CZE,29.068,223,256,7-5 6-3,3,R32,105,2,2,61,41,26,12,10,5,7,3,4,79,54,33,9,11,10,15
2025-6579,Lima 2,Clay,32,C,O,20251103,7,B0GR,,,Gonzalo Bueno,R,173,PER,21.585,218,261,G0FW,7,,Vilius Gaubas,R,178,LTU,20.846,128,483,6-4 6-3,3,R32,93,0,2,61,41,23,9,9,3,7,1,3,58,39,19,4,10,6,13
2025-6579,Lima 2,Clay,32,C,O,20251103,8,G0DH,,,Alvaro Guillen Meza,R,175,ECU,22.836,213,264,B0EJ,8,,Tristan Boyer,R,188,USA,24.537,145,426,1-6 6-2 6-4,3,R32,145,0,1,91,65,43,8,12,6,10,0,4,88,51,32,17,13,7,12
2025-6579,Lima 2,Clay,32,C,O,20251103,9,B0GR,,,Alex Barrena,R,173,PER,21.585,218,261,R0BT,,,Franco Roncadelli,L,185,URU,25.741,366,134,6-4 6-4,3,R32,105,2,1,70,46,24,14,10,5,9,0,2,63,33,13,15,10,5,11
2025-6579,Lima 2,Clay,32,C,O,20251103,10,GE28,,,Ivan Gakhov,L,191,RUS,28.997,266,201,H0C9,,,Arklon Huertas Del Pino Cordova,R,183,PER,31.302,930,19,6-3 4-6 6-3,3,R32,137,2,0,94,65,42,17,14,3,6,1,5,101,73,42,13,14,5,10
2025-6579,Lima 2,Clay,32,C,O,20251103,11,HF80,,,Hady Habib,R,188,LBN,27.203,174,328,V0DP,,,Adolfo Daniel Vallejo,R,183,PAR,21.517,168,348,7-6(2) 7-6(5),3,R32,111,10,3,85,56,41,16,12,5,7,8,4,86,57,40,13,12,6,8
2025-6579,Lima 2,Clay,32,C,O,20251103,12,KC29,,,Nicolas Kicker,R,178,ARG,33.216,278,194,V821,,,Mariano Kestelboim,R,175,ARG,30.806,344,143,6-3 6-2,3,R32,75,1,0,43,38,27,2,8,0,1,0,1,56,40,24,4,9,2,7
2025-6579,Lima 2,Clay,32,C,O,20251103,13,O660,,,Joao Lucas Reis Da Silva,R,175,ARG,27.25,228,251,V821,,,Lautaro Midon,R,175,ARG,30.806,344,143,7-6(4) 6-3,3,R32,88,0,0,64,45,38,10,11,2,3,1,0,59,33,23,14,10,1,3
2025-6579,Lima 2,Clay,32,C,O,20251103,14,T0DM,,,Juan Bautista Torres,R,178,ARG,23.589,381,128,P0IY,,,Juan Carlos Prado Angelo,R,185,BOL,20.663,226,255,7-6(2) 6-3,3,R32,116,0,1,59,40,28,12,10,0,2,2,1,75,46,27,13,11,6,10
2025-6579,Lima 2,Clay,32,C,O,20251103,15,V836,,,Juan Pablo Varillas,R,185,PER,30.078,330,151,GJ16,,,Federico Agustin Gomez,R,191,ARG,28.936,270,197,7-6(5) 3-6 7-6(3),3,R32,182,3,6,119,79,60,18,16,6,8,11,7,129,79,55,27,17,2,3
2025-6579,Lima 2,Clay,32,C,O,20251103,16,V821,,,Gonzalo Villanueva,R,175,ARG,30.806,344,143,P0J1,,,Rodrigo Pacheco Mendez,L,191,MEX,20.526,202,277,6-3 6-4,3,R32,91,6,0,63,41,29,11,10,7,9,0,0,53,38,24,6,9,3,7
2025-6579,Lima 2,Clay,32,C,O,20251103,17,GD64,,,Cristian Garin,R,185,CHI,29.429,104,614,GE28,,,Ivan Gakhov,L,191,RUS,28.997,266,201,6-3 6-3,3,R16,88,7,1,50,34,25,9,9,2,3,3,1,66,40,25,9,9,4,8
2025-6579,Lima 2,Clay,32,C,O,20251103,18,B0FV,4,,Roman Andres Burruchaga,R,183,ARG,23.778,105,594,V836,,,Juan Pablo Varillas,R,185,PER,30.078,330,151,6-2 6-3,3,R16,72,4,3,42,28,22,9,8,0,1,0,1,49,28,15,10,9,3,8
2025-6579,Lima 2,Clay,32,C,O,20251103,19,G0DH,,,Joao Lucas Reis Da Silva,R,175,ECU,22.836,213,264,B0ID,5,,Ignacio Buse,R,183,PER,21.61,109,571,6-3 6-3,3,R16,73,2,1,50,40,31,5,9,1,2,9,0,53,41,23,6,9,1,5
2025-6579,Lima 2,Clay,32,C,O,20251103,20,BS86,6,,Tomas Barrios Vera,R,191,CHI,27.899,122,500,HF80,,,Hady Habib,R,188,LBN,27.203,174,328,7-5 3-6 6-4,3,R16,129,6,1,87,64,51,11,16,3,5,8,3,86,61,48,12,15,3,5
2025-6579,Lima 2,Clay,32,C,O,20251103,21,B0GR,,,Gonzalo Bueno,R,173,PER,21.585,218,261,T0DM,,,Alex Barrena,R,178,ARG,23.589,381,128,6-3 1-6 7-6(7),3,R16,152,0,0,95,66,46,14,14,3,6,1,1,103,61,43,20,14,10,12
2025-6579,Lima 2,Clay,32,C,O,20251103,22,G0DH,,,Alvaro Guillen Meza,R,175,ECU,22.836,213,264,KC29,,,Nicolas Kicker,R,178,ARG,33.216,278,194,4-6 7-5 6-4,3,R16,161,1,2,81,55,43,15,16,3,6,0,2,112,86,57,13,16,5,9
2025-6579,Lima 2,Clay,32,C,O,20251103,23,GD64,,,Juan Bautista Torres,R,185,CHI,29.429,104,614,DC48,,,Murkel Dellien,R,193,BOL,28.131,265,203,4-6 6-1 6-2,3,R16,136,1,2,87,59,38,10,13,3,7,2,0,75,47,26,7,12,4,11
2025-6579,Lima 2,Clay,32,C,O,20251103,24,B0GR,,,Gonzalo Bueno,R,173,PER,21.585,218,261,GD64,,,Cristian Garin,R,185,CHI,29.429,104,614,7-5 2-6 6-4,3,QF,140,4,0,95,65,45,15,15,8,12,1,1,98,67,47,13,15,7,11
2025-6579,Lima 2,Clay,32,C,O,20251103,25,G0DH,,,Alvaro Guillen Meza,R,175,ECU,22.836,213,264,B0FV,4,,Roman Andres Burruchaga,R,183,ARG,23.778,105,594,6-7(8) 6-2 7-5,3,QF,217,3,3,135,88,56,18,16,10,14,1,6,108,72,39,15,16,6,13
2025-6579,Lima 2,Clay,32,C,O,20251103,26,BS86,6,,Tomas Barrios Vera,R,191,CHI,27.899,122,500,B0GR,,,Juan Bautista Torres,R,173,PER,21.585,218,261,7-6(2) 6-7(6) 7-6(10),3,QF,264,0,4,142,85,55,28,18,9,15,3,1,161,125,78,12,18,6,12
2025-6579,Lima 2,Clay,32,C,O,20251103,27,B0GR,,,Joao Lucas Reis Da Silva,R,173,PER,21.585,218,261,O660,,,Genaro Alberto Olivieri,R,175,ARG,27.25,228,251,6-3 6-4,3,QF,91,0,1,66,39,25,15,9,9,11,0,1,64,51,32,2,10,4,9
2025-6579,Lima 2,Clay,32,C,O,20251103,28,BS86,6,,Tomas Barrios Vera,R,191,CHI,27.899,122,500,G0DH,,,Alvaro Guillen Meza,R,175,ECU,22.836,213,264,6-2 7-5,3,SF,127,1,0,62,47,32,9,10,2,3,4,3,87,61,36,11,10,3,7
2025-6579,Lima 2,Clay,32,C,O,20251103,29,BS86,6,,Tomas Barrios Vera,R,191,CHI,27.899,122,500,R0A7,,,Joao Lucas Reis Da Silva,R,178,BRA,25.607,211,266,7-6(5) 7-6(3),3,F,124,3,0,74,58,45,9,12,1,2,2,0,88,65,44,13,12,8,9
2025-8310,Helsinki,Hard,32,C,I,20251103,1,C977,1,,Marin Cilic,R,198,CRO,37.098,79,774,HG94,,,Benjamin Hassan,R,183,LBN,30.746,215,262,6-4 7-5,3,R32,82,9,5,65,34,29,16,11,3,4,4,3,69,41,28,14,11,5,8
2025-8310,Helsinki,Hard,32,C,I,20251103,2,N0BG,2,,Luca Nardi,R,185,ITA,22.245,81,747,B0MM,,,Edas Butvilas,R,191,LTU,21.281,267,200,6-4 6-2,3,R32,65,2,1,52,35,28,10,9,2,2,2,1,47,31,20,9,9,2,5
2025-8310,Helsinki,Hard,32,C,I,20251103,3,CG33,,,Kimmer Coppejans,R,178,BEL,31.737,191,297,H09P,3,,Brandon Holt,R,185,USA,27.578,111,559,6-4 3-6 7-5,3,R32,112,4,4,85,49,41,15,15,0,3,5,2,84,50,32,22,16,2,6
2025-8310,Helsinki,Hard,32,C,I,20251103,4,D0L3,,,Matej Dodig,R,188,CRO,20.293,248,222,L987,4,,Dusan Lajovic,R,183,SRB,35.346,115,538,6-3 7-6(3),3,R32,84,9,3,71,39,34,18,11,2,2,1,0,61,42,29,14,10,3,4
2025-8310,Helsinki,Hard,32,C,I,20251103,5,K0A3,5,,Patrick Kypson,R,188,USA,26.018,146,426,BU54,,,Geoffrey Blancaneaux,R,180,FRA,27.239,253,217,5-7 6-1 6-3,3,R32,152,8,0,107,70,50,16,14,10,13,11,6,88,44,27,20,14,4,10
2025-8310,Helsinki,Hard,32,C,I,20251103,6,V0AM,6,,Otto Virtanen,R,193,FIN,24.37,141,440,O0A2,,,Gauthier Onclin,R,180,BEL,24.684,217,261,6-1 7-6(6),3,R32,97,18,2,67,37,31,14,10,2,3,2,5,75,43,26,17,9,5,8
2025-8310,Helsinki,Hard,32,C,I,20251103,7,Z0A1,7,,Giulio Zeppieri,L,183,ITA,23.907,155,389,P0N6,,,Oskari Paldanius,R,185,FIN,18.398,984,16,7-6(2) 6-2,3,R32,81,9,3,68,42,35,14,10,5,6,3,8,65,36,27,11,10,2,5
2025-8310,Helsinki,Hard,32,C,I,20251103,8,V993,,,Eero Vasa,R,185,FIN,28.753,519,79,M0N1,8,,Luka Mikrut,R,188,CRO,21.55,160,372,7-5 6-1,3,R32,63,9,0,45,29,24,9,9,0,1,3,5,59,30,18,10,10,3,8
2025-8310,Helsinki,Hard,32,C,I,20251103,9,DC76,,,Viktor Durasovic,R,185,NOR,28.627,247,223,C0NB,,,Federico Cina,R,185,ITA,18.598,209,268,7-6(6) 6-4,3,R32,84,5,4,64,38,30,13,11,0,2,1,4,74,42,27,17,11,3,6
2025-8310,Helsinki,Hard,32,C,I,20251103,10,GA79,,,Lorenzo Giustino,R,180,ITA,34.149,229,249,D0DW,,,Titouan Droguet,R,191,FRA,24.386,150,411,6-2 6-4,3,R32,86,2,1,50,33,29,9,9,1,1,8,6,77,34,28,16,9,7,10
2025-8310,Helsinki,Hard,32,C,I,20251103,11,G0GW,,,Sascha Gueymard Wayenburg,R,191,FRA,22.259,219,260,GH92,,,Borna Gojo,R,196,CRO,27.682,290,178,3-6 7-6(2) 6-4,3,R32,140,11,3,115,67,47,25,15,8,12,19,8,101,55,44,17,16,5,9
2025-8310,Helsinki,Hard,32,C,I,20251103,12,HB48,,,Calvin Hemery,R,191,FRA,30.765,231,247,F840,,,Nerman Fatic,R,191,BIH,31.028,206,272,6-3 7-6(4),3,R32,102,13,1,79,48,36,13,11,4,6,6,6,73,40,29,12,10,5,8
2025-8310,Helsinki,Hard,32,C,I,20251103,13,N679,,,Stefano Napolitano,R,196,ITA,30.565,525,77,GK06,,,Alexis Galarneau,R,180,CAN,26.675,187,301,6-2 6-7(3) 6-4,3,R32,133,7,1,84,48,36,26,15,1,2,3,6,104,57,40,23,15,4,8
2025-8310,Helsinki,Hard,32,C,I,20251103,14,R0E0,,,Chris Rodesch,R,198,LUX,24.296,182,320,E0DD,,,Justin Engel,R,185,GER,18.092,193,295,6-4 6-7(3) 6-4,3,R32,136,13,9,110,57,42,24,16,6,10,7,5,97,51,37,20,16,1,7
2025-8310,Helsinki,Hard,32,C,I,20251103,15,RH24,,,Emil Ruusuvuori,R,188,FIN,26.59,574,65,N0CS,,,Lukas Neumayer,R,183,AUT,23.159,186,302,6-4 7-6(3),3,R32,93,11,3,58,30,27,17,11,1,3,8,9,90,56,39,13,11,5,8
2025-8310,Helsinki,Hard,32,C,I,20251103,16,TA12,,,Stefano Travaglia,R,185,ITA,33.851,230,248,P0BK,,,Stuart Parker,R,185,GBR,28.263,384,126,6-3 6-4,3,R32,75,3,1,52,25,23,17,10,1,2,5,6,53,29,23,8,9,1,4
2025-8310,Helsinki,Hard,32,C,I,20251103,17,C977,1,,Marin Cilic,R,198,CRO,37.098,79,774,N679,,,Stefano Napolitano,R,196,ITA,30.565,525,77,6-2 4-6 7-5,3,R16,141,21,3,93,52,37,23,15,6,9,6,4,94,53,37,18,15,7,12
2025-8310,Helsinki,Hard,32,C,I,20251103,18,N0BG,2,,Luca Nardi,R,185,ITA,22.245,81,747,DC76,,,Viktor Durasovic,R,185,NOR,28.627,247,223,6-2 6-2,3,R16,71,0,1,48,31,25,10,8,3,3,3,3,60,31,21,10,8,4,8
2025-8310,Helsinki,Hard,32,C,I,20251103,19,K0A3,5,,Patrick Kypson,R,188,USA,26.018,146,426,HB48,,,Calvin Hemery,R,191,FRA,30.765,231,247,3-6 6-2 7-6(5),3,R16,136,7,4,84,52,41,19,14,1,2,12,3,98,54,44,20,15,5,7
2025-8310,Helsinki,Hard,32,C,I,20251103,20,V0AM,6,,Otto Virtanen,R,193,FIN,24.37,141,440,RH24,,,Emil Ruusuvuori,R,188,FIN,26.59,574,65,6-4 6-2,3,R16,69,15,3,51,33,26,10,9,1,2,4,6,70,42,28,9,9,5,9
2025-8310,Helsinki,Hard,32,C,I,20251103,21,Z0A1,7,,Giulio Zeppieri,L,183,ITA,23.907,155,389,R0E0,,,Chris Rodesch,R,198,LUX,24.296,182,320,4-6 6-2 6-3,3,R16,104,11,3,96,60,46,16,14,5,7,9,6,69,44,32,11,13,3,7
2025-8310,Helsinki,Hard,32,C,I,20251103,22,GA79,,,Lorenzo Giustino,R,180,ITA,34.149,229,249,CG33,,,Kimmer Coppejans,R,178,BEL,31.737,191,297,7-6(5) 7-6(5),3,R16,136,4,1,84,56,43,14,12,7,9,5,4,94,52,37,20,12,3,5
2025-8310,Helsinki,Hard,32,C,I,20251103,23,G0GW,,,Sascha Gueymard Wayenburg,R,191,FRA,22.259,219,260,D0L3,,,Matej Dodig,R,188,CRO,20.293,248,222,6-4 6-2,3,R16,71,4,2,48,31,26,11,9,1,1,4,1,57,30,18,15,9,5,8
2025-8310,Helsinki,Hard,32,C,I,20251103,24,TA12,,,Stefano Travaglia,R,185,ITA,33.851,230,248,V993,,,Eero Vasa,R,185,FIN,28.753,519,79,6-4 5-7 7-5,3,R16,139,1,1,91,36,27,37,17,2,4,7,4,112,57,45,26,17,7,10
2025-8310,Helsinki,Hard,32,C,I,20251103,25,V0AM,6,,Otto Virtanen,R,193,FIN,24.37,141,440,C977,1,,Marin Cilic,R,198,CRO,37.098,79,774,7-5 6-4,3,QF,92,9,4,56,27,24,18,11,0,1,8,6,66,33,25,16,11,5,8
2025-8310,Helsinki,Hard,32,C,I,20251103,26,TA12,,,Stefano Travaglia,R,185,ITA,33.851,230,248,N0BG,2,,Luca Nardi,R,185,ITA,22.245,81,747,6-2 1-6 6-1,3,QF,102,4,1,70,45,33,10,11,3,6,6,7,78,39,28,12,11,5,10
2025-8310,Helsinki,Hard,32,C,I,20251103,27,K0A3,5,,Patrick Kypson,R,188,USA,26.018,146,426,GA79,,,Lorenzo Giustino,R,180,ITA,34.149,229,249,6-4 6-2,3,QF,75,5,1,43,31,26,10,9,0,0,5,7,66,33,23,14,9,6,9
2025-8310,Helsinki,Hard,32,C,I,20251103,28,G0GW,,,Sascha Gueymard Wayenburg,R,191,FRA,22.259,219,260,Z0A1,7,,Giulio Zeppieri,L,183,ITA,23.907,155,389,6-3 7-5,3,QF,80,8,2,67,38,27,19,11,6,7,5,3,58,30,22,14,10,2,5
2025-8310,Helsinki,Hard,32,C,I,20251103,29,K0A3,5,,Patrick Kypson,R,188,USA,26.018,146,426,TA12,,,Stefano Travaglia,R,185,ITA,33.851,230,248,7-6(5) 3-6 6-2,3,SF,120,10,2,90,50,37,19,14,4,8,13,7,90,46,34,18,15,4,9
2025-8310,Helsinki,Hard,32,C,I,20251103,30,V0AM,6,,Otto Virtanen,R,193,FIN,24.37,141,440,G0GW,,,Sascha Gueymard Wayenburg,R,191,FRA,22.259,219,260,6-2 6-4,3,SF,69,7,1,56,29,24,14,9,2,3,2,3,51,26,16,11,9,1,5
2025-8310,Helsinki,Hard,32,C,I,20251103,31,K0A3,5,,Patrick Kypson,R,188,USA,26.018,146,426,V0AM,6,,Otto Virtanen,R,193,FIN,24.37,141,440,4-6 6-3 6-4,3,F,117,8,1,88,66,50,12,15,4,5,14,2,78,45,36,15,14,2,4
2025-8386,Matsuyama,Hard,32,C,O,20251103,1,R0GO,1,,Henrique Rocha,R,180,POR,21.577,167,348,I0AX,,,Kokoro Isomura,R,175,JPN,22.782,479,90,5-7 6-4 6-1,3,R32,151,6,5,111,63,41,24,15,7,11,0,4,91,62,36,13,14,8,14
2025-8386,Matsuyama,Hard,32,C,O,20251103,2,GF95,2,,Hugo Grenier,R,196,FRA,29.615,179,323,S0C2,,,Hikaru Shiraishi,R,168,JPN,25.451,437,102,6-4 6-4,3,R32,108,10,3,76,52,40,8,10,3,4,1,1,62,38,23,12,10,1,4
2025-8386,Matsuyama,Hard,32,C,O,20251103,3,C0AK,3,,Oliver Crawford,R,180,GBR,26.513,192,295,B0OU,,,Hynek Barton,R,183,CZE,21.58,298,174,7-6(7) 1-6 7-6(3),3,R32,154,1,3,113,67,42,30,15,11,13,14,0,103,54,45,29,16,1,1
2025-8386,Matsuyama,Hard,32,C,O,20251103,4,PH78,4,,Ryan Peniston,L,180,GBR,29.982,194,290,K0DE,,,Takuya Kumasaka,R,175,JPN,27.061,488,87,6-0 6-1,3,R32,75,0,0,27,19,17,7,6,0,0,1,4,48,22,10,8,7,5,11
2025-8386,Matsuyama,Hard,32,C,O,20251103,5,SY67,5,,Sho Shimabukuro,R,180,JPN,28.263,157,378,M0B2,,,Yuki Mochizuki,R,173,JPN,27.945,544,73,6-4 6-2,3,R32,76,0,0,64,41,23,9,9,3,7,0,1,56,45,19,2,9,5,12
2025-8386,Matsuyama,Hard,32,C,O,20251103,6,A0CJ,,,Duje Ajdukovic,R,188,CRO,24.742,322,154,KC33,6,,Dimitar Kuzmanov,R,183,BUL,32.268,250,222,6-1 6-3,3,R32,73,4,0,53,33,22,13,8,5,6,4,4,49,34,20,3,8,4,9
2025-8386,Matsuyama,Hard,32,C,O,20251103,7,N09U,7,,Rio Noguchi,R,168,JPN,26.85,246,224,TF58,,,Yusuke Takahashi,R,170,JPN,28.047,424,107,7-5 6-4,3,R32,103,1,0,67,37,24,23,11,2,3,2,1,70,48,28,13,11,4,7
2025-8386,Matsuyama,Hard,32,C,O,20251103,8,SN54,8,,Frederico Ferreira Silva,L,178,POR,30.631,249,222,K0ES,,,Yusuke Kusuhara,R,173,JPN,28.235,730,39,7-6(4) 6-7(3) 6-3,3,R32,193,3,3,112,78,54,15,16,5,8,5,4,135,80,56,24,17,6,11
2025-8386,Matsuyama,Hard,32,C,O,20251103,9,B0JE,,,Max Basing,R,180,GBR,23.088,442,100,M0G0,,,Ryuki Matsuda,R,157,JPN,25.851,545,72,6-3 1-6 6-2,3,R32,139,1,4,81,51,32,15,12,5,9,3,1,85,47,26,17,12,10,15
2025-8386,Matsuyama,Hard,32,C,O,20251103,10,HH06,,,Marc-Andrea Huesler,L,196,SUI,29.361,258,211,K907,,,Sho Katayama,,,JPN,36.479,1620,2,6-4 7-6(6),3,R32,96,18,0,66,48,38,13,11,1,1,0,1,73,49,33,16,11,3,4
2025-8386,Matsuyama,Hard,32,C,O,20251103,11,J0B5,,,Garrett Johns,R,180,USA,24.879,285,187,J0D2,,,Maximus Jones,R,185,THA,21.161,362,136,6-4 4-6 6-1,3,R32,141,5,1,84,55,40,14,13,1,3,6,4,95,50,29,26,14,12,17
2025-8386,Matsuyama,Hard,32,C,O,20251103,12,M0SB,,,Koki Matsuda,R,183,JPN,25.008,666,48,S0NV,,,Abdullah Shelbayh,L,180,JOR,21.966,274,196,7-6(4) 6-2,3,R32,77,6,0,59,44,28,10,10,2,5,2,3,66,46,27,9,10,8,13
2025-8386,Matsuyama,Hard,32,C,O,20251103,13,N0CT,,,Shunsuke Nakagawa,R,173,JPN,25.659,952,18,S09P,,,Sanhui Shin,R,178,KOR,28.63,372,131,2-6 7-5 6-3,3,R32,146,6,3,106,61,35,23,15,7,12,4,1,111,74,43,17,14,15,20
2025-8386,Matsuyama,Hard,32,C,O,20251103,14,S0TI,,,Philip Sekulic,R,191,AUS,22.163,465,92,CH27,,,Hyeon Chung,R,188,KOR,29.459,377,128,6-4 6-3,3,R32,90,5,2,69,44,32,13,10,5,6,2,5,47,29,21,9,9,1,4
2025-8386,Matsuyama,Hard,32,C,O,20251103,15,TD55,,,Renta Tokuda,R,178,JPN,27.6,313,162,B0EK,,,Moerani Bouzige,R,180,AUS,26.311,317,157,3-2 RET,3,R32,25,0,0,20,16,11,3,3,0,0,1,0,12,6,5,4,2,0,0
2025-8386,Matsuyama,Hard,32,C,O,20251103,16,U134,,,Yasutaka Uchiyama,R,183,JPN,33.246,306,169,B0PW,,,Kaylan Bigun,L,183,USA,19.45,740,37,6-4 6-4,3,R32,95,5,2,71,42,32,15,10,6,6,8,6,67,39,30,10,10,5,7
2025-8386,Matsuyama,Hard,32,C,O,20251103,17,R0GO,1,,Henrique Rocha,R,180,POR,21.577,167,348,TD55,,,Renta Tokuda,R,178,JPN,27.6,313,162,6-4 6-3,3,R16,73,2,2,57,32,25,18,10,0,0,1,0,49,34,23,8,9,0,2
2025-8386,Matsuyama,Hard,32,C,O,20251103,18,GF95,2,,Hugo Grenier,R,196,FRA,29.615,179,323,U134,,,Yasutaka Uchiyama,R,183,JPN,33.246,306,169,6-7(8) 6-3 6-1,3,R16,131,11,3,84,57,46,16,14,4,6,7,4,92,49,36,18,14,7,13
2025-8386,Matsuyama,Hard,32,C,O,20251103,19,C0AK,3,,Oliver Crawford,R,180,GBR,26.513,192,295,HH06,,,Marc-Andrea Huesler,L,196,SUI,29.361,258,211,7-6(6) 6-4,3,R16,114,2,0,82,48,37,21,11,5,5,7,1,76,53,40,13,11,5,6
2025-8386,Matsuyama,Hard,32,C,O,20251103,20,PH78,4,,Ryan Peniston,L,180,GBR,29.982,194,290,N0CT,,,Shunsuke Nakagawa,R,173,JPN,25.659,952,18,6-2 6-7(5) 6-3,3,R16,139,4,5,92,68,49,14,15,5,7,4,2,94,62,38,16,14,7,12
2025-8386,Matsuyama,Hard,32,C,O,20251103,21,SY67,5,,Sho Shimabukuro,R,180,JPN,28.263,157,378,J0B5,,,Garrett Johns,R,180,USA,24.879,285,187,6-2 6-2,3,R16,54,5,0,37,24,21,11,8,0,0,1,1,45,23,13,11,8,2,6
2025-8386,Matsuyama,Hard,32,C,O,20251103,22,N09U,7,,Rio Noguchi,R,168,JPN,26.85,246,224,S0TI,,,Philip Sekulic,R,191,AUS,22.163,465,92,6-2 7-6(5),3,R16,105,1,0,67,51,36,10,10,1,2,4,2,69,49,29,10,10,5,8
2025-8386,Matsuyama,Hard,32,C,O,20251103,23,SN54,8,,Frederico Ferreira Silva,L,178,POR,30.631,249,222,B0JE,,,Max Basing,R,180,GBR,23.088,442,100,6-1 6-3,3,R16,85,1,1,44,34,24,4,8,1,3,1,3,57,41,22,1,8,5,11
2025-8386,Matsuyama,Hard,32,C,O,20251103,24,A0CJ,,,Duje Ajdukovic,R,188,CRO,24.742,322,154,M0SB,,,Koki Matsuda,R,183,JPN,25.008,666,48,6-4 3-6 6-3,3,R16,122,6,1,79,52,40,13,14,3,5,7,4,96,59,38,18,14,10,13
2025-8386,Matsuyama,Hard,32,C,O,20251103,25,R0GO,1,,Henrique Rocha,R,180,POR,21.577,167,348,N09U,7,,Rio Noguchi,R,168,JPN,26.85,246,224,7-5 4-6 6-3,3,QF,128,3,5,84,59,44,13,16,3,6,1,0,88,54,38,17,15,6,10
2025-8386,Matsuyama,Hard,32,C,O,20251103,26,SY67,5,,Sho Shimabukuro,R,180,JPN,28.263,157,378,GF95,2,,Hugo Grenier,R,196,FRA,29.615,179,323,4-6 6-3 6-2,3,QF,111,8,3,82,49,40,18,14,5,6,11,4,85,56,40,13,13,2,5
2025-8386,Matsuyama,Hard,32,C,O,20251103,27,SN54,8,,Frederico Ferreira Silva,L,178,POR,30.631,249,222,C0AK,3,,Oliver Crawford,R,180,GBR,26.513,192,295,6-7(3) 6-4 7-5,3,QF,180,9,2,116,82,58,15,17,6,9,7,4,110,63,43,24,17,7,12
2025-8386,Matsuyama,Hard,32,C,O,20251103,28,PH78,4,,Ryan Peniston,L,180,GBR,29.982,194,290,A0CJ,,,Duje Ajdukovic,R,188,CRO,24.742,322,154,7-5 3-6 6-2,3,QF,140,2,2,81,49,31,19,14,2,6,8,5,117,67,43,17,15,9,15
2025-8386,Matsuyama,Hard,32,C,O,20251103,29,R0GO,1,,Henrique Rocha,R,180,POR,21.577,167,348,SN54,8,,Frederico Ferreira Silva,L,178,POR,30.631,249,222,6-2 6-3,3,SF,80,3,2,55,32,27,12,9,2,2,1,2,47,36,20,5,8,3,6
2025-8386,Matsuyama,Hard,32,C,O,20251103,30,SY67,5,,Sho Shimabukuro,R,180,JPN,28.263,157,378,PH78,4,,Ryan Peniston,L,180,GBR,29.982,194,290,6-3 6-2,3,SF,73,4,2,50,24,20,16,9,0,0,3,3,58,36,20,11,8,4,7
2025-8386,Matsuyama,Hard,32,C,O,20251103,31,R0GO,1,,Henrique Rocha,R,180,POR,21.577,167,348,SY67,5,,Sho Shimabukuro,R,180,JPN,28.263,157,378,7-5 3-6 6-2,3,F,120,3,5,86,54,35,20,14,4,7,2,2,91,59,36,17,15,4,9
2025-2963,Lyon 2,Hard,32,C,I,20251110,1,DB63,1,,Laslo Djere,R,188,SRB,30.442,99,646,BV16,,,Ugo Blanchet,R,175,FRA,26.847,142,433,6-4 5-7 6-4,3,R32,143,4,1,96,64,43,21,16,4,6,7,7,112,59,42,26,16,8,11
2025-2963,Lyon 2,Hard,32,C,I,20251110,2,KI82,2,,Vit Kopriva,R,178,CZE,28.405,102,634,G0IX,,,Arthur Gea,R,180,FRA,20.854,229,255,6-2 6-2,3,R32,83,1,3,54,36,26,8,8,3,4,0,9,68,39,20,13,8,9,14
2025-2963,Lyon 2,Hard,32,C,I,20251110,3,DC76,,,Viktor Durasovic,R,185,NOR,28.646,243,233,M0HU,3,,Shintaro Mochizuki,R,175,JPN,22.442,92,669,6-4 4-6 6-3,3,R32,121,14,3,98,64,45,17,15,4,7,9,3,78,34,27,21,14,3,7
2025-2963,Lyon 2,Hard,32,C,I,20251110,4,D0L3,,,Matej Dodig,R,188,CRO,20.312,242,235,S0N0,4,,Tristan Schoolkate,R,183,AUS,24.704,97,649,7-5 3-6 6-4,3,R32,125,11,4,94,59,49,16,16,4,6,16,5,94,57,42,20,15,8,10
2025-2963,Lyon 2,Hard,32,C,I,20251110,5,B0P4,,,Tomasz Berkieta,R,191,POL,19.307,583,64,T0A1,5,,Thiago Agustin Tirante,R,185,ARG,24.586,98,649,6-2 6-1,3,R32,56,3,2,42,22,18,12,7,1,1,6,3,57,26,15,11,8,3,8
2025-2963,Lyon 2,Hard,32,C,I,20251110,6,SL28,6,,Jan-Lennard Struff,R,193,GER,35.546,100,636,Z09Z,,,Beibit Zhukayev,R,198,KAZ,25.079,282,188,6-7(5) 7-6(1) 6-4,3,R32,135,18,7,108,65,52,21,17,6,9,24,5,113,68,51,17,17,5,9
2025-2963,Lyon 2,Hard,32,C,I,20251110,7,H997,7,,Yannick Hanfmann,R,193,GER,33.993,103,631,K0JH,,,Jan Kumstat,R,196,CZE,18.856,695,43,6-1 6-3,3,R32,54,6,2,42,25,22,9,8,0,1,3,3,48,22,15,7,8,4,9
2025-2963,Lyon 2,Hard,32,C,I,20251110,8,K926,,,Mikhail Kukushkin,R,183,KAZ,37.875,317,161,HD68,8,,Billy Harris,R,193,GBR,30.793,124,490,7-6(2) 7-5,3,R32,100,11,1,64,41,34,20,12,0,0,8,1,72,43,35,17,12,4,5
2025-2963,Lyon 2,Hard,32,C,I,20251110,9,A09T,,,Dan Added,R,183,FRA,26.579,210,275,GK06,,,Alexis Galarneau,R,180,CAN,26.694,189,301,6-4 7-6(3),3,R32,98,13,1,71,43,38,14,11,2,2,6,1,80,59,40,11,11,4,5
2025-2963,Lyon 2,Hard,32,C,I,20251110,10,BI23,,,Liam Broady,L,183,GBR,31.849,391,121,P0CT,,,Francesco Passaro,R,180,ITA,24.841,128,485,6-3 7-5,3,R32,84,2,1,57,36,28,12,11,2,4,7,4,68,41,26,12,10,3,7
2025-2963,Lyon 2,Hard,32,C,I,20251110,11,F0DM,,,Arthur Fery,R,175,GBR,23.332,204,282,P0AY,,,Luka Pavlovic,R,196,FRA,25.615,215,266,6-1 7-5,3,R32,68,2,5,49,30,25,9,9,0,1,8,5,66,34,22,12,10,4,9
2025-2963,Lyon 2,Hard,32,C,I,20251110,12,J0AZ,,,Kyrian Jacquet,R,175,FRA,24.501,138,443,D0DW,,,Titouan Droguet,R,191,FRA,24.405,150,410,6-7(4) 6-3 6-3,3,R32,124,9,4,102,61,46,21,15,4,6,20,8,94,54,40,13,15,7,12
2025-2963,Lyon 2,Hard,32,C,I,20251110,13,L0GH,,,Mark Lajal,R,191,EST,22.5,149,412,BU54,,,Geoffrey Blancaneaux,R,180,FRA,27.258,254,217,3-6 6-1 6-2,3,R32,118,8,2,73,40,33,18,12,1,2,6,1,94,61,41,12,12,8,12
2025-2963,Lyon 2,Hard,32,C,I,20251110,14,M0IF,,,Francesco Maestrelli,R,196,ITA,22.888,158,389,G0GW,,,Sascha Gueymard Wayenburg,R,191,FRA,22.278,195,297,6-2 1-6 6-1,3,R32,84,8,2,70,46,28,17,11,4,6,3,1,63,46,25,11,11,1,5
2025-2963,Lyon 2,Hard,32,C,I,20251110,15,P0GN,,,Tom Paris,R,193,FRA,23.19,260,209,HG94,,,Benjamin Hassan,R,183,LBN,30.765,218,262,6-3 6-4,3,R32,67,14,3,59,37,29,13,10,2,3,0,1,54,30,21,10,9,4,7
2025-2963,Lyon 2,Hard,32,C,I,20251110,16,V0DZ,,,Luca Van Assche,R,178,FRA,21.5,168,346,O0A2,,,Gauthier Onclin,R,180,BEL,24.704,219,261,6-3 6-0,3,R32,83,7,2,51,31,23,9,7,3,4,1,6,60,36,19,6,8,6,12
2025-2963,Lyon 2,Hard,32,C,I,20251110,17,P0GN,,,Tom Paris,R,193,FRA,23.19,260,209,DB63,1,,Laslo Djere,R,188,SRB,30.442,99,646,7-6(5) 7-6(3),3,R16,105,15,9,82,44,37,20,12,0,1,1,2,71,40,30,20,12,1,2
2025-2963,Lyon 2,Hard,32,C,I,20251110,18,KI82,2,,Vit Kopriva,R,178,CZE,28.405,102,634,M0IF,,,Francesco Maestrelli,R,196,ITA,22.888,158,389,6-3 6-3,3,R16,80,3,2,47,29,24,12,9,0,0,8,5,67,47,33,5,9,4,7
2025-2963,Lyon 2,Hard,32,C,I,20251110,19,SL28,6,,Jan-Lennard Struff,R,193,GER,35.546,100,636,L0GH,,,Mark Lajal,R,191,EST,22.5,149,412,6-4 6-2,3,R16,70,5,1,57,38,27,12,9,3,3,9,5,67,38,26,12,9,8,11
2025-2963,Lyon 2,Hard,32,C,I,20251110,20,BI23,,,Liam Broady,L,183,GBR,31.849,391,121,H997,7,,Yannick Hanfmann,R,193,GER,33.993,103,631,7-6(5) 6-4,3,R16,99,11,3,71,49,39,10,11,0,1,9,2,70,48,34,12,11,0,2
2025-2963,Lyon 2,Hard,32,C,I,20251110,21,A09T,,,Dan Added,R,183,FRA,26.579,210,275,B0P4,,,Tomasz Berkieta,R,191,POL,19.307,583,64,6-4 6-1,3,R16,62,10,2,54,41,32,7,9,0,0,5,2,57,36,24,7,8,4,7
2025-2963,Lyon 2,Hard,32,C,I,20251110,22,D0L3,,,Matej Dodig,R,188,CRO,20.312,242,235,F0DM,,,Arthur Fery,R,175,GBR,23.332,204,282,7-5 6-3,3,R16,96,3,4,85,55,36,17,11,5,6,4,1,59,34,24,13,10,1,4
2025-2963,Lyon 2,Hard,32,C,I,20251110,23,J0AZ,,,Kyrian Jacquet,R,175,FRA,24.501,138,443,DC76,,,Viktor Durasovic,R,185,NOR,28.646,243,233,6-2 6-4,3,R16,69,1,1,52,32,23,14,9,2,2,7,5,60,32,23,11,9,5,8
2025-2963,Lyon 2,Hard,32,C,I,20251110,24,K926,,,Mikhail Kukushkin,R,183,KAZ,37.875,317,161,V0DZ,,,Luca Van Assche,R,178,FRA,21.5,168,346,6-2 7-6(5),3,R16,120,6,2,74,43,33,17,10,5,5,10,6,79,52,41,9,10,7,9
2025-2963,Lyon 2,Hard,32,C,I,20251110,25,SL28,6,,Jan-Lennard Struff,R,193,GER,35.546,100,636,KI82,2,,Vit Kopriva,R,178,CZE,28.405,102,634,6-1 6-2,3,QF,59,5,0,40,20,16,14,7,1,1,1,2,49,25,11,10,8,2,7
2025-2963,Lyon 2,Hard,32,C,I,20251110,26,A09T,,,Dan Added,R,183,FRA,26.579,210,275,J0AZ,,,Kyrian Jacquet,R,175,FRA,24.501,138,443,7-6(4) 4-6 6-4,3,QF,145,14,3,116,77,57,18,16,8,11,14,1,122,78,55,21,16,10,13
2025-2963,Lyon 2,Hard,32,C,I,20251110,27,BI23,,,Liam Broady,L,183,GBR,31.849,391,121,D0L3,,,Matej Dodig,R,188,CRO,20.312,242,235,6-3 2-6 6-4,3,QF,117,4,4,78,47,33,21,14,5,7,12,4,87,63,47,9,13,7,9
2025-2963,Lyon 2,Hard,32,C,I,20251110,28,P0GN,,,Tom Paris,R,193,FRA,23.19,260,209,K926,,,Mikhail Kukushkin,R,183,KAZ,37.875,317,161,6-3 6-2,3,QF,75,12,6,48,23,21,13,9,0,1,6,3,54,34,18,9,8,6,10
2025-2963,Lyon 2,Hard,32,C,I,20251110,29,SL28,6,,Jan-Lennard Struff,R,193,GER,35.546,100,636,A09T,,,Dan Added,R,183,FRA,26.579,210,275,1-6 7-6(5) 6-2,3,SF,94,11,4,75,49,37,16,13,0,2,7,4,86,49,39,19,14,7,9
2025-2963,Lyon 2,Hard,32,C,I,20251110,30,BI23,,,Liam Broady,L,183,GBR,31.849,391,121,P0GN,,,Tom Paris,R,193,FRA,23.19,260,209,7-6(5) 6-4,3,SF,97,0,1,63,36,32,15,11,3,4,12,4,72,39,33,14,11,3,5
2025-2963,Lyon 2,Hard,32,C,I,20251110,31,SL28,6,,Jan-Lennard Struff,R,193,GER,35.546,100,636,BI23,,,Liam Broady,L,183,GBR,31.849,391,121,6-4 6-4,3,F,78,9,0,57,37,31,10,10,2,3,6,3,66,39,28,11,10,3,6
2025-3037,Brisbane 3,Hard,32,C,O,20251110,1,D994,1,,James Duckworth,R,183,AUS,33.804,106,603,J553,,,Omar Jasika,L,183,AUS,28.482,311,165,6-0 3-2 RET,3,R32,64,3,1,36,17,12,13,6,5,6,0,3,35,26,12,2,5,5,9
2025-3037,Brisbane 3,Hard,32,C,O,20251110,2,M0SC,,,Hayato Matsuoka,R,180,JPN,20.819,589,63,H0BH,2,,Rinky Hijikata,R,178,AUS,24.712,127,485,6-4 6-2,3,R32,99,2,3,55,39,28,8,9,3,4,5,1,65,40,25,11,9,7,11
2025-3037,Brisbane 3,Hard,32,C,O,20251110,3,TA46,3,,Bernard Tomic,R,196,AUS,33.054,186,313,TC01,,,Li Tu,R,183,AUS,29.457,256,215,6-4 7-5,3,R32,111,4,0,67,52,39,7,11,1,2,7,5,83,51,35,12,11,6,9
2025-3037,Brisbane 3,Hard,32,C,O,20251110,4,V0G6,,,Leo Vithoontien,L,185,JPN,26.231,746,37,KB95,4,,Jason Kubler,R,178,AUS,32.479,190,301,6-3 3-6 6-3,3,R32,149,8,4,95,73,50,13,14,7,8,7,1,79,56,41,12,13,1,3
2025-3037,Brisbane 3,Hard,32,C,O,20251110,5,H0K0,,,Cruz Hewitt,R,185,AUS,16.914,818,30,M0OQ,5,,James McCabe,R,188,AUS,22.352,192,300,6-2 6-1,3,R32,82,5,3,48,33,26,9,8,1,1,1,5,51,28,16,8,7,5,9
2025-3037,Brisbane 3,Hard,32,C,O,20251110,6,BI81,6,,Alex Bolt,L,183,AUS,32.846,238,237,PF65,,,Filip Peliwo,R,180,POL,31.778,461,94,6-4 6-2,3,R32,75,7,2,52,41,29,5,9,5,7,2,6,60,35,21,8,9,5,10
2025-3037,Brisbane 3,Hard,32,C,O,20251110,7,S0IA,7,,Dane Sweeny,R,170,AUS,24.742,231,249,M0TE,,,Pavle Marinkov,R,188,AUS,19.765,591,62,6-0 6-1,3,R32,58,3,0,40,25,18,12,7,2,2,3,0,34,20,10,3,6,3,8
2025-3037,Brisbane 3,Hard,32,C,O,20251110,8,DC38,,,Jake Delaney,R,185,AUS,28.493,504,85,N09U,8,,Rio Noguchi,R,168,JPN,26.869,240,236,6-2 7-6(3),3,R32,94,12,2,56,37,31,13,10,0,0,5,1,71,51,34,9,10,6,8
2025-3037,Brisbane 3,Hard,32,C,O,20251110,9,EA27,,,Blake Ellis,R,191,AUS,26.845,445,99,B0EK,,,Moerani Bouzige,R,180,AUS,26.33,314,164,6-1 6-4,3,R32,75,9,3,46,28,23,11,9,1,2,2,5,48,27,17,7,8,2,6
2025-3037,Brisbane 3,Hard,32,C,O,20251110,10,G09C,,,Marek Gengel,R,185,CZE,30.149,327,155,S0RI,,,Karan Singh,R,185,IND,22.366,456,96,6-2 6-4,3,R32,77,11,3,58,40,34,7,9,4,4,6,1,63,41,27,10,9,7,10
2025-3037,Brisbane 3,Hard,32,C,O,20251110,11,H0EK,,,Emile Hudd,R,193,GBR,25.457,840,28,D0A2,,,Matthew Dellavedova,R,191,AUS,25.448,415,111,6-1 2-6 6-2,3,R32,113,14,1,64,44,32,13,12,1,3,2,2,65,47,29,9,11,2,6
2025-3037,Brisbane 3,Hard,32,C,O,20251110,12,O0BI,,,Carl Emil Overbeck,R,193,DEN,24.249,747,36,S0TI,,,Philip Sekulic,R,191,AUS,22.182,454,96,6-3 6-3,3,R32,83,7,4,52,30,25,11,9,0,1,4,4,64,43,26,8,9,4,8
2025-3037,Brisbane 3,Hard,32,C,O,20251110,13,PG94,,,Marc Polmans,R,188,AUS,28.526,430,105,S0W8,,,Aryan Shah,R,183,IND,19.97,386,126,1-6 7-6(6) 6-1,3,R32,165,8,3,100,64,42,17,14,8,12,2,4,91,55,34,18,12,3,6
2025-3037,Brisbane 3,Hard,32,C,O,20251110,14,R0KD,,,Mees Rottgering,L,180,NED,18.346,648,53,B0I5,,,Blaise Bicknell,R,191,JAM,23.956,529,78,6-3 6-1,3,R32,71,2,1,56,31,22,15,8,3,3,3,1,43,28,14,7,8,1,5
2025-3037,Brisbane 3,Hard,32,C,O,20251110,15,S0U5,,,Tai Sach,R,178,AUS,23.151,754,36,MI01,,,Hiroki Moriya,R,168,JPN,35.069,453,96,3-6 6-4 6-2,3,R32,158,9,0,88,56,42,11,14,3,7,4,2,93,62,37,12,13,9,14
2025-3037,Brisbane 3,Hard,32,C,O,20251110,16,W857,,,Tung-Lin Wu,R,188,TPE,27.499,518,82,LI10,,,Christian Langmo,R,191,USA,29.443,320,160,7-6(5) 6-4,3,R32,133,5,0,72,54,41,12,11,1,1,11,5,82,60,42,12,11,6,7
2025-3037,Brisbane 3,Hard,32,C,O,20251110,17,D994,1,,James Duckworth,R,183,AUS,33.804,106,603,EA27,,,Blake Ellis,R,191,AUS,26.845,445,99,3-6 6-1 6-4,3,R16,114,4,2,73,50,41,11,13,2,3,15,5,72,43,33,14,13,3,6
2025-3037,Brisbane 3,Hard,32,C,O,20251110,18,TA46,3,,Bernard Tomic,R,196,AUS,33.054,186,313,G09C,,,Marek Gengel,R,185,CZE,30.149,327,155,7-5 3-6 7-6(3),3,R16,140,10,1,84,57,48,16,16,4,6,12,2,123,87,61,20,17,6,8
2025-3037,Brisbane 3,Hard,32,C,O,20251110,19,BI81,6,,Alex Bolt,L,183,AUS,32.846,238,237,PG94,,,Marc Polmans,R,188,AUS,28.526,430,105,6-4 6-0,3,R16,73,7,0,44,31,24,10,8,1,1,1,2,43,23,11,9,8,4,8
2025-3037,Brisbane 3,Hard,32,C,O,20251110,20,S0IA,7,,Dane Sweeny,R,170,AUS,24.742,231,249,S0U5,,,Tai Sach,R,178,AUS,23.151,754,36,6-2 6-3,3,R16,85,4,2,55,36,28,10,9,2,2,1,2,54,35,22,8,8,2,5
2025-3037,Brisbane 3,Hard,32,C,O,20251110,21,DC38,,,Jake Delaney,R,185,AUS,28.493,504,85,R0KD,,,Mees Rottgering,L,180,NED,18.346,648,53,6-7(2) 6-3 3-2 RET,3,R16,123,20,3,76,51,43,14,13,2,2,11,3,74,37,30,21,13,0,2
2025-3037,Brisbane 3,Hard,32,C,O,20251110,22,M0SC,,,Hayato Matsuoka,R,180,JPN,20.819,589,63,H0EK,,,Emile Hudd,R,193,GBR,25.457,840,28,6-4 6-4,3,R16,79,1,0,52,42,34,8,10,2,2,4,3,54,38,30,8,10,0,2
2025-3037,Brisbane 3,Hard,32,C,O,20251110,23,O0BI,,,Carl Emil Overbeck,R,193,DEN,24.249,747,36,V0G6,,,Leo Vithoontien,L,185,JPN,26.231,746,37,6-2 7-6(1),3,R16,90,6,0,52,39,30,9,10,1,3,3,4,68,45,23,10,10,7,11
2025-3037,Brisbane 3,Hard,32,C,O,20251110,24,W857,,,Tung-Lin Wu,R,188,TPE,27.499,518,82,H0K0,,,Cruz Hewitt,R,185,AUS,16.914,818,30,3-6 6-3 6-4,3,R16,145,4,0,79,55,39,13,14,2,4,5,5,93,53,39,19,14,5,8
2025-3037,Brisbane 3,Hard,32,C,O,20251110,25,BI81,6,,Alex Bolt,L,183,AUS,32.846,238,237,D994,1,,James Duckworth,R,183,AUS,33.804,106,603,7-5 6-1,3,QF,95,10,0,53,41,34,7,10,0,0,6,0,66,44,24,13,9,8,11
2025-3037,Brisbane 3,Hard,32,C,O,20251110,26,S0IA,7,,Dane Sweeny,R,170,AUS,24.742,231,249,TA46,3,,Bernard Tomic,R,196,AUS,33.054,186,313,5-7 6-3 6-2,3,QF,182,1,7,104,66,44,21,15,7,9,5,1,96,56,35,21,14,7,11
2025-3037,Brisbane 3,Hard,32,C,O,20251110,27,M0SC,,,Hayato Matsuoka,R,180,JPN,20.819,589,63,DC38,,,Jake Delaney,R,185,AUS,28.493,504,85,6-4 6-4,3,QF,97,6,2,57,39,27,12,10,3,4,9,4,53,33,26,7,10,1,4
2025-3037,Brisbane 3,Hard,32,C,O,20251110,28,W857,,,Tung-Lin Wu,R,188,TPE,27.499,518,82,O0BI,,,Carl Emil Overbeck,R,193,DEN,24.249,747,36,6-3 6-4,3,QF,78,3,0,57,44,35,7,10,0,0,14,1,51,37,28,6,9,0,2
2025-3037,Brisbane 3,Hard,32,C,O,20251110,29,BI81,6,,Alex Bolt,L,183,AUS,32.846,238,237,S0IA,7,,Dane Sweeny,R,170,AUS,24.742,231,249,6-3 6-4,3,SF,86,12,0,56,32,29,13,10,0,0,3,1,60,42,26,10,9,2,4
2025-3037,Brisbane 3,Hard,32,C,O,20251110,30,W857,,,Tung-Lin Wu,R,188,TPE,27.499,518,82,M0SC,,,Hayato Matsuoka,R,180,JPN,20.819,589,63,6-3 7-6(4),3,SF,123,6,1,84,60,43,13,11,6,7,3,1,76,55,37,9,10,4,6
2025-3037,Brisbane 3,Hard,32,C,O,20251110,31,BI81,6,,Alex Bolt,L,183,AUS,32.846,238,237,W857,,,Tung-Lin Wu,R,188,TPE,27.499,518,82,6-3 6-3,3,F,69,10,1,49,36,32,7,9,3,3,5,1,50,34,22,8,9,1,4
2025-544,Montevideo,Clay,32,C,O,20251110,1,G0DH,,,Alvaro Guillen Meza,R,175,ECU,22.856,200,286,B0BI,,,Sebastian Baez,R,170,ARG,24.868,45,1155,7-6(3) 6-4,3,R32,131,1,1,80,55,29,13,11,3,8,1,4,96,70,37,9,11,13,19
2025-544,Montevideo,Clay,32,C,O,20251110,2,N0BS,2,,Mariano Navone,R,178,ARG,24.701,72,785,RH59,,,Santiago Rodriguez Taverna,R,191,ARG,26.322,234,245,6-3 6-2,3,R32,84,1,1,60,36,24,17,9,3,3,0,0,52,31,17,13,8,1,4
2025-544,Montevideo,Clay,32,C,O,20251110,3,N0AM,3,,Emilio Nava,R,185,USA,23.94,88,684,SG56,,,Daniel Dutra da Silva,L,,BRA,37.35,360,137,6-2 6-4,3,R32,81,8,0,51,32,27,11,9,3,3,0,2,71,41,24,14,9,9,12
2025-544,Montevideo,Clay,32,C,O,20251110,4,TE16,4,,Carlos Taberner,R,183,ESP,28.257,104,628,B0GR,,,Gonzalo Bueno,R,173,PER,21.604,206,279,6-0 6-2,3,R32,61,3,2,38,24,20,8,7,0,1,1,0,44,30,11,4,7,7,13
2025-544,Montevideo,Clay,32,C,O,20251110,5,GD64,5,,Cristian Garin,R,185,CHI,29.448,105,626,CC66,,,Andrea Collarini,L,183,ARG,33.777,273,197,6-3 7-5,3,R32,125,5,4,77,40,31,16,11,2,4,0,3,81,54,32,12,10,12,16
2025-544,Montevideo,Clay,32,C,O,20251110,6,B0FV,6,,Roman Andres Burruchaga,R,183,ARG,23.797,107,598,GJ16,,,Federico Agustin Gomez,R,191,ARG,28.956,270,197,7-6(6) 5-7 6-4,3,R32,174,3,9,110,51,37,24,17,6,12,0,9,114,63,41,24,17,7,13
2025-544,Montevideo,Clay,32,C,O,20251110,7,B0ID,7,,Ignacio Buse,R,183,PER,21.629,110,577,S0GR,,,Timofey Skatov,R,173,KAZ,24.802,237,238,6-3 6-1,3,R32,94,1,1,47,28,22,13,8,1,1,0,7,70,34,23,11,8,7,11
2025-544,Montevideo,Clay,32,C,O,20251110,8,BS86,8,,Tomas Barrios Vera,R,191,CHI,27.918,111,568,P0IY,,,Juan Carlos Prado Angelo,R,185,BOL,20.682,228,255,6-4 6-1,3,R32,76,2,2,59,41,30,9,9,3,4,2,1,46,23,16,9,8,1,5
2025-544,Montevideo,Clay,32,C,O,20251110,9,B0GY,,,Alex Barrena,R,175,ARG,23.086,176,328,B0EJ,,,Tristan Boyer,R,188,USA,24.556,144,426,6-7(1) 7-5 6-1,3,R32,147,5,7,93,51,38,25,16,1,3,2,3,100,57,36,25,15,9,14
2025-544,Montevideo,Clay,32,C,O,20251110,10,CF01,,,Marco Cecchinato,R,185,ITA,33.112,233,246,D0CG,,,Facundo Diaz Acosta,L,183,ARG,24.903,225,255,6-4 7-5,3,R32,104,2,3,67,43,36,11,11,5,5,1,3,65,40,29,14,11,6,8
2025-544,Montevideo,Clay,32,C,O,20251110,11,G0FW,,,Vilius Gaubas,R,178,LTU,20.865,133,471,J476,,,David Jorda Sanchis,R,198,ESP,31.409,421,109,6-3 3-6 6-4,3,R32,134,4,1,89,61,45,16,14,4,6,10,5,88,45,33,22,14,2,5
2025-544,Montevideo,Clay,32,C,O,20251110,12,H0DU,,,Gustavo Heide,R,191,BRA,23.699,304,169,P0J1,,,Rodrigo Pacheco Mendez,L,191,MEX,20.545,209,277,6-3 6-4,3,R32,99,6,8,60,34,28,16,10,2,2,1,2,61,38,27,9,9,4,6
2025-544,Montevideo,Clay,32,C,O,20251110,13,KH56,,,Zdenek Kolar,R,183,CZE,29.087,224,256,A0JW,,,Joaquin Aguilar Cardozo,R,168,URY,20.591,675,47,6-1 6-1,3,R32,62,3,3,41,23,19,11,7,4,4,0,2,38,23,10,4,7,0,5
2025-544,Montevideo,Clay,32,C,O,20251110,14,MJ98,,,Facundo Mena,R,183,ARG,33.133,401,118,R0A7,,,Joao Lucas Reis Da Silva,R,178,BRA,25.626,187,307,3-6 6-1 6-2,3,R32,130,14,3,97,56,39,22,12,13,14,4,2,73,44,29,13,12,6,10
2025-544,Montevideo,Clay,32,C,O,20251110,15,R0BT,,,Franco Roncadelli,L,185,URU,25.76,366,134,O660,,,Genaro Alberto Olivieri,R,175,ARG,27.269,221,261,6-2 6-4,3,R32,92,0,0,64,44,29,11,9,2,4,0,0,48,39,18,3,9,1,6
2025-544,Montevideo,Clay,32,C,O,20251110,16,V0DP,,,Adolfo Daniel Vallejo,R,183,PAR,21.536,169,342,J0AW,,,Guido Ivan Justo,R,178,ARG,27.899,369,133,4-6 6-2 6-3,3,R32,152,3,3,86,61,43,7,14,5,10,1,3,92,55,32,15,13,12,19
2025-544,Montevideo,Clay,32,C,O,20251110,17,N0BS,2,,Mariano Navone,R,178,ARG,24.701,72,785,CF01,,,Marco Cecchinato,R,185,ITA,33.112,233,246,3-6 6-0 6-4,3,R16,112,0,2,79,56,38,10,12,4,7,0,1,65,39,18,15,13,1,7
2025-544,Montevideo,Clay,32,C,O,20251110,18,H0DU,,,Gustavo Heide,R,191,BRA,23.699,304,169,N0AM,3,,Emilio Nava,R,185,USA,23.94,88,684,4-6 7-5 6-4,3,R16,163,4,5,89,50,38,19,16,2,6,10,4,117,73,47,20,16,8,13
2025-544,Montevideo,Clay,32,C,O,20251110,19,TE16,4,,Carlos Taberner,R,183,ESP,28.257,104,628,KH56,,,Zdenek Kolar,R,183,CZE,29.087,224,256,7-6(2) 6-3,3,R16,138,0,5,84,53,35,13,11,5,8,0,5,71,40,23,15,10,6,10
2025-544,Montevideo,Clay,32,C,O,20251110,20,GD64,5,,Cristian Garin,R,185,CHI,29.448,105,626,B0GY,,,Alex Barrena,R,175,ARG,23.086,176,328,6-2 6-4,3,R16,82,2,2,57,34,27,8,9,1,3,2,2,60,33,14,14,9,7,12
2025-544,Montevideo,Clay,32,C,O,20251110,21,B0FV,6,,Roman Andres Burruchaga,R,183,ARG,23.797,107,598,MJ98,,,Facundo Mena,R,183,ARG,33.133,401,118,7-5 6-4,3,R16,133,1,4,84,58,37,9,11,6,10,6,4,83,44,25,15,11,10,16
2025-544,Montevideo,Clay,32,C,O,20251110,22,B0ID,7,,Ignacio Buse,R,183,PER,21.629,110,577,G0FW,,,Vilius Gaubas,R,178,LTU,20.865,133,471,6-2 2-6 7-6(3),3,R16,140,0,1,85,52,36,17,14,1,5,4,0,89,67,37,16,14,9,13
2025-544,Montevideo,Clay,32,C,O,20251110,23,BS86,8,,Tomas Barrios Vera,R,191,CHI,27.918,111,568,R0BT,,,Franco Roncadelli,L,185,URU,25.76,366,134,6-3 6-3,3,R16,82,0,1,47,28,22,12,9,0,1,3,3,59,41,25,7,9,3,7
2025-544,Montevideo,Clay,32,C,O,20251110,24,V0DP,,,Adolfo Daniel Vallejo,R,183,PAR,21.536,169,342,G0DH,,,Alvaro Guillen Meza,R,175,ECU,22.856,200,286,2-6 6-3 6-4,3,R16,131,2,4,78,43,33,15,14,3,7,3,0,79,43,27,22,13,6,10
2025-544,Montevideo,Clay,32,C,O,20251110,25,B0FV,6,,Roman Andres Burruchaga,R,183,ARG,23.797,107,598,N0BS,2,,Mariano Navone,R,178,ARG,24.701,72,785,6-4 6-4,3,QF,115,0,2,69,40,30,15,10,5,6,0,1,70,45,25,16,10,6,9
2025-544,Montevideo,Clay,32,C,O,20251110,26,BS86,8,,Tomas Barrios Vera,R,191,CHI,27.918,111,568,TE16,4,,Carlos Taberner,R,183,ESP,28.257,104,628,6-2 2-6 7-6(4),3,QF,172,0,1,82,60,39,11,14,3,7,2,6,113,66,40,23,14,7,11
2025-544,Montevideo,Clay,32,C,O,20251110,27,GD64,5,,Cristian Garin,R,185,CHI,29.448,105,626,V0DP,,,Adolfo Daniel Vallejo,R,183,PAR,21.536,169,342,2-6 6-2 6-3,3,QF,136,4,1,67,36,22,16,12,3,7,2,8,108,67,40,15,13,10,16
2025-544,Montevideo,Clay,32,C,O,20251110,28,B0ID,7,,Ignacio Buse,R,183,PER,21.629,110,577,H0DU,,,Gustavo Heide,R,191,BRA,23.699,304,169,6-1 6-4,3,QF,94,5,3,62,29,23,16,9,6,7,1,2,53,33,22,5,8,8,12
2025-544,Montevideo,Clay,32,C,O,20251110,29,GD64,5,,Cristian Garin,R,185,CHI,29.448,105,626,BS86,8,,Tomas Barrios Vera,R,191,CHI,27.918,111,568,4-6 6-4 6-1,3,SF,128,2,5,84,54,34,16,14,4,8,2,2,79,54,30,12,13,4,10
2025-544,Montevideo,Clay,32,C,O,20251110,30,B0ID,7,,Ignacio Buse,R,183,PER,21.629,110,577,B0FV,6,,Roman Andres Burruchaga,R,183,ARG,23.797,107,598,6-2 7-5,3,SF,127,5,1,79,47,30,17,10,7,9,1,5,74,44,24,14,10,4,9
2025-544,Montevideo,Clay,32,C,O,20251110,31,GD64,5,,Cristian Garin,R,185,CHI,29.448,105,626,B0ID,7,,Ignacio Buse,R,183,PER,21.629,110,577,6-7(3) 6-2 6-2,3,F,,,,,,,,,,,,,,,,,,,
2025-637,Champaign,Hard,32,C,I,20251110,1,SK94,,,Cedrik-Marcel Stebe,L,180,GER,35.088,395,120,M0AW,1,,Nicolas Mejia,R,183,COL,25.747,212,273,7-6(5) 6-3,3,R32,123,2,2,78,46,33,19,11,3,4,9,3,77,43,33,15,10,2,4
2025-637,Champaign,Hard,32,C,I,20251110,2,N0D9,,,Micah Braswell,R,183,CZE,21.306,614,57,M0ON,2,,Johannus Monday,L,198,GBR,23.8,235,243,7-6(8) 6-4,3,R32,100,11,1,76,45,32,23,11,1,1,3,2,73,58,46,8,11,0,1
2025-637,Champaign,Hard,32,C,I,20251110,3,O660,,,Micah Braswell,R,175,ARG,27.269,221,261,M0ON,2,,Johannus Monday,L,198,GBR,23.8,235,243,7-6(8) 6-4,3,R32,100,11,1,76,45,32,23,11,1,1,3,2,73,58,46,8,11,0,1
2025-637,Champaign,Hard,32,C,I,20251110,4,B0NO,,,Darwin Blanch,L,185,USA,18.119,297,173,KC12,3,,Mitchell Krueger,R,188,USA,31.828,202,284,6-3 7-6(5),3,R32,104,8,4,76,36,32,20,11,1,1,4,3,80,50,38,11,10,6,7
2025-637,Champaign,Hard,32,C,I,20251110,5,C0HT,4,,Murphy Cassone,R,188,USA,23.236,245,230,K0A3,,,Hoyoung Roh,R,188,USA,26.037,117,545,6-0 6-2,3,R32,64,6,0,38,25,22,8,7,1,1,0,0,52,26,12,10,7,5,10
2025-637,Champaign,Hard,32,C,I,20251110,6,K0A3,5,,Mats Rosenkranz,R,188,USA,26.037,117,545,C0JP,,,Pablo Martinez Gomez,R,191,BEL,23.825,74,779,6-3 6-3,3,R32,82,6,0,51,33,27,11,9,1,1,4,1,58,37,25,9,9,6,9
2025-637,Champaign,Hard,32,C,I,20251110,7,M0NP,6,,Andres Martin,R,183,USA,24.345,268,200,C0BH,,,Ryan Fishback,R,180,FRA,24.411,251,221,6-3 7-6(4),3,R32,98,1,2,79,53,32,11,11,7,11,0,3,67,37,20,11,10,4,9
2025-637,Champaign,Hard,32,C,I,20251110,8,C0JP,,,Alex Martinez,R,191,BEL,23.825,74,779,P0EA,7,,Saba Purtseladze,R,191,GEO,24.225,287,183,7-5 3-6 7-6(7),3,R32,155,11,7,118,81,58,16,16,9,12,19,7,104,69,53,14,17,3,6
2025-637,Champaign,Hard,32,C,I,20251110,9,B0U4,8,,Tyler Zink,R,191,NOR,19.192,132,473,P0CT,,,Shunsuke Mitsui,R,180,ITA,24.841,128,485,7-6(5) 6-1,3,R32,96,3,3,69,42,27,14,9,4,6,3,4,69,44,26,11,10,7,12
2025-637,Champaign,Hard,32,C,I,20251110,10,C0BH,,,Taym Al Azmeh,R,180,FRA,24.411,251,221,K926,,,Sasha Colleu,R,183,KAZ,37.875,317,161,6-2 6-7(5) 6-1,3,R32,126,4,6,102,73,50,15,14,10,12,5,2,84,49,29,17,13,2,8
2025-637,Champaign,Hard,32,C,I,20251110,11,A0DV,,,Arda Azkara,,,TUR,22.661,564,69,RH24,,,Lui Maxted,R,188,FIN,26.609,544,73,6-3 6-4,3,R32,85,4,3,60,35,27,13,10,2,3,5,3,59,34,22,12,9,5,8
2025-637,Champaign,Hard,32,C,I,20251110,12,C0JP,,,Jay Friend,R,191,BEL,23.825,74,779,P0BK,,,Alfredo Perez,R,185,GBR,28.282,409,115,6-4 5-7 6-3,3,R32,122,9,2,89,66,49,13,16,4,6,4,3,94,59,44,14,15,9,12
2025-637,Champaign,Hard,32,C,I,20251110,13,RH24,,,Adhithya Ganesan,R,188,FIN,26.609,544,73,B0PG,,,Oliver Okonkwo,R,193,BEL,20.591,101,635,6-3 7-5,3,R32,85,1,4,74,40,28,20,11,3,4,1,5,70,45,30,9,10,5,8
2025-637,Champaign,Hard,32,C,I,20251110,14,P0CT,,,Adam Jilly,R,180,ITA,24.841,128,485,S0GV,,,Keegan Smith,R,191,LAT,26.155,378,129,6-4 6-2,3,R32,60,8,3,52,31,25,10,9,1,2,3,0,44,32,18,5,9,1,5
2025-637,Champaign,Hard,32,C,I,20251110,15,KE64,,,Stefan Kozlov,R,183,USA,27.773,458,95,B0JG,,,Leo Borg,R,183,SWE,22.491,546,73,6-1 6-0,3,R32,52,6,1,38,22,20,8,7,0,0,1,1,40,31,13,2,6,2,7
2025-637,Champaign,Hard,32,C,I,20251110,16,B0U4,,,Aidan McHugh,R,191,NOR,19.192,132,473,M0QK,,,Jeremy Zhang,R,180,FRA,20.29,552,72,6-7(5) 6-3 7-5,3,R32,199,2,6,109,66,44,26,17,3,6,1,8,104,74,47,14,16,7,12
2025-637,Champaign,Hard,32,C,I,20251110,17,C0BH,,,Kenta Miyoshi,R,180,FRA,24.411,251,221,MW76,,,Quinn Vandecasteele,R,183,FRA,26.817,319,161,6-3 7-5,3,R32,87,1,2,60,31,20,17,10,1,3,2,1,66,40,24,12,11,6,11
2025-637,Champaign,Hard,32,C,I,20251110,18,C0HT,4,,Murphy Cassone,R,188,USA,23.236,245,230,TA12,,,Aidan McHugh,R,185,ITA,33.87,203,283,1-6 7-6(0) 6-3,3,R16,147,7,3,114,77,54,12,15,9,14,2,1,74,47,28,17,13,1,4
2025-637,Champaign,Hard,32,C,I,20251110,19,C0HT,4,,Murphy Cassone,R,188,USA,23.236,245,230,B0GY,,,Aidan McHugh,R,175,ARG,23.086,176,328,1-6 7-6(0) 6-3,3,R16,147,7,3,114,77,54,12,15,9,14,2,1,74,47,28,17,13,1,4
2025-637,Champaign,Hard,32,C,I,20251110,20,CC66,5,,Mats Rosenkranz,L,183,ARG,33.777,273,197,SK94,,,Adhithya Ganesan,L,180,GER,35.088,395,120,6-1 6-2,3,R16,54,3,1,36,25,21,9,7,1,1,0,3,46,26,13,7,8,0,5
2025-637,Champaign,Hard,32,C,I,20251110,21,VA25,5,,Mats Rosenkranz,R,193,MON,26.984,31,1483,G0GW,,,Adhithya Ganesan,R,191,FRA,22.278,195,297,6-1 6-2,3,R16,54,3,1,36,25,21,9,7,1,1,0,3,46,26,13,7,8,0,5
2025-637,Champaign,Hard,32,C,I,20251110,22,GB93,,,Taym Al Azmeh,R,193,SVK,35.244,291,178,M0NP,6,,Andres Martin,R,183,USA,24.345,268,200,6-4 7-5,3,R16,85,4,3,67,43,29,12,11,2,4,2,1,63,45,27,9,11,2,6
2025-637,Champaign,Hard,32,C,I,20251110,23,M0SE,,,Taym Al Azmeh,R,178,CZE,18.275,357,137,M0NP,6,,Andres Martin,R,183,USA,24.345,268,200,6-4 7-5,3,R16,85,4,3,67,43,29,12,11,2,4,2,1,63,45,27,9,11,2,6
2025-637,Champaign,Hard,32,C,I,20251110,24,KE64,,,Stefan Kozlov,R,183,USA,27.773,458,95,K0FY,8,,Tyler Zink,R,188,CZE,22.875,358,137,6-3 6-3,3,R16,69,3,3,45,29,26,8,9,0,1,4,0,55,30,21,8,9,5,9
2025-637,Champaign,Hard,32,C,I,20251110,25,KE64,,,Stefan Kozlov,R,183,USA,27.773,458,95,RH59,8,,Tyler Zink,R,191,ARG,26.322,234,245,6-3 6-3,3,R16,69,3,3,45,29,26,8,9,0,1,4,0,55,30,21,8,9,5,9
2025-637,Champaign,Hard,32,C,I,20251110,26,B0NO,,,Darwin Blanch,L,185,USA,18.119,297,173,A0DV,,,Arda Azkara,,,TUR,22.661,564,69,6-3 6-4,3,R16,65,4,2,53,38,32,6,10,0,1,1,1,48,28,17,13,9,2,5
2025-637,Champaign,Hard,32,C,I,20251110,27,B0GY,,,Alex Martinez,R,175,ARG,23.086,176,328,K0K5,,,Adam Jilly,R,,CZE,19.154,1251,7,6-3 6-2,3,R16,64,1,0,52,27,23,16,9,5,5,1,2,41,19,12,11,8,2,5
2025-637,Champaign,Hard,32,C,I,20251110,28,CC66,,,Alex Martinez,L,183,ARG,33.777,273,197,P0EV,,,Adam Jilly,R,191,CZE,23.984,629,54,6-3 6-2,3,R16,64,1,0,52,27,23,16,9,5,5,1,2,41,19,12,11,8,2,5
2025-637,Champaign,Hard,32,C,I,20251110,29,G0GW,,,Kenta Miyoshi,R,191,FRA,22.278,195,297,BV24,,,Micah Braswell,R,183,ITA,28.52,393,121,2-6 6-0 6-3,3,R16,89,5,2,66,41,29,13,12,4,7,7,2,64,42,27,5,11,4,9
2025-637,Champaign,Hard,32,C,I,20251110,30,GB93,,,Kenta Miyoshi,R,193,SVK,35.244,291,178,BU54,,,Micah Braswell,R,180,FRA,27.258,254,217,2-6 6-0 6-3,3,R16,89,5,2,66,41,29,13,12,4,7,7,2,64,42,27,5,11,4,9
2025-637,Champaign,Hard,32,C,I,20251110,31,SK94,,,Cedrik-Marcel Stebe,L,180,GER,35.088,395,120,B0OU,,,Jay Friend,R,183,CZE,21.599,296,173,7-6(6) 7-5,3,R16,131,4,7,120,65,43,26,12,9,12,5,3,76,55,34,9,12,1,5
2025-637,Champaign,Hard,32,C,I,20251110,32,SK94,,,Cedrik-Marcel Stebe,L,180,GER,35.088,395,120,BU10,,,Jay Friend,R,191,ITA,26.954,337,150,7-6(6) 7-5,3,R16,131,4,7,120,65,43,26,12,9,12,5,3,76,55,34,9,12,1,5
2025-637,Champaign,Hard,32,C,I,20251110,33,C0HT,4,,Murphy Cassone,R,188,USA,23.236,245,230,GB93,5,,Mats Rosenkranz,R,193,SVK,35.244,291,178,7-6(4) 6-3,3,QF,92,12,3,66,45,34,13,10,3,3,10,1,74,46,32,14,11,2,4
2025-637,Champaign,Hard,32,C,I,20251110,34,C0HT,4,,Murphy Cassone,R,188,USA,23.236,245,230,M0E1,5,,Mats Rosenkranz,R,180,POL,25.832,257,212,7-6(4) 6-3,3,QF,92,12,3,66,45,34,13,10,3,3,10,1,74,46,32,14,11,2,4
2025-637,Champaign,Hard,32,C,I,20251110,35,KE64,,,Stefan Kozlov,R,183,USA,27.773,458,95,B0NO,,,Darwin Blanch,L,185,USA,18.119,297,173,6-2 6-7(7) 6-3,3,QF,152,5,1,100,66,46,23,15,6,7,4,6,106,65,37,24,14,6,10
2025-637,Champaign,Hard,32,C,I,20251110,36,GB93,,,Kenta Miyoshi,R,193,SVK,35.244,291,178,M0SE,,,Taym Al Azmeh,R,178,CZE,18.275,357,137,7-5 6-2,3,QF,101,6,2,64,30,19,14,10,4,9,2,5,71,39,16,12,10,5,13
2025-637,Champaign,Hard,32,C,I,20251110,37,M0E1,,,Kenta Miyoshi,R,180,POL,25.832,257,212,VA25,,,Taym Al Azmeh,R,193,MON,26.984,31,1483,7-5 6-2,3,QF,101,6,2,64,30,19,14,10,4,9,2,5,71,39,16,12,10,5,13
2025-637,Champaign,Hard,32,C,I,20251110,38,SK94,,,Cedrik-Marcel Stebe,L,180,GER,35.088,395,120,CE77,,,Alex Martinez,R,180,ARG,33.673,230,250,3-6 6-3 7-5,3,QF,138,5,2,91,51,35,20,15,1,5,3,2,96,57,36,19,15,2,7
2025-637,Champaign,Hard,32,C,I,20251110,39,SK94,,,Cedrik-Marcel Stebe,L,180,GER,35.088,395,120,N0D9,,,Alex Martinez,R,183,CZE,21.306,614,57,3-6 6-3 7-5,3,QF,138,5,2,91,51,35,20,15,1,5,3,2,96,57,36,19,15,2,7
2025-637,Champaign,Hard,32,C,I,20251110,40,C0HT,4,,Murphy Cassone,R,188,USA,23.236,245,230,GJ16,,,Kenta Miyoshi,R,191,ARG,28.956,270,197,6-2 2-6 6-4,3,SF,104,2,2,82,49,35,16,13,9,12,8,1,68,44,31,11,13,0,4
2025-637,Champaign,Hard,32,C,I,20251110,41,C0HT,4,,Murphy Cassone,R,188,USA,23.236,245,230,P0J1,,,Kenta Miyoshi,L,191,MEX,20.545,209,277,6-2 2-6 6-4,3,SF,104,2,2,82,49,35,16,13,9,12,8,1,68,44,31,11,13,0,4
2025-637,Champaign,Hard,32,C,I,20251110,42,KE64,,,Stefan Kozlov,R,183,USA,27.773,458,95,SK94,,,Cedrik-Marcel Stebe,L,180,GER,35.088,395,120,6-0 4-0 RET,3,SF,53,1,1,26,14,13,9,5,0,0,0,3,44,20,8,8,5,6,11
2025-637,Champaign,Hard,32,C,I,20251110,43,KE64,,,Stefan Kozlov,R,183,USA,27.773,458,95,C0HT,4,,Murphy Cassone,R,188,USA,23.236,245,230,7-6(3) 7-5,3,F,126,1,4,75,45,31,15,12,1,4,4,6,96,69,39,12,12,6,10
2025-7235,Drummondville,Hard,32,C,I,20251110,1,D0DP,1,,Liam Draxl,R,185,CAN,23.932,120,514,A0K4,,,Mikael Arseneault,R,160,CAN,18.812,1086,12,3-6 7-6(5) 6-0,3,R32,136,4,0,81,63,45,12,13,5,7,5,2,111,66,41,21,14,10,14
2025-7235,Drummondville,Hard,32,C,I,20251110,2,G0IW,,,Antoine Ghibaudo,R,191,FRA,20.791,336,150,C0BH,2,,Clement Chidekh,R,180,FRA,24.411,251,221,7-5 6-3,3,R32,101,2,1,68,40,29,15,11,3,5,1,4,72,38,29,10,10,5,9
2025-7235,Drummondville,Hard,32,C,I,20251110,3,BV21,,,Charles Broom,R,178,GBR,27.548,370,132,Z09F,3,,Patrick Zahraj,R,191,GER,26.319,246,228,6-3 6-2,3,R32,70,2,0,58,32,21,18,9,1,2,1,7,47,18,12,13,8,2,6
2025-7235,Drummondville,Hard,32,C,I,20251110,4,G0BY,4,,Daniil Glinka,L,188,EST,25.498,247,227,K0DB,,,Cannon Kingsley,R,191,USA,24.515,571,67,6-4 6-2,3,R32,73,7,3,61,31,24,19,9,6,6,1,1,50,31,21,9,9,3,6
2025-7235,Drummondville,Hard,32,C,I,20251110,5,T0BW,5,,James Trotter,R,183,JPN,26.286,266,202,PH77,,,David Poljak,R,188,CZE,29.484,1052,13,6-2 6-3,3,R32,60,5,0,54,36,27,11,9,1,1,2,1,44,30,21,6,8,4,7
2025-7235,Drummondville,Hard,32,C,I,20251110,6,R0JI,,,Keegan Rice,R,178,CAN,19.392,1129,10,RG42,6,,Alex Rybakov,L,185,USA,28.786,269,199,4-6 7-6(5) 6-3,3,R32,157,5,7,106,72,50,18,15,4,7,7,6,109,77,52,16,16,8,12
2025-7235,Drummondville,Hard,32,C,I,20251110,7,MP01,7,,Michael Mmoh,R,188,USA,27.833,290,178,H0D9,,,Cleeve Harper,R,183,CAN,24.879,1122,10,6-3 6-3,3,R32,85,9,1,50,37,29,9,9,1,1,2,5,59,40,25,9,9,5,8
2025-7235,Drummondville,Hard,32,C,I,20251110,8,B0C0,8,,Gabi Adrian Boitan,R,185,ROU,26.335,333,151,B0I6,,,Samir Banerjee,R,188,USA,22.108,349,140,6-4 6-4,3,R32,80,2,2,54,35,29,11,10,0,0,3,3,66,40,26,16,10,3,5
2025-7235,Drummondville,Hard,32,C,I,20251110,9,C0OF,,,Duncan Chan,R,183,CAN,20.285,1440,4,P0C1,,,Karl Poling,L,185,USA,26.27,611,58,6-3 6-4,3,R32,77,7,3,59,36,28,12,10,3,4,0,2,59,44,25,10,9,4,7
2025-7235,Drummondville,Hard,32,C,I,20251110,10,I0B0,,,Andre Ilagan,L,173,USA,24.983,342,146,A0K3,,,Nicolas Arseneault,L,183,CAN,18.812,506,84,3-6 6-3 6-0,3,R32,88,2,0,69,46,31,12,12,2,5,6,9,74,37,29,9,12,7,13
2025-7235,Drummondville,Hard,32,C,I,20251110,11,K0HC,,,Maks Kasnikowski,R,180,POL,22.349,563,69,W0BB,,,Max Wiskandt,R,191,GER,23.773,426,106,3-6 6-4 6-1,3,R32,130,9,4,94,62,44,10,13,8,11,5,3,86,54,29,20,13,2,7
2025-7235,Drummondville,Hard,32,C,I,20251110,12,K0KC,,,Jangjun Kim,R,180,KOR,18.897,1430,4,B0D6,,,Taha Baadi,R,183,MAR,24.312,652,52,6-3 6-3,3,R32,94,3,0,65,45,30,14,9,9,9,3,1,73,47,25,15,9,6,9
2025-7235,Drummondville,Hard,32,C,I,20251110,13,M0C2,,,Dan Martin,R,175,CAN,26.508,449,98,W0C4,,,Edward Winter,R,178,AUS,21.153,462,93,6-3 6-3,3,R32,77,4,2,52,35,27,10,9,0,0,0,1,56,35,20,12,9,2,5
2025-7235,Drummondville,Hard,32,C,I,20251110,14,M0EG,,,Tristan McCormick,R,196,USA,26.612,505,85,B0F8,,,Justin Boulais,L,183,CAN,24.057,549,72,6-4 6-0,3,R32,94,7,2,61,32,28,11,8,3,3,0,5,62,38,22,9,8,5,9
2025-7235,Drummondville,Hard,32,C,I,20251110,15,M0RG,,,Daniel Milavsky,R,193,USA,24.162,384,126,T0EI,,,Aristotelis Thanos,R,193,GRE,24.594,436,103,6-3 6-4,3,R32,94,4,2,80,46,28,18,10,4,7,5,5,55,30,20,8,9,2,7
2025-7235,Drummondville,Hard,32,C,I,20251110,16,WB25,,,Louis Wessels,R,198,GER,27.206,693,44,A09W,,,Juan Carlos Aguilar,R,170,CAN,26.973,499,85,6-1 6-1,3,R32,79,5,3,54,37,29,7,7,2,2,2,4,46,29,14,5,7,2,7
2025-7235,Drummondville,Hard,32,C,I,20251110,17,D0DP,1,,Liam Draxl,R,185,CAN,23.932,120,514,M0EG,,,Tristan McCormick,R,196,USA,26.612,505,85,6-7(3) 7-6(7) 6-3,3,R16,208,15,2,121,80,52,28,17,6,8,19,2,138,90,58,26,16,18,21
2025-7235,Drummondville,Hard,32,C,I,20251110,18,G0BY,4,,Daniil Glinka,L,188,EST,25.498,247,227,K0KC,,,Jangjun Kim,R,180,KOR,18.897,1430,4,6-7(5) 6-3 6-2,3,R16,155,13,4,118,73,53,20,15,7,9,8,3,105,66,46,14,14,5,10
2025-7235,Drummondville,Hard,32,C,I,20251110,19,WB25,,,Louis Wessels,R,198,GER,27.206,693,44,T0BW,5,,James Trotter,R,183,JPN,26.286,266,202,6-4 3-6 7-6(5),3,R16,161,8,6,106,74,52,17,15,4,5,15,1,114,82,59,16,16,6,7
2025-7235,Drummondville,Hard,32,C,I,20251110,20,K0HC,,,Maks Kasnikowski,R,180,POL,22.349,563,69,MP01,7,,Michael Mmoh,R,188,USA,27.833,290,178,1-6 6-4 4-0 RET,3,R16,96,3,1,60,34,20,14,10,2,6,7,10,60,32,24,7,11,0,5
2025-7235,Drummondville,Hard,32,C,I,20251110,21,B0C0,8,,Gabi Adrian Boitan,R,185,ROU,26.335,333,151,I0B0,,,Andre Ilagan,L,173,USA,24.983,342,146,6-4 7-6(5),3,R16,107,7,5,72,44,33,14,11,2,4,0,2,78,58,32,13,11,4,7
2025-7235,Drummondville,Hard,32,C,I,20251110,22,BV21,,,Charles Broom,R,178,GBR,27.548,370,132,M0RG,,,Daniel Milavsky,R,193,USA,24.162,384,126,2-6 6-4 6-2,3,R16,100,3,0,67,44,29,14,13,2,6,11,8,83,45,33,13,13,5,10
2025-7235,Drummondville,Hard,32,C,I,20251110,23,C0OF,,,Duncan Chan,R,183,CAN,20.285,1440,4,G0IW,,,Antoine Ghibaudo,R,191,FRA,20.791,336,150,6-4 6-4,3,R16,78,1,4,61,39,31,10,10,2,3,4,1,54,38,27,7,10,0,3
2025-7235,Drummondville,Hard,32,C,I,20251110,24,M0C2,,,Dan Martin,R,175,CAN,26.508,449,98,R0JI,,,Keegan Rice,R,178,CAN,19.392,1129,10,6-7(2) 7-5 6-3,3,R16,159,7,2,98,63,49,17,17,6,9,4,2,112,73,44,22,16,8,13
2025-7235,Drummondville,Hard,32,C,I,20251110,25,K0HC,,,Maks Kasnikowski,R,180,POL,22.349,563,69,D0DP,1,,Liam Draxl,R,185,CAN,23.932,120,514,6-4 6-3,3,QF,103,2,1,65,40,30,13,9,5,5,2,2,73,49,27,14,10,7,10
2025-7235,Drummondville,Hard,32,C,I,20251110,26,G0BY,4,,Daniil Glinka,L,188,EST,25.498,247,227,M0C2,,,Dan Martin,R,175,CAN,26.508,449,98,6-4 3-6 6-4,3,QF,130,12,1,77,46,36,18,14,0,2,5,1,103,64,42,21,15,7,10
2025-7235,Drummondville,Hard,32,C,I,20251110,27,C0OF,,,Duncan Chan,R,183,CAN,20.285,1440,4,B0C0,8,,Gabi Adrian Boitan,R,185,ROU,26.335,333,151,6-4 7-5,3,QF,86,2,1,60,36,29,13,11,2,3,8,3,71,46,33,9,11,2,5
2025-7235,Drummondville,Hard,32,C,I,20251110,28,BV21,,,Charles Broom,R,178,GBR,27.548,370,132,WB25,,,Louis Wessels,R,198,GER,27.206,693,44,6-3 1-6 6-1,3,QF,84,11,1,62,37,31,13,12,2,4,5,3,60,40,25,13,11,3,6
2025-7235,Drummondville,Hard,32,C,I,20251110,29,G0BY,4,,Daniil Glinka,L,188,EST,25.498,247,227,K0HC,,,Maks Kasnikowski,R,180,POL,22.349,563,69,6-1 7-6(4),3,SF,91,12,3,66,37,30,20,10,2,2,4,1,85,52,34,15,9,6,8
2025-7235,Drummondville,Hard,32,C,I,20251110,30,C0OF,,,Duncan Chan,R,183,CAN,20.285,1440,4,BV21,,,Charles Broom,R,178,GBR,27.548,370,132,6-7(3) 6-3 6-3,3,SF,114,3,2,85,51,38,25,15,1,2,0,3,95,60,38,20,15,2,6
2025-7235,Drummondville,Hard,32,C,I,20251110,31,G0BY,4,,Daniil Glinka,L,188,EST,25.498,247,227,C0OF,,,Duncan Chan,R,183,CAN,20.285,1440,4,6-4 6-2,3,F,73,2,1,49,32,23,14,9,1,1,5,1,59,39,24,9,9,3,6
2025-7397,Kobe,Hard,32,C,I,20251110,1,T0AP,1,,Chun-Hsin Tseng,R,175,TPE,24.257,131,476,KC33,,,Dimitar Kuzmanov,R,183,BUL,32.287,250,222,6-4 6-1,3,R32,76,8,0,46,26,21,13,8,2,2,3,4,57,35,22,9,9,6,10
2025-7397,Kobe,Hard,32,C,I,20251110,2,N732,2,,Yoshihito Nishioka,L,170,JPN,30.122,112,566,J380,,,Jason Jung,R,180,TPE,36.405,1038,13,1-6 6-3 6-4,3,R32,106,6,2,85,56,34,12,13,4,9,5,3,73,40,25,16,13,4,9
2025-7397,Kobe,Hard,32,C,I,20251110,3,SY67,3,,Sho Shimabukuro,R,180,JPN,28.282,147,422,I0AX,,,Kokoro Isomura,R,175,JPN,22.801,539,75,7-6(1) 6-4,3,R32,90,12,3,73,48,39,10,11,6,8,3,2,61,37,26,13,11,1,4
2025-7397,Kobe,Hard,32,C,I,20251110,4,WB08,4,,Yosuke Watanuki,R,180,JPN,27.581,182,319,B0PW,,,Kaylan Bigun,L,183,USA,19.469,736,38,6-4 6-2,3,R32,83,5,3,67,49,36,8,9,5,5,2,6,59,30,22,11,9,1,4
2025-7397,Kobe,Hard,32,C,I,20251110,5,GF95,5,,Hugo Grenier,R,196,FRA,29.634,177,328,RD48,,,Igor Marcondes,L,185,BRA,28.402,485,88,6-2 7-6(6),3,R32,88,2,2,61,39,28,15,10,0,1,7,1,73,48,29,14,10,6,9
2025-7397,Kobe,Hard,32,C,I,20251110,6,S0UV,6,,Rei Sakamoto,R,193,JPN,19.381,180,322,B0JE,,,Max Basing,R,180,GBR,23.107,416,110,7-6(6) 6-7(4) 6-3,3,R32,152,15,3,102,60,49,22,16,7,9,0,3,110,76,51,16,17,3,7
2025-7397,Kobe,Hard,32,C,I,20251110,7,Y218,7,,Elias Ymer,R,185,SWE,29.585,191,301,PH78,,,Ryan Peniston,L,180,GBR,30.001,197,287,6-2 6-7(4) 1-1 RET,3,R32,122,3,7,78,41,33,15,11,3,5,5,6,77,50,36,10,11,7,11
2025-7397,Kobe,Hard,32,C,I,20251110,8,C0AK,8,,Oliver Crawford,R,180,GBR,26.533,193,300,U134,,,Yasutaka Uchiyama,R,183,JPN,33.265,305,169,6-7(1) 6-4 7-6(7),3,R32,150,7,3,111,65,49,29,17,0,1,17,6,111,67,57,23,17,2,4
2025-7397,Kobe,Hard,32,C,I,20251110,9,B0OU,,,Hynek Barton,R,183,CZE,21.599,296,173,N652,,,JiSung Nam,R,183,KOR,32.238,719,40,6-7(8) 6-4 7-6(6),3,R32,155,24,7,132,65,52,32,17,9,12,0,5,127,81,55,24,17,10,14
2025-7397,Kobe,Hard,32,C,I,20251110,10,CH27,,,Hyeon Chung,R,188,KOR,29.478,379,128,M0G0,,,Ryuki Matsuda,R,157,JPN,25.87,536,76,6-1 6-4,3,R32,77,3,5,52,29,22,15,9,2,3,3,0,47,24,18,8,8,2,6
2025-7397,Kobe,Hard,32,C,I,20251110,11,SN54,,,Frederico Ferreira Silva,L,178,POR,30.65,241,236,Z0C3,,,Maxim Zhukov,R,180,RUS,20.778,467,92,7-6(1) 6-2,3,R32,86,7,0,53,37,30,11,10,1,2,6,8,75,40,25,16,10,6,9
2025-7397,Kobe,Hard,32,C,I,20251110,12,H09F,,,Yu Hsiou Hsu,R,178,TPE,26.609,220,261,S0AQ,,,Yuta Shimizu,L,163,JPN,26.423,249,222,7-6(5) 6-4,3,R32,104,6,0,73,44,30,12,11,1,4,3,3,76,38,23,17,11,3,7
2025-7397,Kobe,Hard,32,C,I,20251110,13,HH06,,,Marc-Andrea Huesler,L,196,SUI,29.38,252,217,J0B5,,,Garrett Johns,R,180,USA,24.898,280,191,6-3 7-5,3,R32,88,8,2,63,39,28,18,11,1,2,6,0,74,51,36,7,10,8,11
2025-7397,Kobe,Hard,32,C,I,20251110,14,J0D2,,,Maximus Jones,R,185,THA,21.18,364,136,L0I5,,,Mitsuki Wei Kang Leong,R,175,MAS,21.262,757,36,7-6(6) 3-6 6-1,3,R32,154,3,2,98,56,36,21,14,10,15,8,0,110,76,42,17,14,10,16
2025-7397,Kobe,Hard,32,C,I,20251110,15,TD55,,,Renta Tokuda,R,178,JPN,27.619,308,167,T0IA,,,Ryotaro Taguchi,R,173,JPN,25.363,898,22,6-3 6-4,3,R32,67,11,1,50,33,26,14,10,0,0,4,2,56,41,24,10,9,1,3
2025-7397,Kobe,Hard,32,C,I,20251110,16,U120,,,Kaichi Uchida,R,180,JPN,31.217,309,166,TF58,,,Yusuke Takahashi,R,170,JPN,28.066,428,106,4-6 6-3 6-4,3,R32,129,10,3,96,54,42,21,15,3,5,2,1,86,59,39,15,14,4,7
2025-7397,Kobe,Hard,32,C,I,20251110,17,T0AP,1,,Chun-Hsin Tseng,R,175,TPE,24.257,131,476,CH27,,,Hyeon Chung,R,188,KOR,29.478,379,128,1-6 6-2 7-5,3,R16,146,2,1,88,52,30,18,13,3,8,5,9,93,51,32,19,14,12,18
2025-7397,Kobe,Hard,32,C,I,20251110,18,HH06,,,Marc-Andrea Huesler,L,196,SUI,29.38,252,217,N732,2,,Yoshihito Nishioka,L,170,JPN,30.122,112,566,W/O,3,R16,,,,,,,,,,,,,,,,,,,
2025-7397,Kobe,Hard,32,C,I,20251110,19,SY67,3,,Sho Shimabukuro,R,180,JPN,28.282,147,422,J0D2,,,Maximus Jones,R,185,THA,21.18,364,136,3-6 6-3 6-4,3,R16,128,12,8,100,59,44,20,14,9,11,9,3,100,55,38,22,14,6,9
2025-7397,Kobe,Hard,32,C,I,20251110,20,WB08,4,,Yosuke Watanuki,R,180,JPN,27.581,182,319,SN54,,,Frederico Ferreira Silva,L,178,POR,30.65,241,236,6-4 6-4,3,R16,90,8,1,66,42,32,15,10,6,6,0,1,49,28,22,12,10,1,3
2025-7397,Kobe,Hard,32,C,I,20251110,21,GF95,5,,Hugo Grenier,R,196,FRA,29.634,177,328,H09F,,,Yu Hsiou Hsu,R,178,TPE,26.609,220,261,6-2 6-2,3,R16,79,7,2,52,30,25,12,8,3,3,3,1,65,51,27,5,8,7,11
2025-7397,Kobe,Hard,32,C,I,20251110,22,S0UV,6,,Rei Sakamoto,R,193,JPN,19.381,180,322,B0OU,,,Hynek Barton,R,183,CZE,21.599,296,173,3-6 6-3 6-4,3,R16,126,8,4,94,62,48,13,14,11,13,13,4,91,43,37,20,14,5,8
2025-7397,Kobe,Hard,32,C,I,20251110,23,Y218,7,,Elias Ymer,R,185,SWE,29.585,191,301,TD55,,,Renta Tokuda,R,178,JPN,27.619,308,167,6-1 0-1 RET,3,R16,34,3,1,23,13,11,6,4,0,0,0,3,24,12,7,5,4,1,3
2025-7397,Kobe,Hard,32,C,I,20251110,24,U120,,,Kaichi Uchida,R,180,JPN,31.217,309,166,C0AK,8,,Oliver Crawford,R,180,GBR,26.533,193,300,6-7(10) 6-3 6-4,3,R16,133,24,5,103,64,54,17,16,1,2,10,4,95,61,47,17,15,3,6
2025-7397,Kobe,Hard,32,C,I,20251110,25,T0AP,1,,Chun-Hsin Tseng,R,175,TPE,24.257,131,476,S0UV,6,,Rei Sakamoto,R,193,JPN,19.381,180,322,4-6 6-1 7-6(11),3,QF,153,5,1,108,60,45,28,15,6,8,9,4,94,68,49,12,14,7,10
2025-7397,Kobe,Hard,32,C,I,20251110,26,U120,,,Kaichi Uchida,R,180,JPN,31.217,309,166,SY67,3,,Sho Shimabukuro,R,180,JPN,28.282,147,422,7-6(3) 5-7 2-0 RET,3,QF,97,11,0,80,55,42,13,13,3,5,8,1,71,46,36,12,13,0,2
2025-7397,Kobe,Hard,32,C,I,20251110,27,WB08,4,,Yosuke Watanuki,R,180,JPN,27.581,182,319,GF95,5,,Hugo Grenier,R,196,FRA,29.634,177,328,7-6(11) 6-3,3,QF,96,18,1,78,50,40,16,11,0,0,8,0,58,41,34,10,10,0,1
2025-7397,Kobe,Hard,32,C,I,20251110,28,Y218,7,,Elias Ymer,R,185,SWE,29.585,191,301,HH06,,,Marc-Andrea Huesler,L,196,SUI,29.38,252,217,7-5 5-7 6-4,3,QF,140,10,3,105,64,51,18,17,5,8,13,4,98,56,40,23,17,4,8
2025-7397,Kobe,Hard,32,C,I,20251110,29,WB08,4,,Yosuke Watanuki,R,180,JPN,27.581,182,319,T0AP,1,,Chun-Hsin Tseng,R,175,TPE,24.257,131,476,2-6 6-2 6-1,3,SF,107,12,3,79,47,36,13,12,7,10,1,3,66,37,20,15,11,3,8
2025-7397,Kobe,Hard,32,C,I,20251110,30,Y218,7,,Elias Ymer,R,185,SWE,29.585,191,301,U120,,,Kaichi Uchida,R,180,JPN,31.217,309,166,6-4 4-6 6-3,3,SF,120,8,0,87,53,39,21,15,1,3,10,2,92,55,42,15,14,6,9
2025-7397,Kobe,Hard,32,C,I,20251110,31,WB08,4,,Yosuke Watanuki,R,180,JPN,27.581,182,319,Y218,7,,Elias Ymer,R,185,SWE,29.585,191,301,3-6 6-1 6-4,3,F,122,18,1,77,54,42,12,13,5,6,3,3,91,51,34,20,13,2,5
2025-2817,Sydney,Hard,32,C,O,20251117,1,D994,1,,James Duckworth,R,183,AUS,33.823,106,615,B0EK,,,Moerani Bouzige,R,180,AUS,26.349,317,164,6-4 6-1,3,R32,63,8,1,42,29,26,10,9,0,0,1,3,51,28,19,9,8,1,4
2025-2817,Sydney,Hard,32,C,O,20251117,2,H0BH,2,,Rinky Hijikata,R,178,AUS,24.731,127,485,B0I5,,,Blaise Bicknell,R,191,JAM,23.975,513,82,6-4 5-7 6-2,3,R32,114,1,0,103,68,43,22,15,8,10,19,4,92,65,47,9,15,4,8
2025-2817,Sydney,Hard,32,C,O,20251117,3,M0SC,,,Hayato Matsuoka,R,180,JPN,20.838,483,89,TA46,3,,Bernard Tomic,R,196,AUS,33.073,182,319,6-4 RET,3,R32,36,7,1,29,17,13,9,5,1,1,1,2,38,26,20,3,5,2,3
2025-2817,Sydney,Hard,32,C,O,20251117,4,KB95,4,,Jason Kubler,R,178,AUS,32.498,190,301,M0TE,,,Pavle Marinkov,R,188,AUS,19.784,592,62,6-3 1-6 6-2,3,R32,103,11,0,59,39,29,8,12,1,5,6,5,67,35,21,15,12,1,6
2025-2817,Sydney,Hard,32,C,O,20251117,5,M0OQ,5,,James McCabe,R,188,AUS,22.371,196,293,MI01,,,Hiroki Moriya,R,168,JPN,35.088,470,92,6-4 6-3,3,R32,86,12,0,51,30,24,13,10,1,2,0,2,63,43,27,7,9,6,9
2025-2817,Sydney,Hard,32,C,O,20251117,6,S0IA,6,,Dane Sweeny,R,170,AUS,24.761,215,270,LI10,,,Christian Langmo,R,191,USA,29.462,324,160,2-0 RET,3,R32,6,0,0,4,2,2,2,1,0,0,1,1,6,3,2,0,1,0,1
2025-2817,Sydney,Hard,32,C,O,20251117,7,BI81,7,,Alex Bolt,L,183,AUS,32.865,188,305,K0DE,,,Takuya Kumasaka,R,175,JPN,27.099,475,91,6-3 6-4,3,R32,94,2,1,74,51,35,11,10,3,5,5,3,65,32,20,14,9,5,9
2025-2817,Sydney,Hard,32,C,O,20251117,8,S0U5,,,Tai Sach,R,178,AUS,23.17,712,42,N09U,8,,Rio Noguchi,R,168,JPN,26.888,242,236,2-6 6-1 6-2,3,R32,88,7,1,64,42,31,11,12,0,2,1,1,71,47,27,13,11,2,6
2025-2817,Sydney,Hard,32,C,O,20251117,9,D0A2,,,Matthew Dellavedova,R,191,AUS,25.467,423,111,PF65,,,Filip Peliwo,R,180,POL,31.797,464,94,6-2 6-2,3,R32,63,3,0,40,32,26,6,8,0,0,2,1,57,33,21,8,8,7,11
2025-2817,Sydney,Hard,32,C,O,20251117,10,EA27,,,Blake Ellis,R,191,AUS,26.864,435,105,H0BA,,,Shinji Hazawa,R,175,JPN,26.601,791,33,6-7(0) 6-2 6-4,3,R32,306,16,2,79,52,39,22,15,1,1,4,2,105,70,42,24,15,6,9
2025-2817,Sydney,Hard,32,C,O,20251117,11,G09C,,,Marek Gengel,R,185,CZE,30.168,323,161,J0D5,,,Hayden Jones,R,175,AUS,19.217,929,20,5-7 6-4 7-5,3,R32,147,11,7,116,64,49,20,17,11,15,8,10,108,63,44,19,17,6,11
2025-2817,Sydney,Hard,32,C,O,20251117,12,H0K0,,,Cruz Hewitt,R,185,AUS,16.934,759,36,J553,,,Omar Jasika,L,183,AUS,28.501,313,165,3-6 7-6(6) 6-4,3,R32,174,5,4,108,60,47,20,15,5,8,2,4,142,88,59,23,16,16,19
2025-2817,Sydney,Hard,32,C,O,20251117,13,O0BI,,,Carl Emil Overbeck,R,193,DEN,24.268,649,52,DC38,,,Jake Delaney,R,185,AUS,28.512,461,95,6-3 6-2,3,R32,66,3,3,56,31,23,17,9,2,2,4,2,53,33,19,9,8,3,6
2025-2817,Sydney,Hard,32,C,O,20251117,14,S0TI,,,Philip Sekulic,R,191,AUS,22.201,462,94,H0EK,,,Emile Hudd,R,193,GBR,25.476,747,38,6-3 2-6 6-3,3,R32,122,9,5,83,52,36,17,13,7,9,7,3,82,51,37,12,13,3,6
2025-2817,Sydney,Hard,32,C,O,20251117,15,S0RI,,,Karan Singh,R,185,IND,22.385,467,93,S0W8,,,Aryan Shah,R,183,IND,19.989,399,119,7-6(2) 6-3,3,R32,71,10,1,57,36,29,14,11,0,1,7,6,63,32,23,16,10,3,5
2025-2817,Sydney,Hard,32,C,O,20251117,16,W857,,,Tung-Lin Wu,R,188,TPE,27.518,390,123,PG94,,,Marc Polmans,R,188,AUS,28.545,421,111,6-4 3-6 7-5,3,R32,134,4,2,87,53,37,18,15,6,10,10,2,88,59,40,14,16,4,9
2025-2817,Sydney,Hard,32,C,O,20251117,17,D994,1,,James Duckworth,R,183,AUS,33.823,106,615,D0A2,,,Matthew Dellavedova,R,191,AUS,25.467,423,111,6-3 6-0,3,R16,57,6,0,48,32,26,9,8,0,0,2,2,37,24,14,4,7,0,4
2025-2817,Sydney,Hard,32,C,O,20251117,18,H0BH,2,,Rinky Hijikata,R,178,AUS,24.731,127,485,O0BI,,,Carl Emil Overbeck,R,193,DEN,24.268,649,52,7-6(3) 7-6(2),3,R16,97,7,2,85,58,40,17,12,3,4,13,3,75,47,37,13,12,0,1
2025-2817,Sydney,Hard,32,C,O,20251117,19,KB95,4,,Jason Kubler,R,178,AUS,32.498,190,301,G09C,,,Marek Gengel,R,185,CZE,30.168,323,161,6-4 6-2,3,R16,67,4,0,45,31,27,9,9,0,0,3,4,51,30,22,7,9,2,5
2025-2817,Sydney,Hard,32,C,O,20251117,20,M0OQ,5,,James McCabe,R,188,AUS,22.371,196,293,S0RI,,,Karan Singh,R,185,IND,22.385,467,93,6-3 6-2,3,R16,63,7,1,40,22,22,14,9,0,0,1,2,49,26,13,14,8,6,9
2025-2817,Sydney,Hard,32,C,O,20251117,21,S0IA,6,,Dane Sweeny,R,170,AUS,24.761,215,270,W857,,,Tung-Lin Wu,R,188,TPE,27.518,390,123,6-1 7-6(5),3,R16,79,3,2,63,43,32,13,10,1,2,4,2,50,33,19,12,9,0,3
2025-2817,Sydney,Hard,32,C,O,20251117,22,BI81,7,,Alex Bolt,L,183,AUS,32.865,188,305,S0TI,,,Philip Sekulic,R,191,AUS,22.201,462,94,6-2 6-1,3,R16,65,7,2,52,34,25,12,8,1,1,3,1,42,26,13,6,7,2,6
2025-2817,Sydney,Hard,32,C,O,20251117,23,M0SC,,,Hayato Matsuoka,R,180,JPN,20.838,483,89,H0K0,,,Cruz Hewitt,R,185,AUS,16.934,759,36,5-7 6-3 7-5,3,R16,147,16,4,114,75,51,22,17,8,10,4,4,97,54,38,25,16,7,10
2025-2817,Sydney,Hard,32,C,O,20251117,24,S0U5,,,Tai Sach,R,178,AUS,23.17,712,42,EA27,,,Blake Ellis,R,191,AUS,26.864,435,105,W/O,3,R16,,,,,,,,,,,,,,,,,,,
2025-2817,Sydney,Hard,32,C,O,20251117,25,D994,1,,James Duckworth,R,183,AUS,33.823,106,615,S0IA,6,,Dane Sweeny,R,170,AUS,24.761,215,270,6-2 6-3,3,QF,99,8,0,56,31,26,13,9,2,2,3,2,51,36,23,7,8,4,7
2025-2817,Sydney,Hard,32,C,O,20251117,26,M0OQ,5,,James McCabe,R,188,AUS,22.371,196,293,H0BH,2,,Rinky Hijikata,R,178,AUS,24.731,127,485,6-3 7-5,3,QF,105,6,2,64,35,28,16,11,3,4,2,0,74,53,33,10,10,6,9
2025-2817,Sydney,Hard,32,C,O,20251117,27,KB95,4,,Jason Kubler,R,178,AUS,32.498,190,301,BI81,7,,Alex Bolt,L,183,AUS,32.865,188,305,7-5 6-3,3,QF,85,4,0,52,42,34,8,10,1,1,5,3,65,44,31,9,11,4,7
2025-2817,Sydney,Hard,32,C,O,20251117,28,M0SC,,,Hayato Matsuoka,R,180,JPN,20.838,483,89,S0U5,,,Tai Sach,R,178,AUS,23.17,712,42,4-6 7-5 6-1,3,QF,148,6,1,93,63,41,13,14,9,14,3,5,108,57,35,18,15,5,13
2025-2817,Sydney,Hard,32,C,O,20251117,29,D994,1,,James Duckworth,R,183,AUS,33.823,106,615,KB95,4,,Jason Kubler,R,178,AUS,32.498,190,301,7-5 6-2,3,SF,110,9,3,67,40,32,15,10,5,5,5,2,70,42,28,13,10,3,6
2025-2817,Sydney,Hard,32,C,O,20251117,30,M0SC,,,Hayato Matsuoka,R,180,JPN,20.838,483,89,M0OQ,5,,James McCabe,R,188,AUS,22.371,196,293,7-5 6-4,3,SF,96,2,4,65,43,32,13,11,4,5,11,0,77,54,36,11,11,7,10
2025-2817,Sydney,Hard,32,C,O,20251117,31,D994,1,,James Duckworth,R,183,AUS,33.823,106,615,M0SC,,,Hayato Matsuoka,R,180,JPN,20.838,483,89,6-1 6-4,3,F,70,5,0,44,31,27,9,9,0,0,2,3,60,32,18,14,8,6,9
2025-2955,Montemar,Clay,32,C,O,20251117,1,TE16,1,,Carlos Taberner,R,183,ESP,28.277,103,636,P0CY,,,Stefan Palosi,R,180,ROU,25.804,539,76,6-0 6-1,3,R32,71,3,1,35,24,22,4,6,3,3,1,5,64,41,21,6,7,6,12
2025-2955,Montemar,Clay,32,C,O,20251117,2,TA29,2,,Marco Trungelliti,R,178,ARG,35.795,135,458,J09X,,,Filip Cristian Jianu,R,180,ROU,24.164,289,184,7-5 6-7(3) 6-4,3,R32,178,5,5,116,71,43,17,17,9,16,1,4,113,72,35,20,17,8,17
2025-2955,Montemar,Clay,32,C,O,20251117,3,M0K4,3,,Elmer Moller,R,183,DEN,22.36,152,405,P0K4,,,Tiago Pereira,R,0,PRT,21.41,260,206,5-7 6-3 6-2,3,R32,135,2,8,100,72,44,15,15,10,13,4,0,96,61,42,13,14,8,13
2025-2955,Montemar,Clay,32,C,O,20251117,4,M0N7,4,,Daniel Merida,R,188,ESP,21.142,172,336,G0OO,,,Alberto Garcia Garcia,,,ESP,21.791,,,6-3 6-0,3,R32,54,0,2,45,29,20,8,7,3,5,0,6,46,28,11,3,8,0,7
2025-2955,Montemar,Clay,32,C,O,20251117,5,T09X,5,,Clement Tabur,R,173,FRA,25.815,201,286,G0J9,,,Svyatoslav Gulin,R,178,RUS,22.954,375,131,6-2 6-7(7) 6-4,3,R32,155,2,2,97,63,39,19,15,2,5,0,4,114,67,40,20,15,6,12
2025-2955,Montemar,Clay,32,C,O,20251117,6,GA79,6,,Lorenzo Giustino,R,180,ITA,34.188,220,263,M0GP,,,Filippo Moroni,R,175,ITA,24.791,487,88,6-4 6-1,3,R32,68,1,4,46,18,17,17,9,0,1,1,1,46,24,12,9,8,1,5
2025-2955,Montemar,Clay,32,C,O,20251117,7,KH56,7,,Zdenek Kolar,R,183,CZE,29.106,222,260,BV25,,,Javier Barranco Cosano,L,180,ESP,27.001,358,139,6-4 6-2,3,R32,88,1,4,60,31,21,18,9,4,5,2,5,62,34,21,12,9,7,11
2025-2955,Montemar,Clay,32,C,O,20251117,8,S0Y0,,,Andres Santamarta Roig,R,180,ESP,18.817,694,44,BU54,8,,Geoffrey Blancaneaux,R,180,FRA,27.277,248,221,6-3 6-4,3,R32,106,0,2,65,38,19,17,9,5,8,0,0,64,46,23,7,10,5,11
2025-2955,Montemar,Clay,32,C,O,20251117,9,A0EA,,,Max Alcala Gurri,R,178,ESP,23.184,417,113,B0MM,,,Edas Butvilas,R,191,LTU,21.32,261,205,6-2 6-4,3,R32,98,0,2,67,44,27,14,9,8,9,0,2,56,31,19,11,9,5,9
2025-2955,Montemar,Clay,32,C,O,20251117,10,C0NN,,,Gianluca Cadenasso,R,175,ITA,21.133,395,120,M0E1,,,Daniel Michalski,R,180,POL,25.851,256,212,6-4 2-6 6-4,3,R32,146,7,6,85,46,28,19,14,3,9,0,3,91,48,30,19,14,4,10
2025-2955,Montemar,Clay,32,C,O,20251117,11,C0B2,,,Cezar Cretu,R,188,ROU,24.567,403,118,B0PE,,,Federico Bondioli,L,185,ITA,20.507,400,119,7-6(2) 6-3,3,R32,108,2,5,66,36,26,18,11,1,3,3,5,76,37,27,16,10,5,8
2025-2955,Montemar,Clay,32,C,O,20251117,12,D0CN,,,Miguel Damas,R,208,ESP,25.908,329,157,S0CG,,,Carlos Sanchez Jover,L,173,ESP,25.325,328,157,6-4 7-6(3),3,R32,105,4,4,71,43,28,13,11,2,6,1,0,72,57,33,7,11,4,9
2025-2955,Montemar,Clay,32,C,O,20251117,13,GE28,,,Ivan Gakhov,L,191,RUS,29.035,263,204,A0AB,,,Adrian Andreev,R,175,BUL,24.517,867,25,6-3 6-3,3,R32,93,1,7,68,38,33,11,9,7,8,2,1,57,31,18,11,9,3,7
2025-2955,Montemar,Clay,32,C,O,20251117,14,N0DB,,,Andrej Nedic,R,185,BIH,21.087,338,150,M0EA,,,Pol Martin Tiffon,R,183,ESP,26.303,304,171,6-1 6-1,3,R32,56,2,1,40,33,26,4,7,4,4,0,4,41,22,6,10,7,2,7
2025-2955,Montemar,Clay,32,C,O,20251117,15,P0I6,,,Gabriele Piraino,L,188,ITA,22.015,371,132,B0LN,,,Adrien Burdet,R,178,SUI,23.688,1784,2,6-4 6-4,3,R32,97,3,3,61,36,28,13,10,3,4,3,8,69,43,32,8,10,4,7
2025-2955,Montemar,Clay,32,C,O,20251117,16,S0GZ,,,Nikolas Sanchez Izquierdo,R,185,ESP,26.678,303,172,AA27,,,Franco Agamenone,R,191,ITA,32.591,308,170,6-3 6-0,3,R32,68,0,0,40,28,22,8,7,3,3,0,3,49,32,18,5,8,7,12
2025-2955,Montemar,Clay,32,C,O,20251117,17,GE28,,,Ivan Gakhov,L,191,RUS,29.035,263,204,TE16,1,,Carlos Taberner,R,183,ESP,28.277,103,636,6-4 3-6 6-3,3,R16,164,3,9,110,66,43,20,14,9,13,4,10,87,59,40,10,14,7,12
2025-2955,Montemar,Clay,32,C,O,20251117,18,TA29,2,,Marco Trungelliti,R,178,ARG,35.795,135,458,C0B2,,,Cezar Cretu,R,188,ROU,24.567,403,118,6-2 6-4,3,R16,99,1,2,65,35,21,17,9,2,4,1,1,58,30,17,12,9,6,11
2025-2955,Montemar,Clay,32,C,O,20251117,19,M0K4,3,,Elmer Moller,R,183,DEN,22.36,152,405,A0EA,,,Max Alcala Gurri,R,178,ESP,23.184,417,113,6-4 6-3,3,R16,89,2,5,52,30,18,11,9,1,4,0,4,61,39,21,9,10,4,10
2025-2955,Montemar,Clay,32,C,O,20251117,20,P0I6,,,Gabriele Piraino,L,188,ITA,22.015,371,132,M0N7,4,,Daniel Merida,R,188,ESP,21.142,172,336,3-6 7-5 7-6(6),3,R16,177,0,2,115,68,47,24,17,6,9,3,5,119,85,56,18,16,6,8
2025-2955,Montemar,Clay,32,C,O,20251117,21,C0NN,,,Gianluca Cadenasso,R,175,ITA,21.133,395,120,T09X,5,,Clement Tabur,R,173,FRA,25.815,201,286,7-5 7-5,3,R16,135,3,3,102,63,37,22,12,12,14,3,3,74,42,29,14,12,2,6
2025-2955,Montemar,Clay,32,C,O,20251117,22,GA79,6,,Lorenzo Giustino,R,180,ITA,34.188,220,263,D0CN,,,Miguel Damas,R,208,ESP,25.908,329,157,6-3 6-4,3,R16,90,3,2,59,40,28,11,10,1,3,2,4,59,34,17,14,9,4,8
2025-2955,Montemar,Clay,32,C,O,20251117,23,KH56,7,,Zdenek Kolar,R,183,CZE,29.106,222,260,S0GZ,,,Nikolas Sanchez Izquierdo,R,185,ESP,26.678,303,172,0-6 6-3 6-4,3,R16,128,2,8,76,43,27,15,13,4,9,0,4,79,52,33,13,12,6,10
2025-2955,Montemar,Clay,32,C,O,20251117,24,N0DB,,,Andrej Nedic,R,185,BIH,21.087,338,150,S0Y0,,,Andres Santamarta Roig,R,180,ESP,18.817,694,44,6-4 6-2,3,R16,82,0,5,46,27,20,7,9,1,4,0,5,76,46,22,11,9,9,15
2025-2955,Montemar,Clay,32,C,O,20251117,25,TA29,2,,Marco Trungelliti,R,178,ARG,35.795,135,458,N0DB,,,Andrej Nedic,R,185,BIH,21.087,338,150,2-6 6-3 6-3,3,QF,148,3,5,100,51,37,19,13,11,15,1,1,90,62,35,13,13,7,12
2025-2955,Montemar,Clay,32,C,O,20251117,26,KH56,7,,Zdenek Kolar,R,183,CZE,29.106,222,260,M0K4,3,,Elmer Moller,R,183,DEN,22.36,152,405,6-3 6-1,3,QF,77,2,3,42,22,17,13,8,0,1,1,5,64,38,17,13,8,5,10
2025-2955,Montemar,Clay,32,C,O,20251117,27,GA79,6,,Lorenzo Giustino,R,180,ITA,34.188,220,263,GE28,,,Ivan Gakhov,L,191,RUS,29.035,263,204,6-0 5-7 6-2,3,QF,121,4,4,82,50,30,16,13,2,6,4,6,75,38,19,14,13,11,19
2025-2955,Montemar,Clay,32,C,O,20251117,28,C0NN,,,Gianluca Cadenasso,R,175,ITA,21.133,395,120,P0I6,,,Gabriele Piraino,L,188,ITA,22.015,371,132,6-0 6-2,3,QF,53,1,2,38,20,14,9,7,0,2,0,4,40,20,6,4,7,3,10
2025-2955,Montemar,Clay,32,C,O,20251117,29,KH56,7,,Zdenek Kolar,R,183,CZE,29.106,222,260,TA29,2,,Marco Trungelliti,R,178,ARG,35.795,135,458,3-6 6-3 6-3,3,SF,149,1,10,91,58,35,12,13,13,18,3,7,105,56,29,24,14,11,18
2025-2955,Montemar,Clay,32,C,O,20251117,30,C0NN,,,Gianluca Cadenasso,R,175,ITA,21.133,395,120,GA79,6,,Lorenzo Giustino,R,180,ITA,34.188,220,263,6-1 7-6(5),3,SF,102,3,1,73,44,29,17,10,6,8,0,2,58,33,19,12,9,1,5
2025-2955,Montemar,Clay,32,C,O,20251117,31,KH56,7,,Zdenek Kolar,R,183,CZE,29.106,222,260,C0NN,,,Gianluca Cadenasso,R,175,ITA,21.133,395,120,6-4 6-4,3,F,117,0,5,61,34,24,15,10,5,7,1,1,61,37,24,11,10,2,6
2025-3039,Soma Bay,Clay,32,C,O,20251117,1,CI14,1,,Jay Clarke,R,183,GBR,27.31,213,273,Z0BL,,,Fares Zakaria,R,183,EGY,24.515,527,79,6-1 6-3,3,R32,90,2,2,56,35,24,11,8,3,4,4,4,54,39,19,6,8,1,6
2025-3039,Soma Bay,Clay,32,C,O,20251117,2,S0TM,,,Toby Samuel,R,191,GBR,23.198,436,104,S0O6,2,,Ilia Simakin,R,193,RUS,22.059,277,191,6-4 6-4,3,R32,85,1,3,65,44,28,14,10,2,3,0,2,72,46,26,16,10,7,10
2025-3039,Soma Bay,Clay,32,C,O,20251117,3,KE36,,,Dominik Kellovsky,R,183,CZE,29.317,604,60,B0LQ,3,,Petr Bar Biryukov,L,196,RUS,23.718,315,164,7-6(4) 7-6(3),3,R32,110,7,3,76,43,34,22,12,2,3,14,2,82,56,42,10,12,1,2
2025-3039,Soma Bay,Clay,32,C,O,20251117,4,E0AC,4,,Mathys Erhard,R,188,FRA,24.06,316,164,S0Y7,,,Matthew Summers,L,180,GBR,27.146,728,40,7-6(5) 7-6(1),3,R32,136,3,4,88,56,35,17,12,3,7,1,2,94,70,41,9,12,6,10
2025-3039,Soma Bay,Clay,32,C,O,20251117,5,H0DC,5,,Giles Hussey,L,185,GBR,28.479,334,153,B0TP,,,Henry Bernet,R,191,SUI,18.812,510,83,6-3 6-4,3,R32,73,2,1,56,39,28,14,10,2,2,3,3,54,34,21,12,9,3,5
2025-3039,Soma Bay,Clay,32,C,O,20251117,6,SO20,6,,Jelle Sels,R,188,NED,30.272,352,141,O09A,,,Aziz Ouakaa,R,185,TUN,26.281,676,47,6-0 6-3,3,R32,73,3,1,53,31,21,11,7,3,4,0,5,45,30,14,4,8,3,9
2025-3039,Soma Bay,Clay,32,C,O,20251117,7,M0SE,7,,Maxim Mrva,R,178,CZE,18.294,361,137,V09T,,,Pedro Vives Marcos,R,178,ESP,24.597,468,92,4-6 6-2 RET,3,R32,79,1,4,56,28,19,12,9,5,8,1,3,52,32,19,9,9,5,9
2025-3039,Soma Bay,Clay,32,C,O,20251117,8,B0GI,8,,Alexandr Binda,R,180,ITA,24.153,434,106,DB32,,,Yurii Dzhavakian,R,,UKR,32.531,599,61,6-3 6-1,3,R32,75,2,0,52,34,23,10,8,1,2,2,7,53,22,17,8,8,2,7
2025-3039,Soma Bay,Clay,32,C,O,20251117,9,A829,,,Radu Albot,R,175,MDA,36.016,448,100,O659,,,Vladyslav Orlov,R,188,UKR,30.505,457,96,6-3 7-5,3,R32,86,6,7,67,40,30,9,11,2,5,1,4,54,35,21,7,10,3,8
2025-3039,Soma Bay,Clay,32,C,O,20251117,10,B0LV,,,Michael Bassem Sobhy,R,,EGY,21.53,764,36,BE67,,,Mirza Basic,R,188,BIH,34.352,512,82,6-3 6-7(5) 7-6(6),3,R32,163,7,3,113,68,53,21,17,6,9,13,4,106,63,48,19,16,4,8
2025-3039,Soma Bay,Clay,32,C,O,20251117,11,F0DP,,,Peter Fajta,R,185,HUN,23.488,563,70,B0JP,,,Dali Blanch,R,185,USA,22.705,444,101,6-1 6-4,3,R32,68,1,2,51,31,25,12,9,1,1,1,1,50,29,21,7,8,1,4
2025-3039,Soma Bay,Clay,32,C,O,20251117,12,F0BP,,,Pietro Fellin,R,193,ITA,24.293,493,87,M0AC,,,Rudolf Molleker,R,188,GER,25.06,424,110,6-3 6-3,3,R32,93,8,1,53,35,31,10,9,5,5,6,6,85,59,34,11,9,11,14
2025-3039,Soma Bay,Clay,32,C,O,20251117,13,O663,,,Jannik Opitz,L,193,GER,27.592,1553,3,A09Q,,,Mert Alkaya,R,178,TUR,25.426,473,92,6-5 RET,3,R32,67,8,2,46,26,19,6,5,6,8,6,2,68,41,28,6,6,8,11
2025-3039,Soma Bay,Clay,32,C,O,20251117,14,R0K9,,,Charlie Robertson,R,170,GBR,19.113,1148,10,A0G8,,,Amr Elsayed,R,185,EGY,26.708,554,72,3-6 6-1 6-4,3,R32,128,3,7,85,53,33,13,13,3,8,4,5,96,51,28,20,13,8,15
2025-3039,Soma Bay,Clay,32,C,O,20251117,15,U176,,,Vadym Ursu,R,183,UKR,28.876,452,98,A0FM,,,Egor Agafonov,R,188,RUS,23.201,499,86,6-3 6-1,3,R32,58,4,4,44,24,21,11,8,3,4,1,5,49,31,18,2,8,3,8
2025-3039,Soma Bay,Clay,32,C,O,20251117,16,Y171,,,Denis Yevseyev,R,188,KAZ,32.49,401,119,S0QZ,,,Sebastian Sorger,R,178,AUT,19.912,564,70,5-7 6-4 6-1,3,R32,,,,,,,,,,,,,,,,,,,
2025-3039,Soma Bay,Clay,32,C,O,20251117,17,CI14,1,,Jay Clarke,R,183,GBR,27.31,213,273,Y171,,,Denis Yevseyev,R,188,KAZ,32.49,401,119,6-4 4-6 6-4,3,R16,156,4,4,91,56,35,19,15,3,7,0,2,124,98,51,16,15,14,19
2025-3039,Soma Bay,Clay,32,C,O,20251117,18,E0AC,4,,Mathys Erhard,R,188,FRA,24.06,316,164,F0BP,,,Pietro Fellin,R,193,ITA,24.293,493,87,6-2 2-6 6-4,3,R16,146,8,4,93,61,43,12,13,7,10,3,4,83,58,39,8,13,6,10
2025-3039,Soma Bay,Clay,32,C,O,20251117,19,A829,,,Radu Albot,R,175,MDA,36.016,448,100,H0DC,5,,Giles Hussey,L,185,GBR,28.479,334,153,1-6 7-6(3) 6-3,3,R16,162,2,9,85,51,35,17,13,2,5,5,2,127,88,49,24,15,8,11
2025-3039,Soma Bay,Clay,32,C,O,20251117,20,SO20,6,,Jelle Sels,R,188,NED,30.272,352,141,O663,,,Jannik Opitz,L,193,GER,27.592,1553,3,6-2 7-5,3,R16,73,3,1,47,31,26,11,10,0,1,7,5,66,38,25,10,10,6,10
2025-3039,Soma Bay,Clay,32,C,O,20251117,21,M0SE,7,,Maxim Mrva,R,178,CZE,18.294,361,137,U176,,,Vadym Ursu,R,183,UKR,28.876,452,98,6-7(5) 6-1 6-4,3,R16,137,4,4,118,74,47,21,15,9,12,5,4,90,56,35,18,14,6,12
2025-3039,Soma Bay,Clay,32,C,O,20251117,22,B0GI,8,,Alexandr Binda,R,180,ITA,24.153,434,106,B0LV,,,Michael Bassem Sobhy,R,,EGY,21.53,764,36,6-2 6-4,3,R16,88,1,1,56,38,24,12,9,5,7,4,0,57,36,19,8,9,4,9
2025-3039,Soma Bay,Clay,32,C,O,20251117,23,R0K9,,,Charlie Robertson,R,170,GBR,19.113,1148,10,KE36,,,Dominik Kellovsky,R,183,CZE,29.317,604,60,6-1 6-4,3,R16,101,5,3,49,36,26,8,8,3,4,5,6,80,44,26,14,9,9,14
2025-3039,Soma Bay,Clay,32,C,O,20251117,24,S0TM,,,Toby Samuel,R,191,GBR,23.198,436,104,F0DP,,,Peter Fajta,R,185,HUN,23.488,563,70,6-3 7-6(4),3,R16,101,3,2,78,55,36,16,11,6,8,1,1,80,61,40,6,10,6,9
2025-3039,Soma Bay,Clay,32,C,O,20251117,25,CI14,1,,Jay Clarke,R,183,GBR,27.31,213,273,A829,,,Radu Albot,R,175,MDA,36.016,448,100,6-2 6-7(3) 6-2,3,QF,195,3,4,113,65,42,24,14,10,13,1,5,109,69,40,16,14,11,18
2025-3039,Soma Bay,Clay,32,C,O,20251117,26,E0AC,4,,Mathys Erhard,R,188,FRA,24.06,316,164,M0SE,7,,Maxim Mrva,R,178,CZE,18.294,361,137,6-3 6-2,3,QF,66,4,3,60,43,36,7,9,5,5,1,1,43,23,14,10,8,1,4
2025-3039,Soma Bay,Clay,32,C,O,20251117,27,R0K9,,,Charlie Robertson,R,170,GBR,19.113,1148,10,SO20,6,,Jelle Sels,R,188,NED,30.272,352,141,6-3 6-2,3,QF,111,3,5,64,34,25,14,8,5,6,4,2,84,60,30,10,9,11,16
2025-3039,Soma Bay,Clay,32,C,O,20251117,28,S0TM,,,Toby Samuel,R,191,GBR,23.198,436,104,B0GI,8,,Alexandr Binda,R,180,ITA,24.153,434,106,6-2 6-3,3,QF,76,5,0,49,34,27,11,9,1,1,0,2,64,43,26,9,8,5,8
2025-3039,Soma Bay,Clay,32,C,O,20251117,29,CI14,1,,Jay Clarke,R,183,GBR,27.31,213,273,E0AC,4,,Mathys Erhard,R,188,FRA,24.06,316,164,6-1 6-3,3,SF,79,0,1,49,33,27,6,8,3,4,1,0,44,29,13,4,8,3,8
2025-3039,Soma Bay,Clay,32,C,O,20251117,30,S0TM,,,Toby Samuel,R,191,GBR,23.198,436,104,R0K9,,,Charlie Robertson,R,170,GBR,19.113,1148,10,6-1 6-1,3,SF,63,3,1,43,29,21,10,7,2,2,0,0,49,31,15,6,7,4,9
2025-3039,Soma Bay,Clay,32,C,O,20251117,31,S0TM,,,Toby Samuel,R,191,GBR,23.198,436,104,CI14,1,,Jay Clarke,R,183,GBR,27.31,213,273,4-6 7-6(4) 6-0,3,F,160,9,1,103,77,52,13,14,11,14,6,4,108,61,42,21,14,9,14
2025-6626,Yokohama,Hard,32,C,O,20251117,1,N552,1,,Kei Nishikori,R,178,JPN,35.885,158,385,MP01,,,Taisei Ichikawa,R,188,USA,27.852,287,184,4-6 6-1 6-1,3,R32,82,2,2,69,45,37,9,12,2,3,2,1,73,48,25,14,12,0,5
2025-6626,Yokohama,Hard,32,C,O,20251117,2,S0UV,2,,Rei Sakamoto,R,193,JPN,19.4,176,330,S0HR,,,Kasidit Samrej,R,191,THA,24.824,414,114,6-4 7-6(1),3,R32,81,13,0,56,40,35,10,11,1,2,4,1,75,46,33,13,11,4,6
2025-6626,Yokohama,Hard,32,C,O,20251117,3,E0AC,,,Kaylan Bigun,R,188,FRA,24.06,316,164,Y218,3,,Elias Ymer,R,185,SWE,29.604,169,341,3-0 RET,3,R32,13,2,0,9,6,6,2,2,0,0,0,0,6,3,1,1,1,0,1
2025-6626,Yokohama,Hard,32,C,O,20251117,4,R0A7,,,Igor Marcondes,R,178,BRA,25.645,187,307,C0AK,4,,Oliver Crawford,R,180,GBR,26.552,192,300,6-4 6-4,3,R32,77,9,2,57,38,29,11,10,0,1,5,6,66,40,26,13,10,2,5
2025-6626,Yokohama,Hard,32,C,O,20251117,5,C0HT,,,Neil Oberleitner,R,188,USA,23.255,211,274,H09F,5,,Yu Hsiou Hsu,R,178,TPE,26.628,219,263,7-5 6-2,3,R32,81,10,1,67,42,33,12,10,2,2,5,0,62,43,25,11,10,5,8
2025-6626,Yokohama,Hard,32,C,O,20251117,6,S0AQ,6,,Yuta Shimizu,L,163,JPN,26.442,246,222,TF58,,,Yusuke Takahashi,R,170,JPN,28.085,427,109,6-2 6-2,3,R32,65,2,1,46,30,24,10,8,3,3,1,0,52,34,20,8,8,4,8
2025-6626,Yokohama,Hard,32,C,O,20251117,7,U134,7,,Yasutaka Uchiyama,R,183,JPN,33.284,330,155,H0B5,,,Tsung-Hao Huang,R,173,TPE,25.988,479,90,6-4 7-6(11),3,R32,111,5,2,86,55,41,19,11,4,5,3,0,90,52,35,23,11,3,5
2025-6626,Yokohama,Hard,32,C,O,20251117,8,U120,8,,Kaichi Uchida,R,180,JPN,31.236,288,184,CH27,,,Hyeon Chung,R,188,KOR,29.498,366,134,6-3 6-0,3,R32,64,5,2,48,29,22,11,8,3,4,1,3,48,28,14,6,7,5,10
2025-6626,Yokohama,Hard,32,C,O,20251117,9,PG20,,,Yusuke Kusuhara,R,191,KAZ,29.065,227,255,SG56,,,Kokoro Isomura,L,175,BRA,37.369,357,140,7-5 6-3,3,R32,92,11,2,77,48,35,15,11,5,6,1,5,58,40,27,8,10,4,7
2025-6626,Yokohama,Hard,32,C,O,20251117,10,N0AM,,,Yuki Mochizuki,R,185,USA,23.959,88,684,SY00,,,Jumpei Yamasaki,R,188,DEN,28.679,633,54,6-4 7-6(5),3,R32,,,,,,,,,,,,,,,,,,,
2025-6626,Yokohama,Hard,32,C,O,20251117,11,SQ80,,,Akira Santillan,R,180,AUS,28.49,348,142,B0CD,,,Masamichi Imamura,R,193,USA,25.06,53,1017,6-0 6-2,3,R32,49,2,2,41,28,22,8,7,0,0,0,3,41,24,11,6,7,2,7
2025-6626,Yokohama,Hard,32,C,O,20251117,12,S09P,,,Sanhui Shin,R,178,KOR,28.668,374,131,M0NL,,,Lennon Roark Jones,R,178,ESP,23.124,351,141,3-6 6-1 6-2,3,R32,,,,,,,,,,,,,,,,,,,
2025-6626,Yokohama,Hard,32,C,O,20251117,13,AG08,,,Hikaru Shiraishi,R,180,ECU,26.927,281,188,V0DP,,,Max Basing,R,183,PAR,21.555,163,356,2-6 6-2 6-3,3,R32,136,5,3,78,49,28,12,12,6,11,2,6,88,53,27,14,13,5,12
2025-6626,Yokohama,Hard,32,C,O,20251117,14,BU54,,,Ryotaro Taguchi,R,180,FRA,27.277,248,221,J0D2,,,Maximus Jones,R,185,THA,21.199,353,141,7-6(3) 6-2,3,R32,90,1,2,59,36,28,17,10,0,0,6,3,71,39,27,16,10,4,6
2025-6626,Yokohama,Hard,32,C,O,20251117,15,V0B2,,,Michael Vrbensky,R,,CZE,25.895,636,54,V836,,,Woobin Shin,R,185,PER,30.116,327,157,6-3 6-3,3,R32,78,2,1,55,40,28,8,9,5,6,3,1,47,30,17,8,9,1,5
2025-6626,Yokohama,Hard,32,C,O,20251117,16,E0AC,,,Maxim Zhukov,R,188,FRA,24.06,316,164,P0C1,,,Ryo Tabata,L,185,USA,26.289,613,59,6-4 6-4,3,R32,87,4,1,55,29,19,15,10,2,5,1,2,88,50,24,19,10,10,15
2025-6626,Yokohama,Hard,32,C,O,20251117,17,N552,1,,Kei Nishikori,R,178,JPN,35.885,158,385,S09P,,,Sanhui Shin,R,178,KOR,28.668,374,131,6-4 6-1,3,R16,70,3,2,59,37,23,11,8,5,7,0,6,56,32,15,10,9,2,8
2025-6626,Yokohama,Hard,32,C,O,20251117,18,S0UV,2,,Rei Sakamoto,R,193,JPN,19.4,176,330,C0HT,,,Maxim Zhukov,R,188,USA,23.255,211,274,6-1 6-2,3,R16,64,5,3,53,32,27,10,8,5,5,4,2,49,32,14,9,7,3,7
2025-6626,Yokohama,Hard,32,C,O,20251117,19,CC66,,,Yusuke Kusuhara,L,183,ARG,33.796,272,196,S0AQ,6,,Yuta Shimizu,L,163,JPN,26.442,246,222,6-3 6-3,3,R16,70,3,1,55,33,22,14,9,4,5,2,1,53,39,24,4,9,4,8
2025-6626,Yokohama,Hard,32,C,O,20251117,20,U134,7,,Yasutaka Uchiyama,R,183,JPN,33.284,330,155,V0B2,,,Michael Vrbensky,R,,CZE,25.895,636,54,6-3 6-3,3,R16,82,5,0,52,36,26,9,9,2,3,2,0,60,37,23,9,9,4,8
2025-6626,Yokohama,Hard,32,C,O,20251117,21,U120,8,,Kaichi Uchida,R,180,JPN,31.236,288,184,BU54,,,Ryotaro Taguchi,R,180,FRA,27.277,248,221,7-5 6-4,3,R16,82,11,1,75,47,38,14,11,10,10,6,1,55,39,26,13,11,1,3
2025-6626,Yokohama,Hard,32,C,O,20251117,22,R0E0,,,Igor Marcondes,R,198,LUX,24.334,206,284,PG20,,,Yuki Mochizuki,R,191,KAZ,29.065,227,255,6-2 7-6(5),3,R16,93,6,0,62,41,34,12,10,2,2,2,1,69,53,34,9,10,3,5
2025-6626,Yokohama,Hard,32,C,O,20251117,23,N0AM,,,Neil Oberleitner,R,185,USA,23.959,88,684,W857,,,Hikaru Shiraishi,R,188,TPE,27.518,390,123,7-5 4-6 6-3,3,R16,147,8,4,83,48,38,18,16,1,5,2,3,116,73,46,19,15,8,13
2025-6626,Yokohama,Hard,32,C,O,20251117,24,SQ80,,,Akira Santillan,R,180,AUS,28.49,348,142,D0DP,,,Kaylan Bigun,R,185,CAN,23.951,123,501,6-3 6-1,3,R16,54,11,1,40,31,26,7,8,0,0,3,2,59,41,24,6,8,5,9
2025-6626,Yokohama,Hard,32,C,O,20251117,25,U120,8,,Kaichi Uchida,R,180,JPN,31.236,288,184,N552,1,,Kei Nishikori,R,178,JPN,35.885,158,385,6-2 6-2,3,QF,59,10,2,45,25,20,15,8,3,3,3,2,50,30,16,10,8,1,5
2025-6626,Yokohama,Hard,32,C,O,20251117,26,S0UV,2,,Rei Sakamoto,R,193,JPN,19.4,176,330,U134,7,,Yasutaka Uchiyama,R,183,JPN,33.284,330,155,3-6 6-3 6-4,3,QF,117,9,3,83,57,44,15,14,6,8,5,2,87,56,41,14,14,4,7
2025-6626,Yokohama,Hard,32,C,O,20251117,27,N0AM,,,Igor Marcondes,R,185,USA,23.959,88,684,E0AC,,,Neil Oberleitner,R,188,FRA,24.06,316,164,6-1 6-3,3,QF,60,3,0,41,24,20,12,8,0,0,5,3,56,41,22,6,8,7,11
2025-6626,Yokohama,Hard,32,C,O,20251117,28,SQ80,,,Akira Santillan,R,180,AUS,28.49,348,142,CC66,,,Yusuke Kusuhara,L,183,ARG,33.796,272,196,6-3 6-2,3,QF,58,4,0,48,32,19,13,9,0,2,2,2,46,29,12,8,8,1,6
2025-6626,Yokohama,Hard,32,C,O,20251117,29,S0UV,2,,Rei Sakamoto,R,193,JPN,19.4,176,330,SQ80,,,Akira Santillan,R,180,AUS,28.49,348,142,3-6 6-1 6-3,3,SF,111,5,3,73,46,31,14,12,3,6,7,3,93,59,36,11,13,2,8
2025-6626,Yokohama,Hard,32,C,O,20251117,30,U120,8,,Kaichi Uchida,R,180,JPN,31.236,288,184,S0LA,,,Igor Marcondes,L,183,SUI,23.255,368,133,6-4 6-2,3,SF,62,10,1,48,28,24,13,9,1,1,8,2,60,38,28,6,9,7,10
2025-6626,Yokohama,Hard,32,C,O,20251117,31,S0UV,2,,Rei Sakamoto,R,193,JPN,19.4,176,330,U120,8,,Kaichi Uchida,R,180,JPN,31.236,288,184,4-6 7-6(4) 6-4,3,F,136,13,1,102,73,57,15,16,7,9,10,1,99,61,42,24,16,3,5
2025-7391,Guayaquil,Clay,32,C,O,20251117,1,V0DP,2,,Adolfo Daniel Vallejo,R,183,PAR,21.555,163,356,R0HP,,,Lucio Ratti,R,183,ARG,21.807,689,45,6-2 6-1,3,R32,83,3,1,60,37,23,13,7,8,9,0,5,47,28,12,6,8,3,9
2025-7391,Guayaquil,Clay,32,C,O,20251117,2,HF80,3,,Hady Habib,R,188,LBN,27.242,178,328,P0LG,,,Salvador Price,R,173,COL,20.742,955,18,6-2 6-0,3,R32,52,9,4,39,20,17,12,7,0,0,0,7,49,32,15,8,7,3,8
2025-7391,Guayaquil,Clay,32,C,O,20251117,3,G0DH,4,,Alvaro Guillen Meza,R,175,ECU,22.875,197,293,C0S3,,,Emilio Camacho,,,ECU,16.528,,,6-2 6-3,3,R32,71,3,1,40,29,25,7,8,0,0,0,3,53,33,20,7,9,1,5
2025-7391,Guayaquil,Clay,32,C,O,20251117,4,B0GR,5,,Gonzalo Bueno,R,173,PER,21.624,209,279,A0K2,,,Federico Aguilar Cardozo,R,168,URY,20.611,1175,9,6-2 6-4,3,R32,94,1,2,55,35,21,5,9,4,9,0,2,61,45,17,6,9,5,13
2025-7391,Guayaquil,Clay,32,C,O,20251117,5,MJ98,,,Facundo Mena,R,183,ARG,33.153,389,123,P0J1,6,,Rodrigo Pacheco Mendez,L,191,MEX,20.564,216,270,3-6 6-0 6-0,3,R32,99,10,3,71,37,27,14,10,4,6,0,3,59,36,17,7,11,1,8
2025-7391,Guayaquil,Clay,32,C,O,20251117,6,DC48,7,,Murkel Dellien,R,193,BOL,28.17,265,203,D0IN,,,Ryan Dickerson,R,188,USA,28.528,718,41,6-1 6-1,3,R32,82,3,2,45,32,25,6,7,4,4,1,4,61,38,20,8,7,9,14
2025-7391,Guayaquil,Clay,32,C,O,20251117,7,GJ16,8,,Federico Agustin Gomez,R,191,ARG,28.975,269,197,M0QQ,,,Tomas Martinez,R,191,ARG,22.234,1036,14,6-2 6-1,3,R32,66,6,4,48,36,28,7,8,0,0,0,3,52,34,19,5,7,8,12
2025-7391,Guayaquil,Clay,32,C,O,20251117,8,AG08,9,,Andres Andrade,R,180,ECU,26.927,281,188,G0EQ,,,Sebastian Gima,L,0,ROU,23.504,561,71,6-1 6-2,3,R32,57,2,1,39,25,22,10,8,0,0,0,2,52,35,19,6,7,6,10
2025-7391,Guayaquil,Clay,32,C,O,20251117,9,A0JW,,,Joaquin Aguilar Cardozo,R,168,URY,20.611,654,51,R0BT,,,Franco Roncadelli,L,185,URU,25.78,350,141,7-6(6) 3-0 RET,3,R32,109,2,2,61,35,22,18,8,4,6,0,0,60,40,25,8,7,5,8
2025-7391,Guayaquil,Clay,32,C,O,20251117,10,A0IK,,,Luciano Emanuel Ambrogi,R,188,ARG,21.996,460,95,M0EG,,,Tristan McCormick,R,196,USA,26.631,485,89,6-2 7-5,3,R32,91,2,0,54,43,33,7,10,2,3,1,4,58,26,16,16,10,3,7
2025-7391,Guayaquil,Clay,32,C,O,20251117,11,CG07,,,Hernan Casanova,R,178,ARG,31.778,356,140,H0CD,,,Alex Hernandez,R,175,MEX,26.404,418,113,6-2 4-6 6-2,3,R32,125,2,0,72,60,44,7,13,3,4,0,0,94,77,45,9,13,9,13
2025-7391,Guayaquil,Clay,32,C,O,20251117,12,E0DI,,,Juan Estevez,R,170,ARG,20.153,644,53,R0BC,,,Lorenzo Joaquin Rodriguez,R,196,ARG,26.136,430,107,6-4 6-2,3,R32,70,2,0,51,40,34,4,9,1,1,1,2,64,43,24,11,9,4,7
2025-7391,Guayaquil,Clay,32,C,O,20251117,13,J476,,,David Jorda Sanchis,R,198,ESP,31.428,416,113,H0C9,,,Arklon Huertas Del Pino Cordova,R,183,PER,31.34,933,19,3-6 6-4 6-3,3,R32,140,3,2,88,52,37,19,14,6,9,2,2,83,61,37,13,14,3,7
2025-7391,Guayaquil,Clay,32,C,O,20251117,14,MF70,,,Luis David Martinez,R,178,VEN,36.517,576,5,G0QJ,,,Mario Andre Galarraga,L,,ECU,18.201,,,6-7(3) 6-2 4-0 RET,3,R32,112,2,2,74,59,43,8,12,1,1,0,1,79,60,36,11,12,5,9
2025-7391,Guayaquil,Clay,32,C,O,20251117,15,S0IV,,,Paulo Andre Saraiva Dos Santos,R,180,BRA,25.402,567,70,Y0BT,,,Lucas Yunez,,,ECU,17.659,,,6-4 1-6 7-5,3,R32,145,3,0,82,54,39,14,14,2,5,1,3,99,77,52,11,15,8,11
2025-7391,Guayaquil,Clay,32,C,O,20251117,16,V836,,,Juan Pablo Varillas,R,185,PER,30.116,327,157,A09W,,,Juan Carlos Aguilar,R,170,CAN,26.992,517,81,6-4 6-1,3,R32,98,3,2,59,29,21,16,8,4,5,1,8,64,32,21,10,9,4,9
2025-7391,Guayaquil,Clay,32,C,O,20251117,17,V0DP,2,,Adolfo Daniel Vallejo,R,183,PAR,21.555,163,356,MF70,,,Luis David Martinez,R,178,VEN,36.517,576,5,6-2 6-3,3,R16,69,4,3,45,26,22,11,8,0,0,3,0,72,50,28,8,9,5,9
2025-7391,Guayaquil,Clay,32,C,O,20251117,18,HF80,3,,Hady Habib,R,188,LBN,27.242,178,328,A0JW,,,Joaquin Aguilar Cardozo,R,168,URY,20.611,654,51,6-3 7-5,3,R16,92,7,2,65,39,31,13,11,1,2,1,3,65,43,32,8,10,2,5
2025-7391,Guayaquil,Clay,32,C,O,20251117,19,G0DH,4,,Alvaro Guillen Meza,R,175,ECU,22.875,197,293,CG07,,,Hernan Casanova,R,178,ARG,31.778,356,140,6-1 3-0 RET,3,R16,48,1,1,31,18,13,10,5,1,1,0,1,28,24,11,0,5,1,5
2025-7391,Guayaquil,Clay,32,C,O,20251117,20,A0IK,,,Luciano Emanuel Ambrogi,R,188,ARG,21.996,460,95,B0GR,5,,Gonzalo Bueno,R,173,PER,21.624,209,279,6-2 6-1,3,R16,73,3,0,53,34,27,10,8,6,6,1,1,38,26,11,6,7,1,5
2025-7391,Guayaquil,Clay,32,C,O,20251117,21,V836,,,Juan Pablo Varillas,R,185,PER,30.116,327,157,DC48,7,,Murkel Dellien,R,193,BOL,28.17,265,203,6-0 7-5,3,R16,85,1,1,53,30,19,16,9,5,7,0,4,60,34,16,9,9,9,15
2025-7391,Guayaquil,Clay,32,C,O,20251117,22,GJ16,8,,Federico Agustin Gomez,R,191,ARG,28.975,269,197,S0IV,,,Paulo Andre Saraiva Dos Santos,R,180,BRA,25.402,567,70,6-1 7-6(6),3,R16,97,4,5,64,33,27,17,10,4,6,2,1,58,35,20,11,9,3,7
2025-7391,Guayaquil,Clay,32,C,O,20251117,23,AG08,9,,Andres Andrade,R,180,ECU,26.927,281,188,J476,,,David Jorda Sanchis,R,198,ESP,31.428,416,113,7-6(5) 3-6 6-2,3,R16,139,4,1,97,63,39,22,14,5,8,6,4,86,57,43,12,15,3,7
2025-7391,Guayaquil,Clay,32,C,O,20251117,24,MJ98,,,Facundo Mena,R,183,ARG,33.153,389,123,E0DI,,,Juan Estevez,R,170,ARG,20.153,644,53,7-5 4-6 6-0,3,R16,123,7,4,80,45,34,17,14,3,6,1,3,93,65,35,12,14,9,15
2025-7391,Guayaquil,Clay,32,C,O,20251117,25,V0DP,2,,Adolfo Daniel Vallejo,R,183,PAR,21.555,163,356,A0IK,,,Luciano Emanuel Ambrogi,R,188,ARG,21.996,460,95,6-2 6-4,3,QF,89,1,1,50,37,24,8,9,3,5,3,0,50,23,12,13,9,2,7
2025-7391,Guayaquil,Clay,32,C,O,20251117,26,V836,,,Juan Pablo Varillas,R,185,PER,30.116,327,157,HF80,3,,Hady Habib,R,188,LBN,27.242,178,328,7-5 3-6 6-3,3,QF,133,17,4,93,67,50,14,15,7,8,13,5,90,54,43,17,15,0,2
2025-7391,Guayaquil,Clay,32,C,O,20251117,27,G0DH,4,,Alvaro Guillen Meza,R,175,ECU,22.875,197,293,MJ98,,,Facundo Mena,R,183,ARG,33.153,389,123,6-1 6-4,3,QF,73,0,3,49,37,30,7,9,0,0,1,1,45,28,16,9,8,1,4
2025-7391,Guayaquil,Clay,32,C,O,20251117,28,GJ16,8,,Federico Agustin Gomez,R,191,ARG,28.975,269,197,AG08,9,,Andres Andrade,R,180,ECU,26.927,281,188,6-3 2-6 6-4,3,QF,117,2,7,94,63,45,15,14,6,8,6,2,77,47,34,19,13,2,4
2025-7391,Guayaquil,Clay,32,C,O,20251117,29,V0DP,2,,Adolfo Daniel Vallejo,R,183,PAR,21.555,163,356,G0DH,4,,Alvaro Guillen Meza,R,175,ECU,22.875,197,293,4-6 6-2 6-3,3,SF,149,1,1,78,49,30,16,14,4,8,0,2,77,50,28,13,13,4,10
2025-7391,Guayaquil,Clay,32,C,O,20251117,30,V836,,,Juan Pablo Varillas,R,185,PER,30.116,327,157,GJ16,8,,Federico Agustin Gomez,R,191,ARG,28.975,269,197,6-4 6-4,3,SF,103,5,1,67,42,33,12,10,4,5,2,2,65,45,26,12,10,3,6
2025-7391,Guayaquil,Clay,32,C,O,20251117,31,V0DP,2,,Adolfo Daniel Vallejo,R,183,PAR,21.555,163,356,V836,,,Juan Pablo Varillas,R,185,PER,30.116,327,157,7-5 6-7(7) 6-3,3,F,180,2,1,99,64,40,22,16,2,5,9,1,122,71,49,21,17,10,16
2025-854,Bergamo,Hard,32,C,I,20251117,1,A0BA,,,Federico Arnaboldi,R,185,ITA,25.415,408,117,M0HU,1,,Shintaro Mochizuki,R,175,JPN,22.461,94,669,7-6(4) 4-6 6-2,3,R32,140,4,3,85,44,33,24,15,1,4,5,3,106,52,33,28,15,8,12
2025-854,Bergamo,Hard,32,C,I,20251117,2,G0A0,,,Andrea Guerrieri,L,180,ITA,26.957,573,67,HD68,2,,Billy Harris,R,193,GBR,30.812,125,490,6-7(5) 7-5 6-3,3,R32,165,10,5,132,86,65,20,17,16,17,9,0,101,65,48,17,16,9,12
2025-854,Bergamo,Hard,32,C,I,20251117,3,N679,,,Stefano Napolitano,R,196,ITA,30.604,490,87,V0AM,3,,Otto Virtanen,R,193,FIN,24.408,126,488,3-6 7-6(6) 6-4,3,R32,123,6,1,93,50,37,25,15,4,6,15,1,91,54,43,24,16,10,12
2025-854,Bergamo,Hard,32,C,I,20251117,4,P0CT,4,,Francesco Passaro,R,180,ITA,24.86,128,485,R0JW,,,Michele Ribecai,R,173,ITA,22.784,433,106,7-6(6) 6-2,3,R32,89,9,1,82,58,44,11,10,6,6,2,2,76,43,29,17,10,2,4
2025-854,Bergamo,Hard,32,C,I,20251117,5,T0FI,,,Marko Topo,R,185,GER,22.179,282,187,CH12,5,,Jan Choinski,R,196,GBR,29.437,129,484,7-6(3) 6-4,3,R32,99,12,1,76,48,40,15,11,2,2,2,1,74,48,34,16,11,5,6
2025-854,Bergamo,Hard,32,C,I,20251117,6,K0HG,,,Milos Karol,R,198,SVK,22.93,449,99,PH64,6,,Andrea Pellegrino,R,185,ITA,28.654,139,438,6-4 6-2,3,R32,68,13,5,59,27,23,15,9,6,8,2,3,61,30,16,13,9,3,8
2025-854,Bergamo,Hard,32,C,I,20251117,7,L0GH,7,,Mark Lajal,R,191,EST,22.519,146,412,V717,,,Alexey Vatutin,R,178,RUS,33.057,383,128,5-7 7-5 6-3,3,R32,153,11,7,95,53,43,22,17,1,3,7,7,115,60,39,31,16,8,11
2025-854,Bergamo,Hard,32,C,I,20251117,8,M0IF,8,,Francesco Maestrelli,R,196,ITA,22.908,157,392,RH24,,,Emil Ruusuvuori,R,188,FIN,26.628,547,73,6-4 3-6 7-6(3),3,R32,137,12,6,110,67,48,22,15,8,10,6,1,104,68,47,22,16,4,6
2025-854,Bergamo,Hard,32,C,I,20251117,9,DH46,,,Alexander Donski,R,188,BUL,27.296,731,39,T0CU,,,Fausto Tabacco,R,183,ITA,23.515,826,29,4-6 6-3 6-4,3,R32,118,16,6,97,57,45,20,15,11,13,4,3,85,56,38,15,14,4,7
2025-854,Bergamo,Hard,32,C,I,20251117,10,E0DD,,,Justin Engel,R,185,GER,18.13,195,295,S0EX,,,Hamish Stewart,R,193,GBR,26.303,340,148,2-1 RET,3,R32,17,1,0,11,10,8,0,2,0,0,2,0,12,6,3,4,1,1,1
2025-854,Bergamo,Hard,32,C,I,20251117,11,F840,,,Nerman Fatic,R,191,BIH,31.066,214,272,A0F3,,,Fabrizio Andaloro,R,185,ITA,24.794,296,176,6-4 6-6 RET,3,R32,107,15,4,82,41,31,22,11,8,10,7,0,67,38,28,16,11,8,11
2025-854,Bergamo,Hard,32,C,I,20251117,12,G0CV,,,Buvaysar Gadamauri,R,180,BEL,25.355,550,73,B0VX,,,Pierluigi Basile,R,188,ITA,18.861,651,51,6-3 6-2,3,R32,65,9,0,49,34,28,8,9,2,3,2,3,53,36,22,5,8,5,9
2025-854,Bergamo,Hard,32,C,I,20251117,13,S0W4,,,Lorenzo Sciahbasi,R,188,ITA,20.036,660,50,DC76,,,Viktor Durasovic,R,185,NOR,28.665,238,241,3-6 7-6(5) 7-5,3,R32,146,13,3,123,66,45,28,16,8,11,6,0,104,57,46,23,17,5,8
2025-854,Bergamo,Hard,32,C,I,20251117,14,TA12,,,Stefano Travaglia,R,185,ITA,33.889,207,283,D0L3,,,Matej Dodig,R,188,CRO,20.331,236,244,6-3 3-6 7-6(4),3,R32,120,7,2,75,44,39,19,15,1,3,11,5,106,62,49,18,15,4,6
2025-854,Bergamo,Hard,32,C,I,20251117,15,V0D0,,,Niels Visker,R,191,NED,24.118,697,44,G0IB,,,Tom Gentzsch,R,191,GER,22.201,286,185,7-6(3) 6-4,3,R32,94,11,2,74,42,33,16,11,2,3,6,2,77,52,37,12,11,7,9
2025-854,Bergamo,Hard,32,C,I,20251117,16,Z09Z,,,Beibit Zhukayev,R,198,KAZ,25.098,283,186,B0LW,,,Mika Brunold,R,191,SUI,21.125,307,170,6-3 1-6 6-3,3,R32,100,11,2,69,34,29,21,13,3,5,6,3,64,39,29,16,12,1,3
2025-854,Bergamo,Hard,32,C,I,20251117,17,P0CT,4,,Francesco Passaro,R,180,ITA,24.86,128,485,S0W4,,,Lorenzo Sciahbasi,R,188,ITA,20.036,660,50,6-2 6-3,3,R16,65,4,2,45,31,28,8,9,0,0,1,2,55,29,20,10,8,1,4
2025-854,Bergamo,Hard,32,C,I,20251117,18,E0DD,,,Justin Engel,R,185,GER,18.13,195,295,L0GH,7,,Mark Lajal,R,191,EST,22.519,146,412,W/O,3,R16,,,,,,,,,,,,,,,,,,,
2025-854,Bergamo,Hard,32,C,I,20251117,19,M0IF,8,,Francesco Maestrelli,R,196,ITA,22.908,157,392,G0CV,,,Buvaysar Gadamauri,R,180,BEL,25.355,550,73,6-3 6-3,3,R16,88,4,7,69,39,29,13,9,9,11,3,2,52,26,15,9,9,2,7
2025-854,Bergamo,Hard,32,C,I,20251117,20,A0BA,,,Federico Arnaboldi,R,185,ITA,25.415,408,117,F840,,,Nerman Fatic,R,191,BIH,31.066,214,272,7-5 4-6 7-5,3,R16,157,5,4,108,59,41,24,17,5,10,15,3,110,71,44,17,17,10,16
2025-854,Bergamo,Hard,32,C,I,20251117,21,G0A0,,,Andrea Guerrieri,L,180,ITA,26.957,573,67,DH46,,,Alexander Donski,R,188,BUL,27.296,731,39,6-4 6-0,3,R16,69,0,2,43,28,25,7,8,0,0,8,4,60,35,22,8,8,4,8
2025-854,Bergamo,Hard,32,C,I,20251117,22,N679,,,Stefano Napolitano,R,196,ITA,30.604,490,87,V0D0,,,Niels Visker,R,191,NED,24.118,697,44,6-4 6-4,3,R16,77,5,1,52,31,22,17,10,0,1,14,0,59,44,29,8,10,2,5
2025-854,Bergamo,Hard,32,C,I,20251117,23,T0FI,,,Marko Topo,R,185,GER,22.179,282,187,Z09Z,,,Beibit Zhukayev,R,198,KAZ,25.098,283,186,6-4 7-6(4),3,R16,87,10,1,65,41,35,16,11,1,1,5,0,64,43,37,10,11,1,2
2025-854,Bergamo,Hard,32,C,I,20251117,24,TA12,,,Stefano Travaglia,R,185,ITA,33.889,207,283,K0HG,,,Milos Karol,R,198,SVK,22.93,449,99,6-4 7-5,3,R16,70,8,2,60,36,33,15,11,2,2,9,2,56,37,29,10,11,0,2
2025-854,Bergamo,Hard,32,C,I,20251117,25,T0FI,,,Marko Topo,R,185,GER,22.179,282,187,P0CT,4,,Francesco Passaro,R,180,ITA,24.86,128,485,7-5 6-3,3,QF,84,7,4,67,39,31,15,10,5,6,6,6,58,35,25,10,11,5,9
2025-854,Bergamo,Hard,32,C,I,20251117,26,M0IF,8,,Francesco Maestrelli,R,196,ITA,22.908,157,392,N679,,,Stefano Napolitano,R,196,ITA,30.604,490,87,6-3 7-6(7),3,QF,94,17,2,65,47,40,12,11,1,1,7,0,74,55,42,6,10,2,3
2025-854,Bergamo,Hard,32,C,I,20251117,27,E0DD,,,Justin Engel,R,185,GER,18.13,195,295,G0A0,,,Andrea Guerrieri,L,180,ITA,26.957,573,67,6-3 3-6 7-6(4),3,QF,130,9,2,93,65,51,15,15,0,1,5,7,103,68,48,20,15,6,7
2025-854,Bergamo,Hard,32,C,I,20251117,28,TA12,,,Stefano Travaglia,R,185,ITA,33.889,207,283,A0BA,,,Federico Arnaboldi,R,185,ITA,25.415,408,117,6-3 6-3,3,QF,98,8,0,58,39,28,10,9,4,5,4,1,72,44,26,10,9,8,12
2025-854,Bergamo,Hard,32,C,I,20251117,29,M0IF,8,,Francesco Maestrelli,R,196,ITA,22.908,157,392,E0DD,,,Justin Engel,R,185,GER,18.13,195,295,6-4 6-2,3,SF,74,6,2,48,37,29,8,9,0,0,4,2,64,40,27,9,9,5,8
2025-854,Bergamo,Hard,32,C,I,20251117,30,T0FI,,,Marko Topo,R,185,GER,22.179,282,187,TA12,,,Stefano Travaglia,R,185,ITA,33.889,207,283,6-3 6-4,3,SF,79,8,1,62,39,32,12,10,2,2,7,1,54,33,26,8,9,2,4
2025-854,Bergamo,Hard,32,C,I,20251117,31,M0IF,8,,Francesco Maestrelli,R,196,ITA,22.908,157,392,T0FI,,,Marko Topo,R,185,GER,22.179,282,187,6-3 3-6 6-1,3,F,106,2,1,79,56,40,14,13,2,3,7,2,67,47,37,9,12,6,9
2025-9651,Florianopolis,Clay,32,C,O,20251117,1,R0A7,1,,Joao Lucas Reis Da Silva,R,178,BRA,25.645,187,307,K0HN,,,Bruno Kuzuhara,R,175,USA,21.629,535,77,6-1 6-3,3,R32,74,1,3,54,40,30,8,8,6,6,1,0,43,27,14,8,8,1,5
2025-9651,Florianopolis,Clay,32,C,O,20251117,2,SL94,,,Pedro Sakamoto,R,178,BRA,32.386,397,119,O660,2,,Genaro Alberto Olivieri,R,175,ARG,27.288,232,249,4-6 7-5 6-1,3,R32,146,8,2,96,60,43,20,15,8,10,3,2,89,68,43,11,14,6,10
2025-9651,Florianopolis,Clay,32,C,O,20251117,3,D0CG,3,,Facundo Diaz Acosta,L,183,ARG,24.923,226,255,N731,,,Christoph Negritu,R,193,GER,31.661,299,175,6-4 6-7(2) 7-6(5),3,R32,184,4,3,103,67,46,18,17,2,6,2,4,118,74,49,21,17,7,12
2025-9651,Florianopolis,Clay,32,C,O,20251117,4,D0AR,,,Mateus Alves,R,193,BRA,24.816,476,91,PG20,4,,Dmitry Popko,R,191,KAZ,29.065,227,255,2-0 RET,3,R32,10,0,0,5,2,2,2,1,0,0,0,1,5,3,1,0,1,0,1
2025-9651,Florianopolis,Clay,32,C,O,20251117,5,P0IY,5,,Juan Carlos Prado Angelo,R,185,BOL,20.701,228,255,Z239,,,Federico Zeballos,R,185,BOL,37.467,1580,2,6-4 6-3,3,R32,82,4,3,62,28,22,17,10,0,2,3,2,59,34,21,10,9,2,6
2025-9651,Florianopolis,Clay,32,C,O,20251117,6,SG56,,,Daniel Dutra da Silva,L,,BRA,37.369,357,140,RH59,6,,Santiago Rodriguez Taverna,R,191,ARG,26.341,235,248,6-3 6-4,3,R32,76,2,1,56,38,29,10,10,0,1,1,3,58,36,24,9,9,3,6
2025-9651,Florianopolis,Clay,32,C,O,20251117,7,KC29,7,,Nicolas Kicker,R,178,ARG,33.254,259,206,P0DF,,,Matheus Pucinelli De Almeida,R,183,BRA,24.63,297,176,6-4 3-6 6-4,3,R32,150,2,3,108,80,50,9,15,10,15,1,1,72,53,33,10,14,1,6
2025-9651,Florianopolis,Clay,32,C,O,20251117,8,CC66,8,,Andrea Collarini,L,183,ARG,33.796,272,196,D0DK,,,Santiago De La Fuente,R,175,ARG,23.778,625,56,6-2 6-4,3,R32,113,1,2,79,58,37,8,9,5,7,1,4,61,45,26,4,9,6,11
2025-9651,Florianopolis,Clay,32,C,O,20251117,9,F0FL,,,Bruno Fernandez,R,185,BRA,21.311,856,26,B0NF,,,Valentin Basel,L,185,ARG,21.459,1119,11,6-2 6-7(5) 6-3,3,R32,149,2,3,110,75,54,19,15,9,10,8,0,101,67,49,12,14,3,7
2025-9651,Florianopolis,Clay,32,C,O,20251117,10,H0DU,,,Gustavo Heide,R,191,BRA,23.718,309,169,S1F4,,,Leonardo Storck Franca,,,BRA,16.797,,,6-1 6-2,3,R32,78,2,6,57,29,21,15,8,5,6,1,5,51,23,14,8,7,2,7
2025-9651,Florianopolis,Clay,32,C,O,20251117,11,J0AW,,,Guido Ivan Justo,R,178,ARG,27.918,365,135,S0T1,,,Joao Eduardo Schiessl,L,180,BRA,21.246,466,93,6-4 4-6 7-5,3,R32,157,3,0,107,63,38,31,16,9,12,2,2,99,78,46,14,16,5,9
2025-9651,Florianopolis,Clay,32,C,O,20251117,12,LF26,,,Orlando Luz,R,180,BRA,27.773,987,16,Z0DA,,,Carlos Maria Zarate,R,191,ARG,20.635,674,47,3-6 6-2 6-4,3,R32,105,7,4,72,49,36,13,13,1,3,4,3,86,58,40,10,14,10,14
2025-9651,Florianopolis,Clay,32,C,O,20251117,13,R09V,,,Eduardo Ribeiro,R,178,BRA,27.671,551,72,B0FI,,,Pedro Boscardin Dias,R,180,BRA,22.804,268,201,6-3 6-2,3,R32,79,3,0,50,35,22,13,9,2,3,3,3,62,39,18,14,8,7,11
2025-9651,Florianopolis,Clay,32,C,O,20251117,14,T0DM,,,Juan Bautista Torres,R,178,ARG,23.628,370,133,T133,,,Miguel Tobon,R,185,COL,57.405,732,15,6-1 7-6(2),3,R32,94,0,1,56,46,35,3,9,1,3,1,3,70,43,25,9,10,5,10
2025-9651,Florianopolis,Clay,32,C,O,20251117,15,V821,,,Gonzalo Villanueva,R,175,ARG,30.845,346,143,Z0BY,,,Nicolas Zanellato,R,168,BRA,23.819,1113,11,3-6 6-3 6-2,3,R32,142,1,6,102,73,45,9,13,11,16,2,1,76,50,27,12,13,5,12
2025-9651,Florianopolis,Clay,32,C,O,20251117,16,Z0CO,,,Maximo Zeitune,R,196,ARG,19.792,925,20,PC09,,,Jose Pereira,R,180,BRA,34.809,834,28,7-6(4) 6-3,3,R32,99,6,1,70,54,39,10,11,3,4,4,0,59,47,33,5,10,0,2
2025-9651,Florianopolis,Clay,32,C,O,20251117,17,J0AW,,,Guido Ivan Justo,R,178,ARG,27.918,365,135,R0A7,1,,Joao Lucas Reis Da Silva,R,178,BRA,25.645,187,307,4-6 7-6(3) 6-2,3,R16,167,8,0,91,55,40,20,15,1,4,1,4,111,76,49,15,15,13,17
2025-9651,Florianopolis,Clay,32,C,O,20251117,18,R09V,,,Eduardo Ribeiro,R,178,BRA,27.671,551,72,D0CG,3,,Facundo Diaz Acosta,L,183,ARG,24.923,226,255,3-6 6-4 6-4,3,R16,156,2,0,116,70,41,22,14,14,18,3,0,81,58,35,13,15,2,7
2025-9651,Florianopolis,Clay,32,C,O,20251117,19,P0IY,5,,Juan Carlos Prado Angelo,R,185,BOL,20.701,228,255,F0FL,,,Bruno Fernandez,R,185,BRA,21.311,856,26,7-6(8) 6-3,3,R16,101,0,3,84,56,38,12,11,5,8,0,2,72,47,25,14,10,4,8
2025-9651,Florianopolis,Clay,32,C,O,20251117,20,KC29,7,,Nicolas Kicker,R,178,ARG,33.254,259,206,V821,,,Gonzalo Villanueva,R,175,ARG,30.845,346,143,6-2 6-3,3,R16,84,1,1,49,41,28,5,9,1,3,0,1,51,33,17,9,8,3,8
2025-9651,Florianopolis,Clay,32,C,O,20251117,21,CC66,8,,Andrea Collarini,L,183,ARG,33.796,272,196,Z0CO,,,Maximo Zeitune,R,196,ARG,19.792,925,20,6-1 6-3,3,R16,86,0,2,47,37,26,6,8,2,3,5,0,62,47,27,2,8,7,12
2025-9651,Florianopolis,Clay,32,C,O,20251117,22,SG56,,,Daniel Dutra da Silva,L,,BRA,37.369,357,140,T0DM,,,Juan Bautista Torres,R,178,ARG,23.628,370,133,7-5 2-6 6-4,3,R16,152,3,4,86,47,34,14,15,7,14,0,3,109,71,41,16,15,6,13
2025-9651,Florianopolis,Clay,32,C,O,20251117,23,H0DU,,,Gustavo Heide,R,191,BRA,23.718,309,169,D0AR,,,Mateus Alves,R,193,BRA,24.816,476,91,7-5 6-2,3,R16,134,4,2,70,40,29,17,10,2,3,4,3,82,49,25,17,10,9,13
2025-9651,Florianopolis,Clay,32,C,O,20251117,24,SL94,,,Pedro Sakamoto,R,178,BRA,32.386,397,119,LF26,,,Orlando Luz,R,180,BRA,27.773,987,16,6-4 4-6 7-5,3,R16,142,5,2,113,77,50,15,16,8,12,8,6,92,56,37,17,16,6,11
2025-9651,Florianopolis,Clay,32,C,O,20251117,25,P0IY,5,,Juan Carlos Prado Angelo,R,185,BOL,20.701,228,255,SL94,,,Pedro Sakamoto,R,178,BRA,32.386,397,119,6-4 7-5,3,QF,117,1,0,68,39,19,17,11,4,9,0,1,77,56,28,7,11,6,13
2025-9651,Florianopolis,Clay,32,C,O,20251117,26,H0DU,,,Gustavo Heide,R,191,BRA,23.718,309,169,KC29,7,,Nicolas Kicker,R,178,ARG,33.254,259,206,6-2 5-1 RET,3,QF,83,4,3,49,30,23,11,7,2,2,1,2,53,37,19,5,7,6,10
2025-9651,Florianopolis,Clay,32,C,O,20251117,27,CC66,8,,Andrea Collarini,L,183,ARG,33.796,272,196,R09V,,,Eduardo Ribeiro,R,178,BRA,27.671,551,72,6-2 7-5,3,QF,91,0,1,56,37,22,11,10,3,6,1,0,63,32,13,17,10,4,10
2025-9651,Florianopolis,Clay,32,C,O,20251117,28,SG56,,,Daniel Dutra da Silva,L,,BRA,37.369,357,140,J0AW,,,Guido Ivan Justo,R,178,ARG,27.918,365,135,7-5 6-1,3,QF,104,4,1,51,30,23,12,10,1,3,0,4,72,36,23,13,9,4,9
2025-9651,Florianopolis,Clay,32,C,O,20251117,29,CC66,8,,Andrea Collarini,L,183,ARG,33.796,272,196,P0IY,5,,Juan Carlos Prado Angelo,R,185,BOL,20.701,228,255,6-4 6-3,3,SF,112,0,4,71,51,28,11,9,7,10,2,1,62,50,26,1,10,8,14
2025-9651,Florianopolis,Clay,32,C,O,20251117,30,H0DU,,,Gustavo Heide,R,191,BRA,23.718,309,169,SG56,,,Daniel Dutra da Silva,L,,BRA,37.369,357,140,6-2 6-2,3,SF,93,4,0,40,25,19,10,8,1,2,0,6,71,47,26,8,8,10,15
2025-9651,Florianopolis,Clay,32,C,O,20251117,31,H0DU,,,Gustavo Heide,R,191,BRA,23.718,309,169,CC66,8,,Andrea Collarini,L,183,ARG,33.796,272,196,6-2 6-3,3,F,81,1,1,45,31,24,9,8,0,0,1,3,55,35,23,6,9,2,6
2025-2829,Temuco,Hard,32,C,O,20251124,1,C0C8,1,,Juan Manuel Cerundolo,L,183,ARG,24.025,85,704,G0IW,,,Antoine Ghibaudo,R,191,FRA,20.83,359,140,6-2 6-2,3,R32,69,3,1,41,27,24,9,8,0,0,1,2,46,32,17,6,8,3,7
2025-2829,Temuco,Hard,32,C,O,20251124,2,R0HP,,,Lucio Ratti,R,183,ARG,21.826,675,49,HF80,2,,Hady Habib,R,188,LBN,27.261,178,328,7-6(2) 3-6 6-3,3,R32,114,7,7,91,60,50,14,15,0,2,17,8,98,58,42,21,15,4,6
2025-2829,Temuco,Hard,32,C,O,20251124,3,Z0DA,,,Carlos Maria Zarate,R,191,ARG,20.654,648,53,R0A7,3,,Joao Lucas Reis Da Silva,R,178,BRA,25.665,191,309,7-6(4) 6-2,3,R32,87,3,6,75,43,35,17,10,5,5,3,0,69,39,30,14,10,3,5
2025-2829,Temuco,Hard,32,C,O,20251124,4,D0CG,4,,Facundo Diaz Acosta,L,183,ARG,24.942,221,261,T0H5,,,Benjamin Torrealba,L,180,CHI,20.422,901,23,6-2 6-1,3,R32,68,3,2,45,28,24,10,8,3,3,0,2,47,27,15,6,7,5,9
2025-2829,Temuco,Hard,32,C,O,20251124,5,P0IY,5,,Juan Carlos Prado Angelo,R,185,BOL,20.72,217,271,J0EL,,,Diego Jarry Fillol,R,196,CHI,22.784,,,6-4 7-6(4),3,R32,105,4,1,74,46,36,11,11,4,7,0,1,66,40,25,14,11,2,6
2025-2829,Temuco,Hard,32,C,O,20251124,6,KC29,6,,Nicolas Kicker,R,178,ARG,33.273,259,212,S0JB,,,Noah Schachter,R,188,USA,26.218,817,31,6-2 6-3,3,R32,84,1,2,64,43,27,15,9,6,7,7,0,46,29,18,5,8,2,6
2025-2829,Temuco,Hard,32,C,O,20251124,7,M0OH,7,,Lautaro Midon,R,180,ARG,21.656,266,204,AG08,,,Andres Andrade,R,180,ECU,26.946,272,200,6-3 6-2,3,R32,71,1,3,51,23,17,18,9,1,2,0,5,46,24,15,8,8,4,8
2025-2829,Temuco,Hard,32,C,O,20251124,8,GJ16,,,Federico Agustin Gomez,R,191,ARG,28.994,250,219,B0FI,8,,Pedro Boscardin Dias,R,180,BRA,22.823,271,201,6-3 6-4,3,R32,73,8,7,50,29,25,12,10,0,1,3,8,73,41,25,15,9,6,9
2025-2829,Temuco,Hard,32,C,O,20251124,9,A09P,,,Alafia Ayeni,R,191,USA,26.292,731,40,C0GN,,,Milledge Cossu,R,178,USA,23.995,1693,2,6-4 6-3,3,R32,69,11,2,42,23,21,16,10,0,1,1,5,61,36,24,10,9,3,6
2025-2829,Temuco,Hard,32,C,O,20251124,10,KG27,,,Strong Kirchheimer,R,185,USA,30.582,721,42,SG56,,,Daniel Dutra da Silva,L,,BRA,37.388,325,160,7-6(3) 6-2,3,R32,100,3,1,58,36,26,13,10,0,2,2,6,68,34,23,15,10,4,8
2025-2829,Temuco,Hard,32,C,O,20251124,11,K0EM,,,Matt Kuhar,R,178,USA,29.437,893,24,S0T1,,,Joao Eduardo Schiessl,L,180,BRA,21.265,490,88,7-6(4) 6-4,3,R32,118,3,6,85,55,40,10,11,4,7,2,5,80,49,28,15,11,4,8
2025-2829,Temuco,Hard,32,C,O,20251124,12,L0GR,,,Juan Manuel La Serna,L,188,ARG,21.802,457,97,G0MI,,,Adhithya Ganesan,R,193,USA,20.085,571,68,6-4 6-7(2) 7-5,3,R32,165,4,6,106,67,49,17,17,9,12,3,4,118,75,43,27,17,6,11
2025-2829,Temuco,Hard,32,C,O,20251124,13,N731,,,Christoph Negritu,R,193,GER,31.68,300,173,A09W,,,Juan Carlos Aguilar,R,170,CAN,27.012,513,83,6-3 6-2,3,R32,81,7,3,43,24,21,12,8,0,0,4,1,71,42,24,15,9,7,11
2025-2829,Temuco,Hard,32,C,O,20251124,14,N0BU,,,Daniel Antonio Nunez,R,0,CHI,24.479,825,30,LA54,,,Wilson Leite,R,178,BRA,34.051,809,32,3-6 6-1 6-2,3,R32,113,6,1,70,48,37,14,12,3,4,2,2,66,34,20,19,12,4,8
2025-2829,Temuco,Hard,32,C,O,20251124,15,R09V,,,Eduardo Ribeiro,R,178,BRA,27.691,485,89,M0RG,,,Daniel Milavsky,R,193,USA,24.2,374,133,4-6 6-4 6-2,3,R32,105,5,3,75,50,39,9,14,1,4,2,10,84,37,24,23,14,4,9
2025-2829,Temuco,Hard,32,C,O,20251124,16,V821,,,Gonzalo Villanueva,R,175,ARG,30.864,346,145,P0DF,,,Matheus Pucinelli De Almeida,R,183,BRA,24.649,297,176,6-4 6-2,3,R32,87,4,1,58,34,23,16,9,6,7,1,1,53,35,21,8,9,3,7
2025-2829,Temuco,Hard,32,C,O,20251124,17,C0C8,1,,Juan Manuel Cerundolo,L,183,ARG,24.025,85,704,N731,,,Christoph Negritu,R,193,GER,31.68,300,173,6-3 6-4,3,R16,77,2,0,54,32,25,16,10,1,1,5,2,53,30,22,12,9,3,5
2025-2829,Temuco,Hard,32,C,O,20251124,18,D0CG,4,,Facundo Diaz Acosta,L,183,ARG,24.942,221,261,R09V,,,Eduardo Ribeiro,R,178,BRA,27.691,485,89,7-6(4) 6-4,3,R16,97,3,3,63,36,25,18,11,1,3,3,1,67,42,28,13,11,2,5
2025-2829,Temuco,Hard,32,C,O,20251124,19,P0IY,5,,Juan Carlos Prado Angelo,R,185,BOL,20.72,217,271,V821,,,Gonzalo Villanueva,R,175,ARG,30.864,346,145,6-4 4-6 7-5,3,R16,142,1,2,99,61,45,19,16,9,12,3,1,103,59,39,21,16,4,8
2025-2829,Temuco,Hard,32,C,O,20251124,20,A09P,,,Alafia Ayeni,R,191,USA,26.292,731,40,KC29,6,,Nicolas Kicker,R,178,ARG,33.273,259,212,6-4 6-3,3,R16,88,12,4,52,36,29,8,9,2,2,0,2,75,54,34,8,10,11,14
2025-2829,Temuco,Hard,32,C,O,20251124,21,M0OH,7,,Lautaro Midon,R,180,ARG,21.656,266,204,KG27,,,Strong Kirchheimer,R,185,USA,30.582,721,42,7-6(3) 4-6 6-3,3,R16,182,6,5,112,60,41,27,16,12,16,3,1,113,62,34,31,15,7,11
2025-2829,Temuco,Hard,32,C,O,20251124,22,GJ16,,,Federico Agustin Gomez,R,191,ARG,28.994,250,219,N0BU,,,Daniel Antonio Nunez,R,0,CHI,24.479,825,30,6-1 6-4,3,R16,63,9,2,44,26,22,14,9,0,0,1,1,54,25,16,15,8,3,6
2025-2829,Temuco,Hard,32,C,O,20251124,23,K0EM,,,Matt Kuhar,R,178,USA,29.437,893,24,Z0DA,,,Carlos Maria Zarate,R,191,ARG,20.654,648,53,6-2 6-2,3,R16,63,2,3,46,32,22,6,8,2,5,1,4,51,28,12,6,8,4,11
2025-2829,Temuco,Hard,32,C,O,20251124,24,L0GR,,,Juan Manuel La Serna,L,188,ARG,21.802,457,97,R0HP,,,Lucio Ratti,R,183,ARG,21.826,675,49,4-6 7-5 7-5,3,R16,188,5,3,127,80,51,23,17,14,18,3,1,122,86,52,19,17,9,14
2025-2829,Temuco,Hard,32,C,O,20251124,25,A09P,,,Alafia Ayeni,R,191,USA,26.292,731,40,C0C8,1,,Juan Manuel Cerundolo,L,183,ARG,24.025,85,704,6-4 4-6 6-3,3,QF,127,5,3,94,68,48,12,15,5,8,2,3,92,61,36,18,14,6,10
2025-2829,Temuco,Hard,32,C,O,20251124,26,GJ16,,,Federico Agustin Gomez,R,191,ARG,28.994,250,219,D0CG,4,,Facundo Diaz Acosta,L,183,ARG,24.942,221,261,3-6 6-4 6-2,3,QF,147,9,11,114,61,46,25,14,9,11,2,2,87,54,37,16,13,4,7
2025-2829,Temuco,Hard,32,C,O,20251124,27,P0IY,5,,Juan Carlos Prado Angelo,R,185,BOL,20.72,217,271,K0EM,,,Matt Kuhar,R,178,USA,29.437,893,24,7-5 3-6 6-2,3,QF,121,4,4,99,73,45,17,14,5,7,3,3,80,50,35,16,15,2,6
2025-2829,Temuco,Hard,32,C,O,20251124,28,M0OH,7,,Lautaro Midon,R,180,ARG,21.656,266,204,L0GR,,,Juan Manuel La Serna,L,188,ARG,21.802,457,97,4-6 6-3 6-3,3,QF,132,3,1,89,55,30,20,14,8,12,1,6,93,58,38,11,14,3,9
2025-2829,Temuco,Hard,32,C,O,20251124,29,M0OH,7,,Lautaro Midon,R,180,ARG,21.656,266,204,P0IY,5,,Juan Carlos Prado Angelo,R,185,BOL,20.72,217,271,7-5 6-2,3,SF,95,4,4,78,38,29,15,10,5,8,0,2,66,33,18,14,10,5,11
2025-2829,Temuco,Hard,32,C,O,20251124,30,GJ16,,,Federico Agustin Gomez,R,191,ARG,28.994,250,219,A09P,,,Alafia Ayeni,R,191,USA,26.292,731,40,6-3 6-1,3,SF,,,,,,,,,,,,,,,,,,,
2025-2829,Temuco,Hard,32,C,O,20251124,31,GJ16,,,Federico Agustin Gomez,R,191,ARG,28.994,250,219,M0OH,7,,Lautaro Midon,R,180,ARG,21.656,266,204,6-4 6-1,3,F,66,10,1,59,34,26,13,9,1,2,2,4,46,21,11,10,8,2,6
2025-3041,Bogota (Los Lagartos),Clay,32,C,O,20251124,1,FA43,1,,Juan Pablo Ficovich,R,188,ARG,28.832,169,347,D0AR,,,Mateus Alves,R,193,BRA,24.835,458,97,6-4 3-6 6-3,3,R32,108,12,2,82,51,42,15,14,2,3,12,5,80,50,41,12,14,2,4
2025-3041,Bogota (Los Lagartos),Clay,32,C,O,20251124,2,M0AW,2,,Nicolas Mejia,R,183,COL,25.785,216,273,G0EQ,,,Sebastian Gima,L,0,ROU,23.524,529,78,6-3 7-6(2),3,R32,96,7,1,69,44,36,14,11,2,3,8,6,80,44,31,15,10,5,7
2025-3041,Bogota (Los Lagartos),Clay,32,C,O,20251124,3,MJ98,,,Facundo Mena,R,183,ARG,33.172,369,135,P0J1,3,,Rodrigo Pacheco Mendez,L,191,MEX,20.583,228,251,6-4 6-3,3,R32,81,11,2,72,41,32,15,9,7,7,3,2,54,34,24,10,10,4,7
2025-3041,Bogota (Los Lagartos),Clay,32,C,O,20251124,4,P0C1,,,Karl Poling,L,185,USA,26.308,621,58,PG20,4,,Dmitry Popko,R,191,KAZ,29.084,224,255,3-6 4-1 RET,3,R32,64,2,2,37,20,15,8,7,2,4,3,3,44,17,11,14,7,4,6
2025-3041,Bogota (Los Lagartos),Clay,32,C,O,20251124,5,RH59,5,,Santiago Rodriguez Taverna,R,191,ARG,26.36,233,247,L0LD,,,Samuel Alejandro Linde Palacios,R,178,COL,18.084,764,36,6-7(5) 6-3 6-1,3,R32,135,5,0,91,55,40,20,14,1,3,2,4,108,69,43,12,14,10,16
2025-3041,Bogota (Los Lagartos),Clay,32,C,O,20251124,6,DC48,6,,Murkel Dellien,R,193,BOL,28.189,262,209,M0C2,,,Dan Martin,R,175,CAN,26.546,423,111,6-3 6-2,3,R32,65,1,1,46,22,17,17,9,0,1,1,3,52,30,14,12,8,0,4
2025-3041,Bogota (Los Lagartos),Clay,32,C,O,20251124,7,H0CD,,,Alex Hernandez,R,175,MEX,26.423,430,109,J0B5,7,,Garrett Johns,R,180,USA,24.936,296,177,7-6(4) 6-2,3,R32,108,1,2,63,40,29,12,10,4,6,8,3,79,42,29,12,10,11,15
2025-3041,Bogota (Los Lagartos),Clay,32,C,O,20251124,8,KE64,8,,Stefan Kozlov,R,183,USA,27.811,304,170,T0DM,,,Juan Bautista Torres,R,178,ARG,23.647,375,133,6-0 4-6 6-3,3,R32,123,3,2,76,44,30,17,12,0,2,5,3,87,57,28,16,13,7,13
2025-3041,Bogota (Los Lagartos),Clay,32,C,O,20251124,9,BC76,,,Nicolas Barrientos,R,175,COL,38.587,1649,2,S0IV,,,Paulo Andre Saraiva Dos Santos,R,180,BRA,25.421,563,70,3-6 6-2 6-4,3,R32,119,4,6,87,52,36,19,14,1,4,5,6,76,47,34,11,13,3,7
2025-3041,Bogota (Los Lagartos),Clay,32,C,O,20251124,10,BP79,,,Peter Bertran,R,183,DOM,29.722,703,44,M0HD,,,Alan Magadan,R,183,MEX,24.498,785,34,6-1 6-1,3,R32,54,8,1,37,19,15,13,7,0,0,2,3,51,33,16,5,7,5,10
2025-3041,Bogota (Los Lagartos),Clay,32,C,O,20251124,11,GB41,,,Juan Sebastian Gomez,,,COL,33.722,997,16,H0HU,,,Samuel Heredia,R,191,COL,19.466,904,23,6-1 7-5,3,R32,89,3,2,56,36,21,11,10,0,3,6,3,70,42,20,12,9,6,12
2025-3041,Bogota (Los Lagartos),Clay,32,C,O,20251124,12,J476,,,David Jorda Sanchis,R,198,ESP,31.447,401,119,C0MH,,,Gerard Campana Lee,R,183,KOR,21.147,641,54,6-3 6-1,3,R32,63,9,2,41,27,24,8,8,0,0,1,2,50,27,15,10,8,0,4
2025-3041,Bogota (Los Lagartos),Clay,32,C,O,20251124,13,M0GB,,,Alex Martinez,R,185,ESP,24.684,435,108,T133,,,Miguel Tobon,R,185,COL,57.424,732,15,6-4 6-1,3,R32,70,1,3,54,38,28,7,8,3,4,4,7,55,29,18,10,9,5,10
2025-3041,Bogota (Los Lagartos),Clay,32,C,O,20251124,14,M0EG,,,Tristan McCormick,R,196,USA,26.65,516,82,P0LG,,,Salvador Price,R,173,COL,20.761,911,22,6-4 6-2,3,R32,80,3,1,54,37,29,9,9,1,2,0,7,60,40,25,7,9,5,9
2025-3041,Bogota (Los Lagartos),Clay,32,C,O,20251124,15,M0I0,,,Maxwell Mckennon,L,193,USA,23.524,570,68,D0IN,,,Ryan Dickerson,R,188,USA,28.548,726,41,6-3 2-6 6-4,3,R32,153,6,8,81,46,31,17,14,1,5,1,14,104,63,46,13,13,10,14
2025-3041,Bogota (Los Lagartos),Clay,32,C,O,20251124,16,V836,,,Juan Pablo Varillas,R,185,PER,30.136,270,201,R0BC,,,Lorenzo Joaquin Rodriguez,R,196,ARG,26.155,427,110,6-2 6-4,3,R32,54,12,1,43,29,28,9,9,1,1,2,4,48,34,27,4,9,3,6
2025-3041,Bogota (Los Lagartos),Clay,32,C,O,20251124,17,FA43,1,,Juan Pablo Ficovich,R,188,ARG,28.832,169,347,M0EG,,,Tristan McCormick,R,196,USA,26.65,516,82,6-1 3-6 6-3,3,R16,134,7,4,86,42,35,23,13,2,3,8,4,90,56,38,15,12,10,13
2025-3041,Bogota (Los Lagartos),Clay,32,C,O,20251124,18,M0AW,2,,Nicolas Mejia,R,183,COL,25.785,216,273,M0GB,,,Alex Martinez,R,185,ESP,24.684,435,108,6-3 6-2,3,R16,83,6,1,53,26,15,23,9,1,2,3,4,58,37,25,5,8,7,11
2025-3041,Bogota (Los Lagartos),Clay,32,C,O,20251124,19,V836,,,Juan Pablo Varillas,R,185,PER,30.136,270,201,RH59,5,,Santiago Rodriguez Taverna,R,191,ARG,26.36,233,247,6-4 7-6(3),3,R16,104,9,6,68,36,32,14,11,1,3,8,4,79,48,33,14,11,3,6
2025-3041,Bogota (Los Lagartos),Clay,32,C,O,20251124,20,DC48,6,,Murkel Dellien,R,193,BOL,28.189,262,209,BP79,,,Peter Bertran,R,183,DOM,29.722,703,44,6-4 6-4,3,R16,85,1,4,61,39,31,13,10,3,3,5,9,63,31,23,16,10,2,4
2025-3041,Bogota (Los Lagartos),Clay,32,C,O,20251124,21,KE64,8,,Stefan Kozlov,R,183,USA,27.811,304,170,J476,,,David Jorda Sanchis,R,198,ESP,31.447,401,119,6-4 6-4,3,R16,100,0,3,61,36,31,12,10,5,6,4,7,68,34,22,19,10,5,8
2025-3041,Bogota (Los Lagartos),Clay,32,C,O,20251124,22,BC76,,,Nicolas Barrientos,R,175,COL,38.587,1649,2,H0CD,,,Alex Hernandez,R,175,MEX,26.423,430,109,6-3 6-4,3,R16,66,8,5,60,31,28,15,10,4,5,3,7,57,37,27,6,9,4,7
2025-3041,Bogota (Los Lagartos),Clay,32,C,O,20251124,23,GB41,,,Juan Sebastian Gomez,,,COL,33.722,997,16,P0C1,,,Karl Poling,L,185,USA,26.308,621,58,5-7 6-3 6-2,3,R16,150,1,3,97,75,46,10,15,2,6,1,8,88,45,24,21,14,6,12
2025-3041,Bogota (Los Lagartos),Clay,32,C,O,20251124,24,MJ98,,,Facundo Mena,R,183,ARG,33.172,369,135,M0I0,,,Maxwell Mckennon,L,193,USA,23.524,570,68,6-3 6-4,3,R16,100,12,0,57,34,27,16,10,5,5,6,6,76,46,30,15,9,11,13
2025-3041,Bogota (Los Lagartos),Clay,32,C,O,20251124,25,FA43,1,,Juan Pablo Ficovich,R,188,ARG,28.832,169,347,BC76,,,Nicolas Barrientos,R,175,COL,38.587,1649,2,6-2 6-2,3,QF,55,5,2,44,21,16,15,8,2,3,0,7,46,26,14,7,8,6,11
2025-3041,Bogota (Los Lagartos),Clay,32,C,O,20251124,26,M0AW,2,,Nicolas Mejia,R,183,COL,25.785,216,273,V836,,,Juan Pablo Varillas,R,185,PER,30.136,270,201,7-6(5) 6-2,3,QF,118,7,7,80,38,34,17,10,7,8,3,2,68,38,23,19,10,6,9
2025-3041,Bogota (Los Lagartos),Clay,32,C,O,20251124,27,MJ98,,,Facundo Mena,R,183,ARG,33.172,369,135,DC48,6,,Murkel Dellien,R,193,BOL,28.189,262,209,6-2 6-4,3,QF,80,13,3,61,36,30,12,9,1,1,1,5,57,30,21,11,9,1,4
2025-3041,Bogota (Los Lagartos),Clay,32,C,O,20251124,28,GB41,,,Juan Sebastian Gomez,,,COL,33.722,997,16,KE64,8,,Stefan Kozlov,R,183,USA,27.811,304,170,4-6 6-4 7-5,3,QF,192,0,7,100,71,42,16,16,6,11,3,2,114,64,38,22,16,11,17
2025-3041,Bogota (Los Lagartos),Clay,32,C,O,20251124,29,GB41,,,Juan Sebastian Gomez,,,COL,33.722,997,16,FA43,1,,Juan Pablo Ficovich,R,188,ARG,28.832,169,347,6-7(5) 6-2 6-4,3,SF,180,0,6,106,82,54,9,15,6,9,4,6,119,52,33,29,15,7,13
2025-3041,Bogota (Los Lagartos),Clay,32,C,O,20251124,30,M0AW,2,,Nicolas Mejia,R,183,COL,25.785,216,273,MJ98,,,Facundo Mena,R,183,ARG,33.172,369,135,7-6(6) 1-6 6-2,3,SF,135,6,3,82,44,35,21,13,6,8,18,3,94,52,43,18,14,6,8
2025-3041,Bogota (Los Lagartos),Clay,32,C,O,20251124,31,M0AW,2,,Nicolas Mejia,R,183,COL,25.785,216,273,GB41,,,Juan Sebastian Gomez,,,COL,33.722,997,16,6-4 6-4,3,F,108,7,3,66,35,27,15,10,5,6,3,4,70,52,32,8,10,1,4
2025-3043,Athens,Hard,32,C,O,20251124,1,F0DM,1,,Arthur Fery,R,175,GBR,23.37,201,288,T0EI,,,Aristotelis Thanos,R,193,GRE,24.632,492,87,1-6 6-4 6-4,3,R32,122,0,2,81,46,27,20,13,7,11,3,7,91,54,36,18,14,5,9
2025-3043,Athens,Hard,32,C,O,20251124,2,K0CJ,2,,Sandro Kopp,R,185,AUT,25.498,314,164,P0ME,,,Luca Preda,R,201,ROU,19.685,765,36,7-5 1-0 RET,3,R32,67,2,0,40,28,19,8,7,2,3,0,0,42,33,18,5,6,3,5
2025-3043,Athens,Hard,32,C,O,20251124,3,EA31,,,Menelaos Efstathiou,R,183,CYP,26.732,776,35,W0AH,3,,Harry Wendelken,R,178,GBR,23.934,326,159,4-6 6-1 6-2,3,R32,138,0,2,80,49,33,21,13,3,4,2,3,84,47,32,16,12,5,9
2025-3043,Athens,Hard,32,C,O,20251124,4,GG65,,,Michael Geerts,R,178,BEL,30.853,372,134,H0DC,4,,Giles Hussey,L,185,GBR,28.498,333,153,6-2 6-1,3,R32,64,3,2,45,26,24,6,7,4,5,0,4,45,29,12,7,8,4,10
2025-3043,Athens,Hard,32,C,O,20251124,5,C0HB,5,,Eliakim Coulibaly,L,180,CIV,23.556,324,160,R0K9,,,Charlie Robertson,R,170,GBR,19.132,884,24,6-4 6-2,3,R32,81,3,1,49,29,23,13,9,1,2,0,4,59,33,20,9,9,2,6
2025-3043,Athens,Hard,32,C,O,20251124,6,B0BK,,,Aleksandr Braynin,R,201,UKR,26.24,793,34,P0B2,6,,Luca Potenza,R,175,ITA,25.325,364,138,7-6(5) 7-5,3,R32,124,10,4,84,54,32,13,12,7,12,4,5,81,46,27,15,12,3,9
2025-3043,Athens,Hard,32,C,O,20251124,7,H0BF,7,,Philip Henning,R,180,RSA,25.038,360,140,B0VX,,,Pierluigi Basile,R,188,ITA,18.88,659,51,6-2 1-0 RET,3,R32,49,1,0,21,12,9,7,4,0,0,1,1,38,27,16,3,5,3,6
2025-3043,Athens,Hard,32,C,O,20251124,8,R0JW,,,Michele Ribecai,R,173,ITA,22.804,431,109,D0LJ,8,,Diego Dedura,L,180,GER,17.703,367,136,4-6 6-3 6-3,3,R32,110,1,6,104,61,34,27,14,7,11,1,3,75,52,34,8,14,3,9
2025-3043,Athens,Hard,32,C,O,20251124,9,BU36,,,Alberto Barroso Campos,R,178,ESP,29.473,601,62,T0GE,,,Pavlos Tsitsipas,R,196,GRE,20.339,955,19,6-1 6-3,3,R32,68,2,2,50,29,25,12,8,2,2,2,0,52,33,18,9,8,3,7
2025-3043,Athens,Hard,32,C,O,20251124,10,C0P0,,,Sergio Callejon Hernando,R,175,ESP,21.188,557,71,W0BU,,,Olle Wallin,R,191,SWE,24.09,460,96,6-2 6-2,3,R32,74,7,1,49,27,23,12,8,3,3,1,3,64,26,16,16,8,2,6
2025-3043,Athens,Hard,32,C,O,20251124,11,DG80,,,Enrico Dalla Valle,R,196,ITA,27.68,472,92,S0S9,,,Dimitris Sakellaridis,R,0,GRE,19.57,780,35,6-3 6-3,3,R32,101,5,3,66,48,34,10,9,1,1,1,2,66,43,27,10,9,7,10
2025-3043,Athens,Hard,32,C,O,20251124,12,K0JH,,,Jan Kumstat,R,196,CZE,18.894,711,43,K0HC,,,Maks Kasnikowski,R,180,POL,22.387,411,116,7-5 4-6 6-1,3,R32,108,11,4,86,52,42,17,15,3,5,4,2,85,51,35,16,14,7,11
2025-3043,Athens,Hard,32,C,O,20251124,13,M0AC,,,Rudolf Molleker,R,188,GER,25.079,406,118,F0DP,,,Peter Fajta,R,185,HUN,23.507,530,77,6-1 6-7(8) 6-4,3,R32,117,4,5,105,61,42,25,14,4,6,4,5,94,56,43,14,15,3,9
2025-3043,Athens,Hard,32,C,O,20251124,14,PL64,,,Oleg Prihodko,R,180,UKR,28.142,445,102,Z419,,,Bernabe Zapata Miralles,R,183,ESP,28.865,444,102,2-6 6-2 6-0,3,R32,72,6,7,67,37,27,14,11,2,5,0,4,59,30,15,15,11,3,9
2025-3043,Athens,Hard,32,C,O,20251124,15,S0H9,,,James Story,R,185,GBR,24.723,465,94,C0LK,,,Carlo Alberto Caniato,R,188,ITA,20.066,397,121,6-2 6-3,3,R32,60,9,0,39,27,24,8,8,0,0,5,1,58,42,20,9,9,4,8
2025-3043,Athens,Hard,32,C,O,20251124,16,V0BD,,,Nikolay Vylegzhanin,R,178,RUS,25.602,494,87,A0HZ,,,Lorenzo Angelini,R,170,ITA,19.726,993,17,6-2 6-2,3,R32,65,0,3,51,36,25,6,8,2,4,0,3,55,35,19,4,8,1,7
2025-3043,Athens,Hard,32,C,O,20251124,17,F0DM,1,,Arthur Fery,R,175,GBR,23.37,201,288,M0AC,,,Rudolf Molleker,R,188,GER,25.079,406,118,4-0 RET,3,R16,24,2,0,10,8,8,0,2,0,0,0,1,12,7,2,2,2,1,3
2025-3043,Athens,Hard,32,C,O,20251124,18,K0CJ,2,,Sandro Kopp,R,185,AUT,25.498,314,164,PL64,,,Oleg Prihodko,R,180,UKR,28.142,445,102,6-0 6-1,3,R16,48,1,2,35,19,16,10,6,1,1,1,5,40,24,9,3,7,3,9
2025-3043,Athens,Hard,32,C,O,20251124,19,C0HB,5,,Eliakim Coulibaly,L,180,CIV,23.556,324,160,DG80,,,Enrico Dalla Valle,R,196,ITA,27.68,472,92,6-1 7-5,3,R16,89,6,6,68,38,29,15,10,6,7,1,0,57,40,23,6,9,2,6
2025-3043,Athens,Hard,32,C,O,20251124,20,H0BF,7,,Philip Henning,R,180,RSA,25.038,360,140,S0H9,,,James Story,R,185,GBR,24.723,465,94,7-6(1) 6-3,3,R16,122,0,0,74,49,34,13,11,5,8,1,3,67,38,23,13,10,5,9
2025-3043,Athens,Hard,32,C,O,20251124,21,BU36,,,Alberto Barroso Campos,R,178,ESP,29.473,601,62,R0JW,,,Michele Ribecai,R,173,ITA,22.804,431,109,6-1 3-6 6-1,3,R16,99,4,0,64,41,29,15,12,0,2,0,2,78,43,21,19,11,7,12
2025-3043,Athens,Hard,32,C,O,20251124,22,C0P0,,,Sergio Callejon Hernando,R,175,ESP,21.188,557,71,EA31,,,Menelaos Efstathiou,R,183,CYP,26.732,776,35,6-2 3-6 6-3,3,R16,141,2,4,81,43,29,19,13,3,7,2,4,87,63,33,12,13,4,10
2025-3043,Athens,Hard,32,C,O,20251124,23,GG65,,,Michael Geerts,R,178,BEL,30.853,372,134,K0JH,,,Jan Kumstat,R,196,CZE,18.894,711,43,7-6(2) 6-1,3,R16,77,1,4,72,40,28,18,10,3,5,6,3,56,31,20,10,9,3,7
2025-3043,Athens,Hard,32,C,O,20251124,24,V0BD,,,Nikolay Vylegzhanin,R,178,RUS,25.602,494,87,B0BK,,,Aleksandr Braynin,R,201,UKR,26.24,793,34,6-4 6-2,3,R16,85,0,4,55,35,27,9,9,0,1,5,3,57,28,17,14,9,9,13
2025-3043,Athens,Hard,32,C,O,20251124,25,F0DM,1,,Arthur Fery,R,175,GBR,23.37,201,288,C0HB,5,,Eliakim Coulibaly,L,180,CIV,23.556,324,160,6-3 6-3,3,QF,87,3,2,60,38,25,14,9,4,5,1,3,65,38,23,10,9,7,11
2025-3043,Athens,Hard,32,C,O,20251124,26,K0CJ,2,,Sandro Kopp,R,185,AUT,25.498,314,164,H0BF,7,,Philip Henning,R,180,RSA,25.038,360,140,6-0 5-7 6-3,3,QF,151,8,3,112,68,45,23,14,6,9,2,3,84,46,26,19,13,9,15
2025-3043,Athens,Hard,32,C,O,20251124,27,BU36,,,Alberto Barroso Campos,R,178,ESP,29.473,601,62,C0P0,,,Sergio Callejon Hernando,R,175,ESP,21.188,557,71,6-0 4-6 4-3 RET,3,QF,147,6,2,87,50,36,15,11,8,11,0,4,73,34,20,16,12,5,11
2025-3043,Athens,Hard,32,C,O,20251124,28,GG65,,,Michael Geerts,R,178,BEL,30.853,372,134,V0BD,,,Nikolay Vylegzhanin,R,178,RUS,25.602,494,87,6-2 6-4,3,QF,74,1,1,50,32,23,15,9,1,1,1,5,61,37,24,11,9,3,6
2025-3043,Athens,Hard,32,C,O,20251124,29,F0DM,1,,Arthur Fery,R,175,GBR,23.37,201,288,BU36,,,Alberto Barroso Campos,R,178,ESP,29.473,601,62,4-6 6-4 6-2,3,SF,132,2,4,100,52,37,26,14,7,9,2,3,81,48,28,24,14,6,10
2025-3043,Athens,Hard,32,C,O,20251124,30,GG65,,,Michael Geerts,R,178,BEL,30.853,372,134,K0CJ,2,,Sandro Kopp,R,185,AUT,25.498,314,164,6-3 6-2,3,SF,73,4,0,43,26,20,13,9,0,1,0,4,68,44,26,8,8,6,10
2025-3043,Athens,Hard,32,C,O,20251124,31,GG65,,,Michael Geerts,R,178,BEL,30.853,372,134,F0DM,1,,Arthur Fery,R,175,GBR,23.37,201,288,7-5 4-6 6-2,3,F,125,1,3,85,56,37,13,15,2,6,2,6,89,54,29,17,15,3,9
2025-3045,Manama 2,Hard,32,C,O,20251124,1,S0O6,2,,Ilia Simakin,R,193,RUS,22.078,281,190,BP74,,,Aleksandre Bakshi,L,180,GEO,28.361,538,75,6-1 6-2,3,R32,48,7,3,42,23,20,12,8,0,0,0,6,39,16,9,8,7,1,5
2025-3045,Manama 2,Hard,32,C,O,20251124,2,Z0BL,,,Fares Zakaria,R,183,EGY,24.534,525,79,B0LQ,3,,Petr Bar Biryukov,L,196,RUS,23.737,315,164,4-6 6-2 3-1 RET,3,R32,108,2,4,62,31,24,20,11,2,3,16,7,76,34,28,18,11,6,9
2025-3045,Manama 2,Hard,32,C,O,20251124,3,E0AC,4,,Mathys Erhard,R,188,FRA,24.079,334,153,E0BO,,,Nino Ehrenschneider,L,185,GER,24.652,520,81,6-4 6-4,3,R32,85,3,5,57,40,32,7,10,0,1,0,1,62,40,26,9,10,3,6
2025-3045,Manama 2,Hard,32,C,O,20251124,4,B0OV,6,,Petr Brunclik,L,188,CZE,19.357,330,154,S0Y7,,,Matthew Summers,L,180,GBR,27.165,712,43,6-7(7) 6-3 6-3,3,R32,161,5,8,100,57,44,24,15,4,5,4,5,125,86,55,17,15,9,13
2025-3045,Manama 2,Hard,32,C,O,20251124,5,F0A3,8,,Sergey Fomin,R,180,UZB,24.81,358,141,B0JP,,,Dali Blanch,R,185,USA,22.724,451,101,6-7(2) 7-6(1) 6-3,3,R32,146,2,5,112,59,37,31,17,5,9,7,3,101,53,37,23,16,6,11
2025-3045,Manama 2,Hard,32,C,O,20251124,6,M0DQ,,,Vladislav Melnic,L,191,ROU,26.423,1802,2,B0GI,9,,Alexandr Binda,R,180,ITA,24.172,422,113,6-4 2-6 7-5,3,R32,154,9,6,91,49,39,20,15,4,7,2,4,97,61,39,22,15,5,8
2025-3045,Manama 2,Hard,32,C,O,20251124,7,BE67,,,Mirza Basic,R,188,BIH,34.371,515,82,A0FM,,,Egor Agafonov,R,188,RUS,23.22,511,83,6-4 6-1,3,R32,65,1,2,43,29,22,8,8,0,1,2,7,56,32,18,9,9,5,10
2025-3045,Manama 2,Hard,32,C,O,20251124,8,B0PN,,,Matisse Bobichon,R,185,FRA,23.855,804,32,DB32,,,Yurii Dzhavakian,R,,UKR,32.55,613,60,6-1 6-4,3,R32,76,7,2,55,29,24,16,9,3,3,0,2,49,23,14,14,8,1,4
2025-3045,Manama 2,Hard,32,C,O,20251124,9,H0GK,,,Maximilian Homberg,R,185,GER,22.831,868,26,O09A,,,Aziz Ouakaa,R,185,TUN,26.3,665,51,6-2 7-5,3,R32,90,2,6,63,37,27,12,10,4,6,2,4,65,30,17,15,10,7,12
2025-3045,Manama 2,Hard,32,C,O,20251124,10,KE36,,,Dominik Kellovsky,R,183,CZE,29.336,580,66,B0P4,,,Tomasz Berkieta,R,191,POL,19.346,561,70,7-6(5) 6-4,3,R32,120,3,7,65,34,33,16,11,0,0,7,4,76,39,31,20,11,4,5
2025-3045,Manama 2,Hard,32,C,O,20251124,11,M09M,,,Ivan Marrero Curbelo,R,180,ESP,27.159,572,67,M0RU,,,Cian Maguire,R,188,IRL,26.267,1720,2,6-0 6-2,3,R32,67,0,3,45,35,25,6,7,1,1,0,1,37,27,13,0,7,2,7
2025-3045,Manama 2,Hard,32,C,O,20251124,12,P0KA,,,Semen Pankin,R,183,RUS,26.223,746,38,P0IT,,,Olaf Pieczkowski,R,183,POL,21.648,455,98,6-4 7-6(5),3,R32,147,1,5,75,39,32,18,11,3,4,2,8,100,65,41,18,11,8,10
2025-3045,Manama 2,Hard,32,C,O,20251124,13,RC04,,,Alexander Ritschard,R,193,SUI,31.671,527,78,A829,,,Radu Albot,R,175,MDA,36.036,433,108,6-3 6-2,3,R32,83,1,5,55,27,21,15,9,2,3,2,3,51,32,18,9,8,4,8
2025-3045,Manama 2,Hard,32,C,O,20251124,14,S0TM,,,Toby Samuel,R,191,GBR,23.217,329,154,SQ79,,,Colin Sinclair,R,188,NMI,30.932,790,34,6-3 6-0,3,R32,55,3,1,39,18,16,17,8,0,0,0,1,47,24,11,11,7,4,8
2025-3045,Manama 2,Hard,32,C,O,20251124,15,V993,,,Eero Vasa,R,185,FIN,28.81,495,87,N754,,,Patrik Niklas-Salminen,L,188,FIN,28.723,1520,2,6-2 7-6(3),3,R32,88,7,5,67,42,33,12,10,4,6,5,3,65,35,22,14,10,1,5
2025-3045,Manama 2,Hard,32,C,O,20251124,16,X01C,,,Ioannis Xilas,R,178,GRE,24.537,448,101,N0BK,,,Hazem Naw,R,183,SYR,25.897,1200,8,6-4 6-4,3,R32,96,0,4,64,45,34,8,10,2,3,5,6,77,45,32,11,10,8,11
2025-3045,Manama 2,Hard,32,C,O,20251124,17,S0O6,2,,Ilia Simakin,R,193,RUS,22.078,281,190,V993,,,Eero Vasa,R,185,FIN,28.81,495,87,6-4 6-1,3,R16,66,2,2,56,29,23,15,9,2,3,0,4,56,29,19,9,8,2,6
2025-3045,Manama 2,Hard,32,C,O,20251124,18,BE67,,,Mirza Basic,R,188,BIH,34.371,515,82,E0AC,4,,Mathys Erhard,R,188,FRA,24.079,334,153,6-4 6-3,3,R16,82,5,1,50,36,28,7,9,2,3,2,6,63,35,24,10,10,4,8
2025-3045,Manama 2,Hard,32,C,O,20251124,19,B0OV,6,,Petr Brunclik,L,188,CZE,19.357,330,154,X01C,,,Ioannis Xilas,R,178,GRE,24.537,448,101,6-2 6-1,3,R16,63,4,3,44,23,21,13,8,0,0,0,3,41,27,12,6,7,1,5
2025-3045,Manama 2,Hard,32,C,O,20251124,20,F0A3,8,,Sergey Fomin,R,180,UZB,24.81,358,141,H0GK,,,Maximilian Homberg,R,185,GER,22.831,868,26,6-0 7-6(4),3,R16,87,5,2,55,29,19,16,9,3,6,1,11,66,31,15,13,9,2,8
2025-3045,Manama 2,Hard,32,C,O,20251124,21,B0PN,,,Matisse Bobichon,R,185,FRA,23.855,804,32,Z0BL,,,Fares Zakaria,R,183,EGY,24.534,525,79,6-3 6-2,3,R16,83,9,1,57,36,32,9,9,2,2,4,6,53,24,18,11,8,6,9
2025-3045,Manama 2,Hard,32,C,O,20251124,22,M09M,,,Ivan Marrero Curbelo,R,180,ESP,27.159,572,67,M0DQ,,,Vladislav Melnic,L,191,ROU,26.423,1802,2,3-6 7-6(6) 6-1,3,R16,156,1,2,96,59,35,19,13,4,9,5,8,109,66,37,19,15,10,17
2025-3045,Manama 2,Hard,32,C,O,20251124,23,RC04,,,Alexander Ritschard,R,193,SUI,31.671,527,78,KE36,,,Dominik Kellovsky,R,183,CZE,29.336,580,66,3-6 6-1 7-6(5),3,R16,162,3,5,98,47,33,27,14,7,10,4,5,112,64,44,19,14,11,15
2025-3045,Manama 2,Hard,32,C,O,20251124,24,S0TM,,,Toby Samuel,R,191,GBR,23.217,329,154,P0KA,,,Semen Pankin,R,183,RUS,26.223,746,38,6-2 6-1,3,R16,64,5,2,52,31,24,13,8,2,2,1,2,34,12,6,9,7,1,5
2025-3045,Manama 2,Hard,32,C,O,20251124,25,S0O6,2,,Ilia Simakin,R,193,RUS,22.078,281,190,M09M,,,Ivan Marrero Curbelo,R,180,ESP,27.159,572,67,6-3 3-6 6-1,3,QF,108,9,4,83,51,38,16,13,3,5,0,4,73,41,22,20,12,3,7
2025-3045,Manama 2,Hard,32,C,O,20251124,26,B0OV,6,,Petr Brunclik,L,188,CZE,19.357,330,154,BE67,,,Mirza Basic,R,188,BIH,34.371,515,82,6-1 6-3,3,QF,65,5,7,44,21,17,12,8,1,3,1,3,46,26,11,8,8,2,8
2025-3045,Manama 2,Hard,32,C,O,20251124,27,S0TM,,,Toby Samuel,R,191,GBR,23.217,329,154,F0A3,8,,Sergey Fomin,R,180,UZB,24.81,358,141,6-4 6-2,3,QF,74,3,2,55,33,22,12,9,4,6,0,1,61,33,17,12,9,1,6
2025-3045,Manama 2,Hard,32,C,O,20251124,28,B0PN,,,Matisse Bobichon,R,185,FRA,23.855,804,32,RC04,,,Alexander Ritschard,R,193,SUI,31.671,527,78,2-6 6-4 6-2,3,QF,123,8,6,94,49,35,25,13,7,9,3,7,77,39,29,19,13,4,7
2025-3045,Manama 2,Hard,32,C,O,20251124,29,S0O6,2,,Ilia Simakin,R,193,RUS,22.078,281,190,B0OV,6,,Petr Brunclik,L,188,CZE,19.357,330,154,1-6 7-6(4) 6-3,3,SF,131,7,1,115,71,46,20,15,10,15,5,5,71,42,35,13,13,1,4
2025-3045,Manama 2,Hard,32,C,O,20251124,30,S0TM,,,Toby Samuel,R,191,GBR,23.217,329,154,B0PN,,,Matisse Bobichon,R,185,FRA,23.855,804,32,6-3 6-2,3,SF,63,1,1,51,31,20,13,9,2,4,3,3,46,26,11,9,8,3,8
2025-3045,Manama 2,Hard,32,C,O,20251124,31,S0TM,,,Toby Samuel,R,191,GBR,23.217,329,154,S0O6,2,,Ilia Simakin,R,193,RUS,22.078,281,190,6-0 6-2,3,F,48,0,0,38,21,14,11,7,0,1,0,2,46,29,12,4,7,6,12
2025-3051,Islamabad,Hard,32,C,O,20251124,1,B0V0,,,Nikita Bilozertsev,L,183,UKR,16.988,832,28,P0EA,3,,Saba Purtseladze,R,191,GEO,24.263,287,183,6-2 3-0 RET,3,R32,54,3,2,28,15,13,8,5,1,1,2,5,49,25,11,10,6,8,12
2025-3051,Islamabad,Hard,32,C,O,20251124,2,Y171,4,,Denis Yevseyev,R,188,KAZ,32.509,404,119,G0O5,,,Ivan Gretskiy,R,191,RUS,19.718,1156,10,7-6(7) 6-3,3,R32,92,0,1,81,61,36,11,11,2,5,3,13,82,35,29,14,10,7,11
2025-3051,Islamabad,Hard,32,C,O,20251124,3,U176,5,,Vadym Ursu,R,183,UKR,28.895,446,102,S0HP,,,Muhammad Shoaib,,,PAK,23.773,,,6-3 6-7(9) 6-3,3,R32,162,4,7,144,88,53,24,16,11,16,2,3,91,30,18,30,14,6,13
2025-3051,Islamabad,Hard,32,C,O,20251124,4,A09Q,6,,Mert Alkaya,R,178,TUR,25.446,473,92,I308,,,Samir Iftikhar,,,PAK,33.673,1744,1,6-2 6-2,3,R32,64,2,1,46,23,18,13,8,2,3,0,3,50,39,19,4,8,6,11
2025-3051,Islamabad,Hard,32,C,O,20251124,5,B0JG,7,,Leo Borg,R,183,SWE,22.53,549,73,U0A3,,,Matthias Ujvary,R,180,AUT,21.388,1075,13,6-2 6-4,3,R32,78,2,1,57,42,32,8,9,1,1,4,2,56,33,22,10,9,1,4
2025-3051,Islamabad,Hard,32,C,O,20251124,6,P0E9,8,,Dominik Palan,R,191,CZE,25.15,556,71,HB18,,,Alp Horoz,R,180,TUR,30.576,1325,6,6-3 6-4,3,R32,83,8,3,55,37,29,12,10,0,0,2,1,57,45,32,4,9,2,4
2025-3051,Islamabad,Hard,32,C,O,20251124,7,B0M8,,,Leonardo Borrelli,R,183,ITA,20.457,2106,1,BM09,,,Lawrence Bataljin,R,173,AUS,29.509,1506,4,7-6(5) 6-1,3,R32,100,4,3,89,59,44,15,10,7,7,0,2,58,33,22,15,9,4,6
2025-3051,Islamabad,Hard,32,C,O,20251124,8,C0MX,,,Dragos Nicolae Cazacu,L,180,ROU,21.788,881,25,B0G6,,,Preston Brown,L,198,USA,24.255,1227,8,7-6(2) 6-4,3,R32,109,2,1,75,55,41,12,11,5,6,11,3,79,52,40,9,11,6,8
2025-3051,Islamabad,Hard,32,C,O,20251124,9,D0L8,,,Timofei Derepasko,R,188,RUS,18.88,797,33,KI91,,,Koray Kirci,R,185,TUR,27.272,1022,15,6-0 6-3,3,R32,60,6,2,40,27,21,9,8,0,1,0,2,49,36,16,5,7,3,8
2025-3051,Islamabad,Hard,32,C,O,20251124,10,D0HS,,,Dinko Dinev,R,188,BUL,21.78,757,37,K425,,,Aqeel Khan,R,,PAK,45.818,1582,1,4-6 7-6(5) 6-1,3,R32,150,8,8,113,68,49,24,15,10,12,4,6,92,49,37,18,14,3,6
2025-3051,Islamabad,Hard,32,C,O,20251124,11,M0FS,,,Muzammil Murtaza,,,PAK,26.034,1720,1,K0D6,,,Yousaf Khalil,,,PAK,26.65,1582,1,6-3 3-6 6-2,3,R32,102,0,4,76,41,31,21,13,1,2,0,9,89,53,41,14,13,9,12
2025-3051,Islamabad,Hard,32,C,O,20251124,12,N830,,,Johan Nikles,R,173,SUI,28.674,584,65,A0IN,,,Adrian Arcon,R,198,AUS,24.263,,,6-1 6-1,3,R32,63,4,2,37,22,17,11,7,0,0,2,2,55,31,17,6,7,5,10
2025-3051,Islamabad,Hard,32,C,O,20251124,13,S0YI,,,Zach Stephens,R,191,GBR,19.507,1802,2,S0NY,,,Gokberk Saritas,R,185,TUR,22.355,1413,5,6-1 6-0,3,R32,41,3,0,26,21,19,5,6,0,0,1,3,37,25,9,1,7,2,8
2025-3051,Islamabad,Hard,32,C,O,20251124,14,T0E0,,,Gian Luca Tanner,R,191,SUI,24.865,859,26,A0AV,,,Alexey Aleshchev,R,185,RUS,26.908,1410,5,6-1 6-3,3,R32,82,2,2,51,29,21,15,8,2,2,2,2,61,42,22,8,8,4,8
2025-3051,Islamabad,Hard,32,C,O,20251124,15,Y218,1,,Elias Ymer,R,185,SWE,29.624,172,335,C0MX,,,Dragos Nicolae Cazacu,L,180,ROU,21.788,881,25,6-3 6-1,3,R16,65,3,3,48,21,18,14,8,1,2,1,2,56,36,18,7,8,4,9
2025-3051,Islamabad,Hard,32,C,O,20251124,16,CI14,2,,Jay Clarke,R,183,GBR,27.329,200,292,D0HS,,,Dinko Dinev,R,188,BUL,21.78,757,37,6-2 6-7(1) 6-2,3,R16,121,6,2,80,36,32,25,14,2,3,5,5,91,56,37,16,14,9,14
2025-3051,Islamabad,Hard,32,C,O,20251124,17,Y171,4,,Denis Yevseyev,R,188,KAZ,32.509,404,119,M0FS,,,Muzammil Murtaza,,,PAK,26.034,1720,1,6-1 6-0,3,R16,43,2,1,45,31,23,6,7,1,2,0,3,37,25,6,4,6,4,10
2025-3051,Islamabad,Hard,32,C,O,20251124,18,U176,5,,Vadym Ursu,R,183,UKR,28.895,446,102,D0L8,,,Timofei Derepasko,R,188,RUS,18.88,797,33,6-2 6-1,3,R16,73,3,6,57,35,23,11,8,3,5,0,2,52,26,11,9,7,6,12
2025-3051,Islamabad,Hard,32,C,O,20251124,19,A09Q,6,,Mert Alkaya,R,178,TUR,25.446,473,92,T0E0,,,Gian Luca Tanner,R,191,SUI,24.865,859,26,5-7 6-3 6-4,3,R16,119,14,4,101,50,37,24,16,4,8,5,8,94,53,35,19,15,3,8
2025-3051,Islamabad,Hard,32,C,O,20251124,20,N830,,,Johan Nikles,R,173,SUI,28.674,584,65,B0JG,7,,Leo Borg,R,183,SWE,22.53,549,73,6-4 2-6 7-5,3,R16,146,0,4,117,80,45,17,15,9,15,6,5,99,58,35,18,15,5,11
2025-3051,Islamabad,Hard,32,C,O,20251124,21,P0E9,8,,Dominik Palan,R,191,CZE,25.15,556,71,B0M8,,,Leonardo Borrelli,R,183,ITA,20.457,2106,1,7-6(6) 6-4,3,R16,98,6,4,65,43,40,8,11,2,3,5,11,72,38,27,18,11,1,3
2025-3051,Islamabad,Hard,32,C,O,20251124,22,S0YI,,,Zach Stephens,R,191,GBR,19.507,1802,2,B0V0,,,Nikita Bilozertsev,L,183,UKR,16.988,832,28,4-6 7-6(2) 5-0 RET,3,R16,161,1,3,90,55,39,19,13,3,5,6,10,89,53,33,18,14,4,8
2025-3051,Islamabad,Hard,32,C,O,20251124,23,A09Q,6,,Mert Alkaya,R,178,TUR,25.446,473,92,Y218,1,,Elias Ymer,R,185,SWE,29.624,172,335,7-6(8) 4-6 6-0,3,QF,125,8,3,103,54,43,24,14,9,11,9,6,97,52,37,24,14,4,8
2025-3051,Islamabad,Hard,32,C,O,20251124,24,CI14,2,,Jay Clarke,R,183,GBR,27.329,200,292,U176,5,,Vadym Ursu,R,183,UKR,28.895,446,102,6-3 4-6 7-6(6),3,QF,149,3,3,97,59,41,18,15,3,7,1,1,99,53,36,23,16,3,8
2025-3051,Islamabad,Hard,32,C,O,20251124,25,Y171,4,,Denis Yevseyev,R,188,KAZ,32.509,404,119,N830,,,Johan Nikles,R,173,SUI,28.674,584,65,4-6 6-1 6-3,3,QF,91,5,4,68,47,33,8,13,2,6,0,3,83,49,27,13,13,12,19
2025-3051,Islamabad,Hard,32,C,O,20251124,26,S0YI,,,Zach Stephens,R,191,GBR,19.507,1802,2,P0E9,8,,Dominik Palan,R,191,CZE,25.15,556,71,7-5 6-3,3,QF,89,2,3,61,45,37,7,11,1,2,3,8,64,37,30,10,10,3,6
2025-3051,Islamabad,Hard,32,C,O,20251124,27,CI14,2,,Jay Clarke,R,183,GBR,27.329,200,292,S0YI,,,Zach Stephens,R,191,GBR,19.507,1802,2,7-5 6-3,3,SF,89,7,1,56,33,29,18,11,2,2,2,2,62,35,25,14,10,2,4
2025-3051,Islamabad,Hard,32,C,O,20251124,28,A09Q,6,,Mert Alkaya,R,178,TUR,25.446,473,92,Y171,4,,Denis Yevseyev,R,188,KAZ,32.509,404,119,6-7(7) 6-1 6-3,3,SF,103,9,1,88,50,34,27,14,3,4,5,2,107,74,47,11,14,5,10
2025-3051,Islamabad,Hard,32,C,O,20251124,29,CI14,2,,Jay Clarke,R,183,GBR,27.329,200,292,A09Q,6,,Mert Alkaya,R,178,TUR,25.446,473,92,6-3 6-1,3,F,60,3,2,44,25,23,11,8,1,1,6,3,54,33,21,7,8,4,8
2025-7586,Playford,Hard,32,C,O,20251124,1,D994,1,,James Duckworth,R,183,AUS,33.843,87,690,I426,,,Masamichi Imamura,R,178,JPN,27.003,544,74,6-3 6-2,3,R32,62,6,0,53,34,27,12,9,2,2,2,0,46,31,18,6,8,2,5
2025-7586,Playford,Hard,32,C,O,20251124,2,H0BH,2,,Rinky Hijikata,R,178,AUS,24.75,125,489,K0DE,,,Takuya Kumasaka,R,175,JPN,27.118,477,91,6-2 6-0,3,R32,57,1,4,48,28,22,10,7,1,1,1,1,40,17,8,9,7,3,8
2025-7586,Playford,Hard,32,C,O,20251124,3,TA46,3,,Bernard Tomic,R,196,AUS,33.092,183,319,G09C,,,Marek Gengel,R,185,CZE,30.188,312,165,6-2 6-3,3,R32,54,11,0,38,28,23,7,8,0,1,6,7,68,36,20,14,9,6,11
2025-7586,Playford,Hard,32,C,O,20251124,4,BI81,4,,Alex Bolt,L,183,AUS,32.884,185,317,B0EK,,,Moerani Bouzige,R,180,AUS,26.368,316,164,6-4 6-2,3,R32,70,10,1,51,40,31,8,9,4,4,5,2,56,31,23,10,9,6,9
2025-7586,Playford,Hard,32,C,O,20251124,5,KB95,5,,Jason Kubler,R,178,AUS,32.517,188,315,TC01,,,Li Tu,R,183,AUS,29.495,313,164,6-3 6-3,3,R32,71,4,1,45,31,25,8,9,0,1,6,4,51,25,19,9,9,0,4
2025-7586,Playford,Hard,32,C,O,20251124,6,M0OQ,6,,James McCabe,R,188,AUS,22.39,194,303,B0I5,,,Blaise Bicknell,R,191,JAM,23.995,506,84,6-4 6-1,3,R32,55,4,1,36,25,23,9,8,0,0,4,2,60,44,27,3,9,5,9
2025-7586,Playford,Hard,32,C,O,20251124,7,S0IA,7,,Dane Sweeny,R,170,AUS,24.78,209,281,BU78,,,Finn Bass,R,180,GBR,26.127,992,17,3-6 6-1 6-3,3,R32,103,5,0,77,47,34,17,13,2,4,11,6,66,39,29,11,12,3,7
2025-7586,Playford,Hard,32,C,O,20251124,8,N09U,8,,Rio Noguchi,R,168,JPN,26.908,241,236,DC38,,,Jake Delaney,R,185,AUS,28.531,462,96,6-2 6-4,3,R32,84,2,1,54,38,26,12,9,3,4,6,7,74,43,27,11,9,12,16
2025-7586,Playford,Hard,32,C,O,20251124,9,M0TE,,,Pavle Marinkov,R,188,AUS,19.803,588,64,EA27,,,Blake Ellis,R,191,AUS,26.883,497,86,2-6 6-3 6-4,3,R32,134,6,6,92,52,36,16,14,4,8,11,1,86,58,37,14,13,8,12
2025-7586,Playford,Hard,32,C,O,20251124,10,MI01,,,Hiroki Moriya,R,168,JPN,35.107,471,92,LI10,,,Christian Langmo,R,191,USA,29.481,335,153,6-4 6-3,3,R32,81,0,2,62,40,30,11,10,2,3,9,1,49,28,20,9,9,0,3
2025-7586,Playford,Hard,32,C,O,20251124,11,O0BI,,,Carl Emil Overbeck,R,193,DEN,24.287,597,62,D0A2,,,Matthew Dellavedova,R,191,AUS,25.487,419,114,3-6 7-5 6-2,3,R32,120,6,4,78,54,43,11,14,1,3,2,3,111,72,48,20,15,9,13
2025-7586,Playford,Hard,32,C,O,20251124,12,PG94,,,Marc Polmans,R,188,AUS,28.564,415,115,M0SC,,,Hayato Matsuoka,R,180,JPN,20.857,368,136,4-6 6-4 6-1,3,R32,142,2,5,100,70,48,13,14,7,9,4,4,80,50,34,15,13,5,9
2025-7586,Playford,Hard,32,C,O,20251124,13,S0U5,,,Tai Sach,R,178,AUS,23.19,647,53,W857,,,Tung-Lin Wu,R,188,TPE,27.537,395,123,7-5 3-6 6-2,3,R32,147,6,6,102,56,37,22,15,6,10,3,3,104,68,42,16,14,11,16
2025-7586,Playford,Hard,32,C,O,20251124,14,S0TI,,,Philip Sekulic,R,191,AUS,22.22,480,90,H0K0,,,Cruz Hewitt,R,185,AUS,16.953,722,41,7-5 6-2,3,R32,99,6,1,62,47,31,9,10,5,7,4,10,83,42,24,18,10,6,11
2025-7586,Playford,Hard,32,C,O,20251124,15,S0C2,,,Hikaru Shiraishi,R,168,JPN,25.509,436,108,M0G0,,,Ryuki Matsuda,R,157,JPN,25.908,533,76,6-4 3-6 7-5,3,R32,173,2,2,91,56,41,14,15,7,11,1,1,103,54,36,25,16,5,10
2025-7586,Playford,Hard,32,C,O,20251124,16,S0RI,,,Karan Singh,R,185,IND,22.404,479,91,I0AX,,,Kokoro Isomura,R,175,JPN,22.839,540,75,5-7 6-4 6-3,3,R32,132,13,4,98,50,39,20,15,6,9,2,3,111,69,43,23,16,8,13
2025-7586,Playford,Hard,32,C,O,20251124,17,D994,1,,James Duckworth,R,183,AUS,33.843,87,690,S0RI,,,Karan Singh,R,185,IND,22.404,479,91,6-4 6-1,3,R16,69,4,2,54,42,31,6,8,3,3,3,2,62,40,23,8,9,6,10
2025-7586,Playford,Hard,32,C,O,20251124,18,H0BH,2,,Rinky Hijikata,R,178,AUS,24.75,125,489,S0U5,,,Tai Sach,R,178,AUS,23.19,647,53,6-3 6-2,3,R16,68,2,2,60,39,26,13,9,1,2,3,5,48,28,14,10,8,4,8
2025-7586,Playford,Hard,32,C,O,20251124,19,S0TI,,,Philip Sekulic,R,191,AUS,22.22,480,90,TA46,3,,Bernard Tomic,R,196,AUS,33.092,183,319,3-6 7-6(4) 6-4,3,R16,137,6,1,118,85,54,18,16,11,15,11,2,88,63,45,13,15,2,5
2025-7586,Playford,Hard,32,C,O,20251124,20,BI81,4,,Alex Bolt,L,183,AUS,32.884,185,317,M0TE,,,Pavle Marinkov,R,188,AUS,19.803,588,64,6-3 7-5,3,R16,89,6,0,66,45,34,10,11,1,3,1,5,59,30,21,13,10,2,6
2025-7586,Playford,Hard,32,C,O,20251124,21,O0BI,,,Carl Emil Overbeck,R,193,DEN,24.287,597,62,KB95,5,,Jason Kubler,R,178,AUS,32.517,188,315,6-3 3-1 RET,3,R16,57,5,2,43,28,24,5,7,0,0,5,2,42,27,20,4,6,3,5
2025-7586,Playford,Hard,32,C,O,20251124,22,M0OQ,6,,James McCabe,R,188,AUS,22.39,194,303,PG94,,,Marc Polmans,R,188,AUS,28.564,415,115,6-2 7-6(3),3,R16,109,5,3,66,41,34,10,10,3,5,3,5,82,56,32,14,10,9,13
2025-7586,Playford,Hard,32,C,O,20251124,23,S0IA,7,,Dane Sweeny,R,170,AUS,24.78,209,281,S0C2,,,Hikaru Shiraishi,R,168,JPN,25.509,436,108,6-2 6-4,3,R16,,,,,,,,,,,,,,,,,,,
2025-7586,Playford,Hard,32,C,O,20251124,24,N09U,8,,Rio Noguchi,R,168,JPN,26.908,241,236,MI01,,,Hiroki Moriya,R,168,JPN,35.107,471,92,6-4 6-4,3,R16,103,2,2,54,36,25,9,10,0,2,0,6,75,37,18,20,10,5,9
2025-7586,Playford,Hard,32,C,O,20251124,25,D994,1,,James Duckworth,R,183,AUS,33.843,87,690,N09U,8,,Rio Noguchi,R,168,JPN,26.908,241,236,7-6(5) 6-2,3,QF,88,7,0,59,42,33,11,10,5,6,3,1,72,52,31,10,10,6,9
2025-7586,Playford,Hard,32,C,O,20251124,26,H0BH,2,,Rinky Hijikata,R,178,AUS,24.75,125,489,M0OQ,6,,James McCabe,R,188,AUS,22.39,194,303,7-6(2) 6-2,3,QF,104,1,2,57,36,30,15,10,0,0,12,2,67,45,34,7,10,2,4
2025-7586,Playford,Hard,32,C,O,20251124,27,BI81,4,,Alex Bolt,L,183,AUS,32.884,185,317,O0BI,,,Carl Emil Overbeck,R,193,DEN,24.287,597,62,7-6(5) 6-4,3,QF,99,8,0,64,45,35,14,11,2,3,7,5,76,44,34,14,11,4,6
2025-7586,Playford,Hard,32,C,O,20251124,28,S0IA,7,,Dane Sweeny,R,170,AUS,24.78,209,281,S0TI,,,Philip Sekulic,R,191,AUS,22.22,480,90,6-2 6-4,3,QF,82,4,1,47,30,22,13,9,0,1,4,2,77,49,30,10,9,10,14
2025-7586,Playford,Hard,32,C,O,20251124,29,S0IA,7,,Dane Sweeny,R,170,AUS,24.78,209,281,D994,1,,James Duckworth,R,183,AUS,33.843,87,690,7-6(6) 5-7 7-6(5),3,SF,181,3,2,122,83,59,24,18,5,8,5,3,134,84,64,22,18,8,10
2025-7586,Playford,Hard,32,C,O,20251124,30,H0BH,2,,Rinky Hijikata,R,178,AUS,24.75,125,489,BI81,4,,Alex Bolt,L,183,AUS,32.884,185,317,6-3 6-3,3,SF,81,7,1,67,48,35,5,9,9,11,1,0,64,47,22,9,9,2,7
2025-7586,Playford,Hard,32,C,O,20251124,31,H0BH,2,,Rinky Hijikata,R,178,AUS,24.75,125,489,S0IA,7,,Dane Sweeny,R,170,AUS,24.78,209,281,6-0 6-7(8) 6-4,3,F,148,5,2,108,70,48,18,14,10,13,2,3,95,63,35,17,14,8,15
2025-8312,Maia,Clay,32,C,I,20251124,1,CH12,1,,Jan Choinski,R,196,GBR,29.457,128,484,F0F4,,,Kilian Feldbausch,R,191,SUI,20.214,353,142,6-1 7-6(5),3,R32,97,2,0,58,36,27,10,10,0,2,2,0,66,47,24,9,9,8,12
2025-8312,Maia,Clay,32,C,I,20251124,2,J09X,,,Filip Cristian Jianu,R,180,ROU,24.183,286,184,F0F2,2,,Jaime Faria,R,188,POR,22.303,152,405,7-5 6-3,3,R32,95,2,1,72,46,27,13,10,7,10,10,4,69,36,25,10,11,3,9
2025-8312,Maia,Clay,32,C,I,20251124,3,M0K4,3,,Elmer Moller,R,183,DEN,22.379,147,417,A0ES,,,Pedro Araujo,R,183,PRT,23.666,594,63,6-4 6-4,3,R32,91,0,1,60,40,27,7,10,2,5,0,0,77,55,28,10,10,8,13
2025-8312,Maia,Clay,32,C,I,20251124,4,R0GO,4,,Henrique Rocha,R,180,POR,21.634,155,401,E698,,,Gastao Elias,R,180,POR,35.001,381,130,5-7 6-3 6-1,3,R32,135,1,3,78,53,43,13,14,3,4,4,2,90,48,32,20,14,4,8
2025-8312,Maia,Clay,32,C,I,20251124,5,M0N7,5,,Daniel Merida,R,188,ESP,21.161,170,342,C0NN,,,Gianluca Cadenasso,R,175,ITA,21.153,310,167,6-4 6-4,3,R32,108,1,1,80,56,40,11,10,4,5,0,3,83,52,33,14,10,6,9
2025-8312,Maia,Clay,32,C,I,20251124,6,GA79,7,,Lorenzo Giustino,R,180,ITA,34.207,208,284,C0B2,,,Cezar Cretu,R,188,ROU,24.586,386,128,7-5 6-4,3,R32,114,3,1,56,34,24,18,11,0,1,2,0,91,62,39,13,11,15,18
2025-8312,Maia,Clay,32,C,I,20251124,7,D0CN,,,Miguel Damas,R,208,ESP,25.927,328,157,KH56,8,,Zdenek Kolar,R,183,CZE,29.125,175,331,6-7(5) 6-3 6-2,3,R32,143,2,2,80,38,26,27,14,1,3,3,8,115,72,48,14,15,5,11
2025-8312,Maia,Clay,32,C,I,20251124,8,BU54,,,Geoffrey Blancaneaux,R,180,FRA,27.296,264,207,N679,,,Stefano Napolitano,R,196,ITA,30.623,447,101,6-2 6-1,3,R32,68,6,2,49,31,25,9,8,2,3,1,2,39,27,12,4,7,2,7
2025-8312,Maia,Clay,32,C,I,20251124,9,SN54,,,Frederico Ferreira Silva,L,178,POR,30.689,253,217,B0PE,,,Federico Bondioli,L,185,ITA,20.526,398,121,3-6 6-3 7-5,3,R32,179,3,3,103,85,60,6,15,7,9,10,5,103,63,46,18,15,9,12
2025-8312,Maia,Clay,32,C,I,20251124,10,L0C1,,,Carlos Lopez Montagud,R,180,ESP,25.385,551,72,P0K4,,,Tiago Pereira,R,0,PRT,21.429,265,206,6-3 6-2,3,R32,96,0,1,53,43,30,5,9,3,5,3,1,75,48,26,10,8,7,12
2025-8312,Maia,Clay,32,C,I,20251124,11,M0GY,,,Lilian Marmousez,R,180,FRA,23.89,355,141,A0AB,,,Adrian Andreev,R,175,BUL,24.537,874,25,6-4 6-7(0) 6-2,3,R32,147,4,4,103,56,35,25,15,8,11,6,2,95,65,39,16,15,4,10
2025-8312,Maia,Clay,32,C,I,20251124,12,MF35,,,Andrej Martin,R,183,SVK,36.178,393,124,GE28,,,Ivan Gakhov,L,191,RUS,29.054,257,213,3-6 6-4 6-4,3,R32,115,1,3,88,53,36,18,15,1,5,3,0,94,72,41,13,14,3,7
2025-8312,Maia,Clay,32,C,I,20251124,13,M0E1,,,Daniel Michalski,R,180,POL,25.87,258,212,CN44,,,Tomas Curras Abasolo,R,173,ESP,25.563,777,35,3-6 6-4 6-4,3,R32,160,3,4,90,43,25,17,15,3,11,0,2,112,89,43,11,14,10,18
2025-8312,Maia,Clay,32,C,I,20251124,14,S0CG,,,Carlos Sanchez Jover,L,173,ESP,25.344,336,152,S0GZ,,,Nikolas Sanchez Izquierdo,R,185,ESP,26.697,301,173,6-4 6-1,3,R32,80,1,2,57,42,29,6,9,2,4,0,0,49,35,14,6,8,3,8
2025-8312,Maia,Clay,32,C,I,20251124,15,S0Y0,,,Andres Santamarta Roig,R,180,ESP,18.836,674,49,R0F6,,,Francisco Rocha,R,185,PRT,26.141,767,36,6-4 6-4,3,R32,102,1,1,58,37,23,10,10,2,5,1,3,65,31,18,14,10,4,9
2025-8312,Maia,Clay,32,C,I,20251124,16,V717,,,Alexey Vatutin,R,178,RUS,33.076,413,116,AA27,,,Franco Agamenone,R,191,ITA,32.611,305,170,2-6 6-1 7-5,3,R32,111,2,5,80,42,27,17,13,2,7,3,1,93,66,35,12,14,2,9
2025-8312,Maia,Clay,32,C,I,20251124,17,CH12,1,,Jan Choinski,R,196,GBR,29.457,128,484,SN54,,,Frederico Ferreira Silva,L,178,POR,30.689,253,217,6-2 4-6 7-5,3,R16,149,8,2,91,63,41,14,15,5,9,1,1,90,65,37,12,15,6,12
2025-8312,Maia,Clay,32,C,I,20251124,18,M0K4,3,,Elmer Moller,R,183,DEN,22.379,147,417,M0E1,,,Daniel Michalski,R,180,POL,25.87,258,212,2-6 6-4 7-6(6),3,R16,160,4,5,102,56,37,17,15,7,13,5,3,123,77,47,21,15,11,16
2025-8312,Maia,Clay,32,C,I,20251124,19,V717,,,Alexey Vatutin,R,178,RUS,33.076,413,116,R0GO,4,,Henrique Rocha,R,180,POR,21.634,155,401,7-6(2) 6-2,3,R16,105,0,4,74,38,26,25,10,4,4,3,1,71,47,29,13,10,4,6
2025-8312,Maia,Clay,32,C,I,20251124,20,M0N7,5,,Daniel Merida,R,188,ESP,21.161,170,342,S0Y0,,,Andres Santamarta Roig,R,180,ESP,18.836,674,49,6-3 6-4,3,R16,84,1,1,68,47,34,7,10,4,6,0,1,61,40,22,11,9,3,7
2025-8312,Maia,Clay,32,C,I,20251124,21,MF35,,,Andrej Martin,R,183,SVK,36.178,393,124,GA79,7,,Lorenzo Giustino,R,180,ITA,34.207,208,284,6-4 3-4 RET,3,R16,93,5,2,64,37,23,13,8,7,9,3,3,64,43,31,5,9,7,10
2025-8312,Maia,Clay,32,C,I,20251124,22,J09X,,,Filip Cristian Jianu,R,180,ROU,24.183,286,184,S0CG,,,Carlos Sanchez Jover,L,173,ESP,25.344,336,152,6-3 5-7 6-2,3,R16,147,3,3,110,73,45,24,15,11,13,3,1,84,65,45,5,14,3,7
2025-8312,Maia,Clay,32,C,I,20251124,23,L0C1,,,Carlos Lopez Montagud,R,180,ESP,25.385,551,72,BU54,,,Geoffrey Blancaneaux,R,180,FRA,27.296,264,207,1-6 6-3 6-2,3,R16,150,0,3,92,75,49,7,12,10,12,2,2,76,51,34,12,12,1,4
2025-8312,Maia,Clay,32,C,I,20251124,24,M0GY,,,Lilian Marmousez,R,180,FRA,23.89,355,141,D0CN,,,Miguel Damas,R,208,ESP,25.927,328,157,7-5 7-6(2),3,R16,134,4,1,74,42,31,14,12,5,9,4,3,96,47,27,22,12,7,12
2025-8312,Maia,Clay,32,C,I,20251124,25,M0N7,5,,Daniel Merida,R,188,ESP,21.161,170,342,CH12,1,,Jan Choinski,R,196,GBR,29.457,128,484,6-3 7-5,3,QF,101,2,3,91,54,37,20,11,18,19,4,0,57,42,29,7,10,4,7
2025-8312,Maia,Clay,32,C,I,20251124,26,M0K4,3,,Elmer Moller,R,183,DEN,22.379,147,417,L0C1,,,Carlos Lopez Montagud,R,180,ESP,25.385,551,72,7-5 6-4,3,QF,100,1,4,64,40,26,13,11,1,4,0,5,67,51,31,3,11,2,7
2025-8312,Maia,Clay,32,C,I,20251124,27,M0GY,,,Lilian Marmousez,R,180,FRA,23.89,355,141,J09X,,,Filip Cristian Jianu,R,180,ROU,24.183,286,184,6-2 6-3,3,QF,81,5,1,53,29,23,14,9,3,4,1,0,56,44,25,5,8,6,10
2025-8312,Maia,Clay,32,C,I,20251124,28,MF35,,,Andrej Martin,R,183,SVK,36.178,393,124,V717,,,Alexey Vatutin,R,178,RUS,33.076,413,116,6-1 7-5,3,QF,72,10,1,59,37,32,11,10,0,0,0,2,61,30,23,14,9,6,9
2025-8312,Maia,Clay,32,C,I,20251124,29,M0K4,3,,Elmer Moller,R,183,DEN,22.379,147,417,M0N7,5,,Daniel Merida,R,188,ESP,21.161,170,342,6-3 6-4,3,SF,84,0,1,61,46,32,10,10,3,4,0,1,58,39,23,11,9,3,6
2025-8312,Maia,Clay,32,C,I,20251124,30,MF35,,,Andrej Martin,R,183,SVK,36.178,393,124,M0GY,,,Lilian Marmousez,R,180,FRA,23.89,355,141,3-6 6-3 6-2,3,SF,105,4,0,78,47,35,17,13,2,4,3,0,68,44,30,11,13,0,4
2025-8312,Maia,Clay,32,C,I,20251124,31,M0K4,3,,Elmer Moller,R,183,DEN,22.379,147,417,MF35,,,Andrej Martin,R,183,SVK,36.178,393,124,6-4 6-1,3,F,77,1,0,50,37,23,7,8,4,6,1,0,60,37,18,10,9,4,10
2025-9635,Manama,Hard,32,C,O,20251124,1,F724,1,,Marton Fucsovics,R,188,HUN,33.793,55,963,M0AW,,,Nicolas Mejia,R,183,COL,25.785,216,273,6-1 6-1,3,R32,76,3,1,35,21,16,12,7,0,0,1,1,54,40,20,4,7,7,12
2025-9635,Manama,Hard,32,C,O,20251124,2,H09P,,,Brandon Holt,R,185,USA,27.636,113,559,K09F,2,,Pavel Kotov,R,191,RUS,27.017,459,96,7-5 6-4,3,R32,119,5,1,87,68,44,12,11,7,8,1,1,71,45,31,10,11,10,13
2025-9635,Manama,Hard,32,C,O,20251124,3,D0C1,3,,Jesper de Jong,R,180,NED,25.484,76,763,KC56,,,Aslan Karatsev,R,185,RUS,32.222,378,131,2-6 7-6(2) 6-2,3,R32,146,9,2,96,58,46,16,14,5,8,5,1,93,57,38,18,14,8,11
2025-9635,Manama,Hard,32,C,O,20251124,4,K926,4,,Mikhail Kukushkin,R,183,KAZ,37.914,294,177,KD87,,,Evgeny Karlovskiy,R,191,RUS,31.299,798,33,6-2 6-3,3,R32,71,0,0,54,35,27,11,9,3,4,1,0,47,39,21,3,8,2,6
2025-9635,Manama,Hard,32,C,O,20251124,5,S0O6,,,Ilia Simakin,R,193,RUS,22.078,281,190,U134,5,,Yasutaka Uchiyama,R,183,JPN,33.303,309,167,7-6(2) 6-4,3,R32,103,10,1,60,35,31,18,11,2,2,4,0,73,50,33,14,11,4,5
2025-9635,Manama,Hard,32,C,O,20251124,6,DC76,,,Viktor Durasovic,R,185,NOR,28.684,242,235,BG23,6,,Nikoloz Basilashvili,R,185,GEO,33.752,109,573,6-3 3-6 7-6(6),3,R32,148,10,1,103,62,43,22,15,5,9,12,4,115,63,46,22,15,8,12
2025-9635,Manama,Hard,32,C,O,20251124,7,A0CJ,7,,Duje Ajdukovic,R,188,CRO,24.799,321,161,LB66,,,Constant Lestienne,R,180,FRA,33.506,354,141,4-6 6-4 7-6(4),3,R32,157,6,3,114,81,52,18,16,11,15,5,2,107,71,50,17,16,3,7
2025-9635,Manama,Hard,32,C,O,20251124,8,A0GC,8,,Terence Atmane,L,193,FRA,23.874,64,855,SX90,,,Fajing Sun,R,178,CHN,29.142,275,196,6-3 6-2,3,R32,74,7,3,51,33,28,10,9,0,0,1,0,62,43,26,8,8,7,10
2025-9635,Manama,Hard,32,C,O,20251124,9,B0U4,,,Nicolai Budkov Kjaer,R,191,NOR,19.231,133,464,A0AB,,,Adrian Andreev,R,175,BUL,24.537,874,25,7-5 1-0 RET,3,R32,62,11,1,41,28,21,5,7,3,5,2,1,36,23,11,7,6,1,4
2025-9635,Manama,Hard,32,C,O,20251124,10,DF88,,,Aziz Dougaz,L,188,TUN,28.665,299,174,BV21,,,Charles Broom,R,178,GBR,27.587,332,153,7-5 3-6 7-6(3),3,R32,160,11,2,103,69,56,16,16,0,1,7,4,129,88,65,20,17,12,13
2025-9635,Manama,Hard,32,C,O,20251124,11,E687,,,Daniel Evans,R,175,GBR,35.507,184,317,PD31,,,Benoit Paire,R,196,FRA,36.548,782,34,6-4 6-7(4) 6-2,3,R32,137,6,5,104,67,49,20,15,2,3,5,9,93,45,33,23,15,4,8
2025-9635,Manama,Hard,32,C,O,20251124,12,GK06,,,Alexis Galarneau,R,180,CAN,26.732,205,285,Y171,,,Denis Yevseyev,R,188,KAZ,32.509,404,119,7-6(1) 6-7(7) 6-3,3,R32,158,1,2,117,74,52,22,17,4,6,5,1,109,62,42,25,16,8,11
2025-9635,Manama,Hard,32,C,O,20251124,13,J09X,,,Filip Cristian Jianu,R,180,ROU,24.183,286,184,B0LQ,,,Petr Bar Biryukov,L,196,RUS,23.737,315,164,6-7(4) 6-0 6-3,3,R32,122,4,3,79,49,39,16,14,3,5,16,7,111,74,43,15,13,13,19
2025-9635,Manama,Hard,32,C,O,20251124,14,S0MN,,,Marat Sharipov,R,188,RUS,23.127,280,193,Z09Z,,,Beibit Zhukayev,R,198,KAZ,25.117,279,193,6-4 7-6(4),3,R32,88,9,1,66,42,34,17,11,0,0,12,1,76,53,43,9,11,4,5
2025-9635,Manama,Hard,32,C,O,20251124,15,VA08,,,Andrea Vavassori,R,193,ITA,30.557,343,147,KC33,,,Dimitar Kuzmanov,R,183,BUL,32.326,260,212,6-3 2-6 6-3,3,R32,118,14,1,81,59,39,12,13,4,7,3,1,79,61,36,10,13,3,7
2025-9635,Manama,Hard,32,C,O,20251124,16,W0BH,,,Coleman Wong,R,191,HKG,21.467,149,412,BP74,,,Aleksandre Bakshi,L,180,GEO,28.361,538,75,7-5 7-5,3,R32,101,14,2,84,56,44,9,12,4,6,5,1,80,56,35,11,12,6,10
2025-9635,Manama,Hard,32,C,O,20251124,17,F724,1,,Marton Fucsovics,R,188,HUN,33.793,55,963,DF88,,,Aziz Dougaz,L,188,TUN,28.665,299,174,6-2 6-3,3,R16,88,3,2,54,34,24,15,9,3,3,3,0,62,44,26,8,8,9,12
2025-9635,Manama,Hard,32,C,O,20251124,18,S0MN,,,Marat Sharipov,R,188,RUS,23.127,280,193,D0C1,3,,Jesper de Jong,R,180,NED,25.484,76,763,6-3 6-4,3,R16,68,10,0,52,34,27,11,10,1,2,5,3,50,27,23,9,9,4,7
2025-9635,Manama,Hard,32,C,O,20251124,19,VA08,,,Andrea Vavassori,R,193,ITA,30.557,343,147,K926,4,,Mikhail Kukushkin,R,183,KAZ,37.914,294,177,2-6 6-3 6-2,3,R16,108,5,2,83,50,38,16,13,5,7,2,0,65,51,33,10,12,3,6
2025-9635,Manama,Hard,32,C,O,20251124,20,A0CJ,7,,Duje Ajdukovic,R,188,CRO,24.799,321,161,J09X,,,Filip Cristian Jianu,R,180,ROU,24.183,286,184,6-1 2-6 7-5,3,R16,115,7,4,70,37,32,16,14,1,4,2,1,86,45,30,20,13,8,12
2025-9635,Manama,Hard,32,C,O,20251124,21,A0GC,8,,Terence Atmane,L,193,FRA,23.874,64,855,W0BH,,,Coleman Wong,R,191,HKG,21.467,149,412,6-1 6-4,3,R16,72,10,1,51,30,24,14,9,1,1,4,3,59,42,28,4,8,7,10
2025-9635,Manama,Hard,32,C,O,20251124,22,DC76,,,Viktor Durasovic,R,185,NOR,28.684,242,235,B0U4,,,Nicolai Budkov Kjaer,R,191,NOR,19.231,133,464,7-6(5) 6-2,3,R16,96,3,1,63,47,33,7,10,1,3,0,3,71,49,31,10,10,5,9
2025-9635,Manama,Hard,32,C,O,20251124,23,GK06,,,Alexis Galarneau,R,180,CAN,26.732,205,285,S0O6,,,Ilia Simakin,R,193,RUS,22.078,281,190,6-4 4-6 6-4,3,R16,142,5,4,107,70,50,21,15,11,12,15,3,89,66,51,11,15,5,7
2025-9635,Manama,Hard,32,C,O,20251124,24,H09P,,,Brandon Holt,R,185,USA,27.636,113,559,E687,,,Daniel Evans,R,175,GBR,35.507,184,317,4-6 7-5 7-5,3,R16,198,9,0,120,83,54,18,17,10,14,6,2,105,63,41,20,17,1,6
2025-9635,Manama,Hard,32,C,O,20251124,25,F724,1,,Marton Fucsovics,R,188,HUN,33.793,55,963,DC76,,,Viktor Durasovic,R,185,NOR,28.684,242,235,6-4 7-5,3,QF,102,4,0,56,37,30,13,11,0,1,1,1,75,44,27,15,11,3,6
2025-9635,Manama,Hard,32,C,O,20251124,26,S0MN,,,Marat Sharipov,R,188,RUS,23.127,280,193,A0CJ,7,,Duje Ajdukovic,R,188,CRO,24.799,321,161,4-6 7-6(4) 7-6(1),3,QF,148,20,2,100,67,53,20,17,2,4,8,4,125,77,54,27,17,11,12
2025-9635,Manama,Hard,32,C,O,20251124,27,H09P,,,Brandon Holt,R,185,USA,27.636,113,559,A0GC,8,,Terence Atmane,L,193,FRA,23.874,64,855,3-6 6-4 6-1,3,QF,116,2,0,80,66,44,8,13,2,4,12,3,78,51,36,12,13,3,7
2025-9635,Manama,Hard,32,C,O,20251124,28,VA08,,,Andrea Vavassori,R,193,ITA,30.557,343,147,GK06,,,Alexis Galarneau,R,180,CAN,26.732,205,285,6-2 6-1,3,QF,62,4,0,37,22,18,11,7,0,0,1,5,53,29,12,11,8,4,9
2025-9635,Manama,Hard,32,C,O,20251124,29,F724,1,,Marton Fucsovics,R,188,HUN,33.793,55,963,S0MN,,,Marat Sharipov,R,188,RUS,23.127,280,193,6-2 6-1,3,SF,63,3,2,37,24,20,9,7,1,1,1,3,59,32,16,11,8,7,12
2025-9635,Manama,Hard,32,C,O,20251124,30,VA08,,,Andrea Vavassori,R,193,ITA,30.557,343,147,H09P,,,Brandon Holt,R,185,USA,27.636,113,559,6-4 4-6 6-4,3,SF,151,9,5,117,67,47,24,15,7,10,2,1,93,68,44,11,15,7,11
2025-9635,Manama,Hard,32,C,O,20251124,31,F724,1,,Marton Fucsovics,R,188,HUN,33.793,55,963,VA08,,,Andrea Vavassori,R,193,ITA,30.557,343,147,6-3 6-7(3) 6-4,3,F,168,3,1,101,70,47,23,15,8,8,4,3,110,68,48,23,16,10,13
